,world,hole,sim,x_pos
0,2,1,0,151.04995570241172
1,2,1,1,243.76630033011878
2,2,1,2,176.41541629564585
3,2,1,3,168.80792925364207
4,2,1,4,181.20226291766028
5,2,1,5,122.11428098955072
6,2,1,6,168.76427583742887
7,2,1,7,180.15373305331607
8,2,1,8,97.9151649634718
9,2,1,9,199.51801208907335
10,2,1,10,139.7133153928767
11,2,1,11,150.48653208054472
12,2,1,12,354.553422814692
13,2,1,13,509.0428181503692
14,2,1,14,135.8905442622693
15,2,1,15,104.12302224370252
16,2,1,16,69.18589186553656
17,2,1,17,86.40979401833195
18,2,1,18,113.67584325108183
19,2,1,19,153.43821266865663
20,2,1,20,111.10627599209873
21,2,1,21,71.91387902530394
22,2,1,22,79.06416638217588
23,2,1,23,133.4462761710566
24,2,1,24,508.9193058840869
25,2,1,25,186.34806604495523
26,2,1,26,201.45270072852392
27,2,1,27,159.17392617824095
28,2,1,28,135.1123976511019
29,2,1,29,427.44165472070813
30,2,1,30,81.33831147011496
31,2,1,31,135.4353081861976
32,2,1,32,142.06085986521165
33,2,1,33,158.1650803127707
34,2,1,34,482.79533472397304
35,2,1,35,375.0260690784661
36,2,1,36,89.79926064697996
37,2,1,37,66.72441039144474
38,2,1,38,328.02284504214236
39,2,1,39,163.79573705081683
40,2,1,40,442.4672737538913
41,2,1,41,148.9819362644789
42,2,1,42,165.4496175748197
43,2,1,43,112.51192417546793
44,2,1,44,181.2310078163705
45,2,1,45,76.84729881187415
46,2,1,46,92.07927839272581
47,2,1,47,106.3426960857051
48,2,1,48,409.4991328339363
49,2,1,49,182.26945036485725
50,2,1,50,141.44564669428382
51,2,1,51,166.39936440203414
52,2,1,52,182.16905480595744
53,2,1,53,155.95854788343075
54,2,1,54,183.54200989425092
55,2,1,55,467.61244962882444
56,2,1,56,95.30053164110727
57,2,1,57,96.1761521573079
58,2,1,58,135.08019979632581
59,2,1,59,110.20832301407863
60,2,1,60,97.30799928227832
61,2,1,61,85.01455781043992
62,2,1,62,121.86149494537602
63,2,1,63,416.3508328003694
64,2,1,64,451.7164194634147
65,2,1,65,162.50602191739242
66,2,1,66,151.53306187032726
67,2,1,67,100.34546903700071
68,2,1,68,167.08019845976628
69,2,1,69,200.31389555524868
70,2,1,70,212.93127019180466
71,2,1,71,74.05067435321388
72,2,1,72,175.5465052878788
73,2,1,73,201.24808103396504
74,2,1,74,200.81740396004133
75,2,1,75,174.613402457306
76,2,1,76,75.74832385047475
77,2,1,77,132.216601001043
78,2,1,78,166.77133436489126
79,2,1,79,364.84187647895146
80,2,1,80,413.9620719230119
81,2,1,81,107.74354382824885
82,2,1,82,368.9968098555202
83,2,1,83,197.31583884825122
84,2,1,84,73.43194309814879
85,2,1,85,101.62798521250589
86,2,1,86,161.3079002675866
87,2,1,87,67.05677712819075
88,2,1,88,110.55607174298856
89,2,1,89,104.72882337050349
90,2,1,90,134.97858146547924
91,2,1,91,71.2706757243312
92,2,1,92,67.96983989103009
93,2,1,93,170.01495728691864
94,2,1,94,164.0450583947773
95,2,1,95,105.0019661515577
96,2,1,96,138.96064803656918
97,2,1,97,442.8375611329711
98,2,1,98,74.67958719067548
99,2,1,99,63.88596468430333
100,2,2,0,200.29909365721775
101,2,2,1,439.2776798203639
102,2,2,2,169.89477930963633
103,2,2,3,394.34856507018884
104,2,2,4,506.2751476628336
105,2,2,5,487.33228794548313
106,2,2,6,473.4038379275798
107,2,2,7,527.5109610253759
108,2,2,8,532.8782355080828
109,2,2,9,515.1982603712717
110,2,2,10,503.2417560896375
111,2,2,11,65.02032589454639
112,2,2,12,414.54730929437704
113,2,2,13,536.974580565864
114,2,2,14,460.88632461030613
115,2,2,15,533.5383431325893
116,2,2,16,142.52837765910218
117,2,2,17,456.83178922953715
118,2,2,18,463.5619523677621
119,2,2,19,505.37032973181925
120,2,2,20,124.94059280850738
121,2,2,21,521.2840505992925
122,2,2,22,439.33958614927866
123,2,2,23,487.25069330072427
124,2,2,24,466.70828365896534
125,2,2,25,168.36794378122931
126,2,2,26,538.4326278178721
127,2,2,27,421.65026731756154
128,2,2,28,471.0102992697503
129,2,2,29,173.7528210669285
130,2,2,30,478.62244207136837
131,2,2,31,498.3619354544856
132,2,2,32,523.3570758886264
133,2,2,33,505.37700507570025
134,2,2,34,503.60548141359
135,2,2,35,443.4941954164982
136,2,2,36,459.3174062396216
137,2,2,37,173.07490934801191
138,2,2,38,505.2658101729516
139,2,2,39,159.1347480052696
140,2,2,40,436.73029955204214
141,2,2,41,466.57600295871316
142,2,2,42,480.22398354274947
143,2,2,43,177.81042460486483
144,2,2,44,165.4705350490965
145,2,2,45,430.2773667938663
146,2,2,46,458.6675049621652
147,2,2,47,523.8988505058815
148,2,2,48,514.7033066140328
149,2,2,49,62.28878995605746
150,2,2,50,177.16398255222992
151,2,2,51,180.58334023607324
152,2,2,52,77.78023209065992
153,2,2,53,407.647288069741
154,2,2,54,525.165446936685
155,2,2,55,499.6977926920853
156,2,2,56,502.1636301050167
157,2,2,57,485.39621987534605
158,2,2,58,521.3425052325933
159,2,2,59,193.4110328363121
160,2,2,60,170.2711487435085
161,2,2,61,164.05795861539542
162,2,2,62,494.922762245193
163,2,2,63,456.84762418861794
164,2,2,64,140.86216678675797
165,2,2,65,469.03684159054757
166,2,2,66,486.8190362182411
167,2,2,67,515.859873802994
168,2,2,68,486.6580428251452
169,2,2,69,498.34376060507816
170,2,2,70,533.0657108934572
171,2,2,71,499.36384421451146
172,2,2,72,414.22852637586675
173,2,2,73,510.46697663198574
174,2,2,74,489.6953004198558
175,2,2,75,152.05634912697107
176,2,2,76,499.7700126648668
177,2,2,77,530.3195384165568
178,2,2,78,518.5622394911246
179,2,2,79,74.07839300111284
180,2,2,80,157.3302610264991
181,2,2,81,149.79628506220888
182,2,2,82,92.57319181351433
183,2,2,83,456.97115780235214
184,2,2,84,80.89341493085554
185,2,2,85,437.3238838822889
186,2,2,86,529.5866548685971
187,2,2,87,510.3863416288733
188,2,2,88,505.7871537079436
189,2,2,89,491.7959451011182
190,2,2,90,115.06916147784857
191,2,2,91,507.2157458716704
192,2,2,92,427.26771955968934
193,2,2,93,470.26050027347515
194,2,2,94,511.14080778486357
195,2,2,95,69.4425258881315
196,2,2,96,172.11415279075442
197,2,2,97,481.77442947494524
198,2,2,98,516.8201013425049
199,2,2,99,493.8463181631854
200,2,3,0,444.4096548929833
201,2,3,1,435.3951962737114
202,2,3,2,430.74422089212
203,2,3,3,453.13767235428656
204,2,3,4,500.52959960538595
205,2,3,5,376.552922798116
206,2,3,6,465.22683801353185
207,2,3,7,526.4331599221471
208,2,3,8,456.2753092224866
209,2,3,9,472.6611095391714
210,2,3,10,419.65110892401214
211,2,3,11,422.10990279893326
212,2,3,12,509.5199554729454
213,2,3,13,486.80225070284246
214,2,3,14,474.0689371012338
215,2,3,15,395.5542699275463
216,2,3,16,458.1128784268117
217,2,3,17,475.2635776974933
218,2,3,18,465.58461365073975
219,2,3,19,416.5611203738357
220,2,3,20,429.33467885975614
221,2,3,21,502.7387775838109
222,2,3,22,412.98743334965917
223,2,3,23,479.6301004179013
224,2,3,24,469.68783304694705
225,2,3,25,449.3417488824416
226,2,3,26,458.0417928595494
227,2,3,27,481.17037820529185
228,2,3,28,446.8780685836556
229,2,3,29,431.60967135909823
230,2,3,30,409.1852820251611
231,2,3,31,436.7277076690818
232,2,3,32,531.4088536128256
233,2,3,33,458.31487994057983
234,2,3,34,462.3787834380271
235,2,3,35,510.91989520285404
236,2,3,36,479.7429935545635
237,2,3,37,452.6109345013091
238,2,3,38,429.6170443085561
239,2,3,39,430.6371522580047
240,2,3,40,453.1132265628413
241,2,3,41,454.79141590113414
242,2,3,42,418.9756544938033
243,2,3,43,463.47388280101256
244,2,3,44,393.19442476213806
245,2,3,45,418.68907005542917
246,2,3,46,447.08797606633294
247,2,3,47,505.0134180333432
248,2,3,48,533.2462266527442
249,2,3,49,487.00206052504404
250,2,3,50,415.49385963937044
251,2,3,51,524.5085604761182
252,2,3,52,420.3484564619006
253,2,3,53,442.30794800182684
254,2,3,54,463.8890982628826
255,2,3,55,530.2943213545559
256,2,3,56,467.1001510114769
257,2,3,57,415.4747294746828
258,2,3,58,481.84655020873305
259,2,3,59,435.0907539490173
260,2,3,60,430.9313057871958
261,2,3,61,415.1592691115396
262,2,3,62,499.9616622209161
263,2,3,63,490.0097591704888
264,2,3,64,456.89569707114276
265,2,3,65,416.6042943882726
266,2,3,66,412.01808459902554
267,2,3,67,481.63900683659404
268,2,3,68,485.5982048772348
269,2,3,69,441.60245761675935
270,2,3,70,469.16728129646026
271,2,3,71,461.0552232347621
272,2,3,72,534.3387015524821
273,2,3,73,531.7915140600516
274,2,3,74,382.9292428658229
275,2,3,75,489.1585456282628
276,2,3,76,421.85994850896134
277,2,3,77,418.1379499134827
278,2,3,78,532.2804387392703
279,2,3,79,484.5067741184123
280,2,3,80,449.1226395737385
281,2,3,81,405.3827002666571
282,2,3,82,527.7943361741122
283,2,3,83,476.1164031851802
284,2,3,84,516.7989507481601
285,2,3,85,409.2307501363953
286,2,3,86,408.9172580398486
287,2,3,87,492.74997848180726
288,2,3,88,452.09694400337463
289,2,3,89,469.34832863639537
290,2,3,90,467.09414737173825
291,2,3,91,369.2728395570145
292,2,3,92,448.13537456301066
293,2,3,93,501.65995634365777
294,2,3,94,464.03852782417835
295,2,3,95,402.2569934621748
296,2,3,96,519.4028827173152
297,2,3,97,475.7923559071981
298,2,3,98,436.02710779321853
299,2,3,99,438.2173837451388
300,6,1,0,374.8820514958893
301,6,1,1,431.2102219808172
302,6,1,2,486.7519514079535
303,6,1,3,498.41234199104434
304,6,1,4,308.8748719250065
305,6,1,5,374.8857051381576
306,6,1,6,418.1576926839427
307,6,1,7,306.010102945421
308,6,1,8,471.02118424427834
309,6,1,9,506.8184171509904
310,6,1,10,405.9838114413725
311,6,1,11,508.17245772856444
312,6,1,12,280.2031971997256
313,6,1,13,258.9980565776692
314,6,1,14,478.56142768990344
315,6,1,15,264.44159140319016
316,6,1,16,384.66763216942337
317,6,1,17,264.5539888699579
318,6,1,18,511.63135770877216
319,6,1,19,287.77331002073345
320,6,1,20,479.4078658255776
321,6,1,21,380.4713904602876
322,6,1,22,405.35872547280525
323,6,1,23,432.4705815825433
324,6,1,24,384.29012141722626
325,6,1,25,343.48307890478856
326,6,1,26,478.9954989006765
327,6,1,27,360.0302801263338
328,6,1,28,377.8371082441775
329,6,1,29,256.2255980946582
330,6,1,30,420.0542338568959
331,6,1,31,501.09101911538113
332,6,1,32,535.7398322329097
333,6,1,33,524.0210879932974
334,6,1,34,530.0258901248737
335,6,1,35,343.52488252555884
336,6,1,36,393.9246493537924
337,6,1,37,328.84624223099877
338,6,1,38,457.2788426782452
339,6,1,39,453.4825032709016
340,6,1,40,329.9450074195172
341,6,1,41,279.05903973309364
342,6,1,42,387.11255638646907
343,6,1,43,310.30591032840744
344,6,1,44,351.2507756398908
345,6,1,45,535.6481483787658
346,6,1,46,472.18077920283497
347,6,1,47,347.8476647718876
348,6,1,48,347.15687892015575
349,6,1,49,392.8903977365037
350,6,1,50,467.4320498087421
351,6,1,51,296.36256117597827
352,6,1,52,499.04549494237995
353,6,1,53,505.56140919842477
354,6,1,54,433.9279770047846
355,6,1,55,342.93892260072425
356,6,1,56,472.599045183474
357,6,1,57,462.83997183504357
358,6,1,58,493.36932408052877
359,6,1,59,531.660830691375
360,6,1,60,289.3444767257495
361,6,1,61,364.3757564152678
362,6,1,62,401.7496681217543
363,6,1,63,381.4184172235871
364,6,1,64,355.82597825392753
365,6,1,65,282.7590505822747
366,6,1,66,318.7985213983219
367,6,1,67,461.6610358690943
368,6,1,68,432.0599048731766
369,6,1,69,522.5365994834717
370,6,1,70,316.5691092281448
371,6,1,71,365.91033573148553
372,6,1,72,466.3495819063491
373,6,1,73,511.99083051196146
374,6,1,74,425.33141301716324
375,6,1,75,354.7307102791651
376,6,1,76,531.7411040247647
377,6,1,77,338.2585190258448
378,6,1,78,462.2027053739323
379,6,1,79,325.70990441220516
380,6,1,80,410.5852254029536
381,6,1,81,533.7135497970658
382,6,1,82,354.59119890625215
383,6,1,83,399.25075535022097
384,6,1,84,297.56127224917685
385,6,1,85,343.4911355271002
386,6,1,86,520.680716357768
387,6,1,87,381.9276386026579
388,6,1,88,364.41027440980815
389,6,1,89,280.7731236006358
390,6,1,90,356.9684194333095
391,6,1,91,482.46721092476014
392,6,1,92,243.20333766932208
393,6,1,93,519.417289580422
394,6,1,94,279.2100717996639
395,6,1,95,445.7819671864474
396,6,1,96,446.71451205260865
397,6,1,97,502.1792374721816
398,6,1,98,495.23122600382703
399,6,1,99,519.3751358100772
400,6,2,0,339.1563658578552
401,6,2,1,274.41958274595913
402,6,2,2,294.9235631829846
403,6,2,3,274.66114343168397
404,6,2,4,303.44458001156664
405,6,2,5,307.6935514408381
406,6,2,6,260.11672905657815
407,6,2,7,280.1763895213104
408,6,2,8,311.9694785965502
409,6,2,9,354.22909983505997
410,6,2,10,324.0341675292739
411,6,2,11,302.8721703116254
412,6,2,12,268.14299456475567
413,6,2,13,261.41458839645406
414,6,2,14,267.9328625064671
415,6,2,15,304.6369327966466
416,6,2,16,302.04399256733905
417,6,2,17,284.2715447452757
418,6,2,18,284.0279236381286
419,6,2,19,276.2522826301345
420,6,2,20,314.05619423695646
421,6,2,21,285.91249992605174
422,6,2,22,305.6859055681107
423,6,2,23,331.32546481616214
424,6,2,24,324.62133239428175
425,6,2,25,290.47312513993455
426,6,2,26,307.403015753561
427,6,2,27,316.5896403727331
428,6,2,28,291.93082160434824
429,6,2,29,295.4067984522676
430,6,2,30,261.22513514164547
431,6,2,31,334.4781057182114
432,6,2,32,331.3249385007612
433,6,2,33,268.6187670619347
434,6,2,34,317.9565720003657
435,6,2,35,287.51645289759546
436,6,2,36,293.66155183161084
437,6,2,37,260.288101087926
438,6,2,38,286.6334800133471
439,6,2,39,338.88532543844593
440,6,2,40,289.55800699328944
441,6,2,41,261.73779642477564
442,6,2,42,295.1564669049722
443,6,2,43,354.240063371683
444,6,2,44,333.05120711860644
445,6,2,45,261.47198791614295
446,6,2,46,288.88696987027566
447,6,2,47,314.0974543835277
448,6,2,48,315.58830865797836
449,6,2,49,291.75877120102245
450,6,2,50,324.5960455250761
451,6,2,51,315.7110811236479
452,6,2,52,276.77874512191414
453,6,2,53,275.94137038523166
454,6,2,54,260.12241154083404
455,6,2,55,320.6556425128364
456,6,2,56,339.94648305030154
457,6,2,57,309.81247946838835
458,6,2,58,312.3236985033501
459,6,2,59,306.8450165048762
460,6,2,60,286.75062400501025
461,6,2,61,320.41028359901964
462,6,2,62,264.6917285505981
463,6,2,63,324.70498826427587
464,6,2,64,321.4790616293199
465,6,2,65,259.113788364031
466,6,2,66,312.56924458126474
467,6,2,67,309.2769323215672
468,6,2,68,299.6586616363454
469,6,2,69,254.23752377294687
470,6,2,70,300.7767301026921
471,6,2,71,288.1025531517759
472,6,2,72,299.75390092715566
473,6,2,73,294.6821277126872
474,6,2,74,298.3792946026029
475,6,2,75,305.39829588732204
476,6,2,76,353.9663727342091
477,6,2,77,306.20619272502836
478,6,2,78,324.38893594843586
479,6,2,79,302.16649064542395
480,6,2,80,275.5856400546387
481,6,2,81,303.03805791442284
482,6,2,82,304.4941489306987
483,6,2,83,293.04922918787287
484,6,2,84,247.04076763123504
485,6,2,85,307.15799991203704
486,6,2,86,324.36015731663844
487,6,2,87,338.8367511617061
488,6,2,88,337.2164569476115
489,6,2,89,268.7224121691917
490,6,2,90,304.506222178739
491,6,2,91,293.81270103528095
492,6,2,92,279.8088967649418
493,6,2,93,290.3059852870464
494,6,2,94,335.3988096746256
495,6,2,95,286.15229742198653
496,6,2,96,312.0270720739685
497,6,2,97,285.3284094254681
498,6,2,98,298.85882002981225
499,6,2,99,324.1007773983459
500,6,3,0,412.85148138850434
501,6,3,1,462.2500746859339
502,6,3,2,462.670088085414
503,6,3,3,429.0912486398935
504,6,3,4,460.147236654082
505,6,3,5,409.39609293217933
506,6,3,6,402.0635446511501
507,6,3,7,453.247793650377
508,6,3,8,446.8624320335301
509,6,3,9,401.9335460332304
510,6,3,10,434.8087268166487
511,6,3,11,435.208993725534
512,6,3,12,408.6697268892634
513,6,3,13,417.4562027822479
514,6,3,14,423.3564530070029
515,6,3,15,468.08207213088934
516,6,3,16,395.5215208982679
517,6,3,17,434.4145160237824
518,6,3,18,408.91211453570475
519,6,3,19,434.400330486166
520,6,3,20,451.490284909809
521,6,3,21,488.4688985553282
522,6,3,22,448.4336372811477
523,6,3,23,501.457877636537
524,6,3,24,465.5749649642826
525,6,3,25,459.4865594506219
526,6,3,26,412.577706290169
527,6,3,27,440.0563914420609
528,6,3,28,453.8045872077491
529,6,3,29,453.30456988296686
530,6,3,30,435.2637810454906
531,6,3,31,454.42858435461267
532,6,3,32,451.4086832759713
533,6,3,33,461.92070427561225
534,6,3,34,467.6084529324221
535,6,3,35,439.28604113024
536,6,3,36,450.9179528253465
537,6,3,37,488.8097543213416
538,6,3,38,463.0203639548259
539,6,3,39,424.39185821617554
540,6,3,40,442.6333496606981
541,6,3,41,401.48335240365395
542,6,3,42,424.2054056621607
543,6,3,43,474.0750320238738
544,6,3,44,444.247876977738
545,6,3,45,452.749859095361
546,6,3,46,468.31835816835724
547,6,3,47,453.4916810550656
548,6,3,48,444.69369178851224
549,6,3,49,412.03790464468375
550,6,3,50,440.1149224555971
551,6,3,51,475.31736415211896
552,6,3,52,471.64138498360757
553,6,3,53,432.7120375622521
554,6,3,54,484.91536757630706
555,6,3,55,442.9946000991042
556,6,3,56,459.0331027781435
557,6,3,57,443.0890827522137
558,6,3,58,486.15688742325574
559,6,3,59,440.5478429156677
560,6,3,60,469.33367213496615
561,6,3,61,409.09305504700586
562,6,3,62,450.3447665588725
563,6,3,63,442.7241402514784
564,6,3,64,401.18956145390933
565,6,3,65,429.66321935327716
566,6,3,66,440.28818055734473
567,6,3,67,441.21723862726844
568,6,3,68,413.4810288375719
569,6,3,69,412.77977941005105
570,6,3,70,458.60478952818795
571,6,3,71,453.470509459577
572,6,3,72,453.02860260739703
573,6,3,73,442.4668513219135
574,6,3,74,395.77268084696254
575,6,3,75,439.62851320421356
576,6,3,76,402.13810818775187
577,6,3,77,487.3363370131819
578,6,3,78,442.6240319816453
579,6,3,79,450.4790378940343
580,6,3,80,424.2360570674022
581,6,3,81,442.6987422129816
582,6,3,82,433.04050758007855
583,6,3,83,452.52255002300075
584,6,3,84,474.0251445622462
585,6,3,85,428.83944756853293
586,6,3,86,487.2230153131238
587,6,3,87,469.4655587263772
588,6,3,88,467.32265127415775
589,6,3,89,444.11939459158907
590,6,3,90,445.87421051623124
591,6,3,91,430.84685462267373
592,6,3,92,458.53453743379896
593,6,3,93,489.17023317612444
594,6,3,94,396.1967295243709
595,6,3,95,403.3685395615049
596,6,3,96,457.0831500746942
597,6,3,97,408.39628358114805
598,6,3,98,442.765867362717
599,6,3,99,446.46411576011735
600,9,1,0,107.40611901534218
601,9,1,1,109.73976571363806
602,9,1,2,253.9277286716977
603,9,1,3,243.66977553748222
604,9,1,4,84.45660055154482
605,9,1,5,110.4817574010128
606,9,1,6,64.69088606132824
607,9,1,7,260.3043245862186
608,9,1,8,125.05146759103248
609,9,1,9,279.40968608909526
610,9,1,10,250.91777953514202
611,9,1,11,136.4584976630269
612,9,1,12,139.31922940450016
613,9,1,13,362.7730949210648
614,9,1,14,131.40468037730523
615,9,1,15,85.20795946011052
616,9,1,16,130.0412449927803
617,9,1,17,91.72021214151358
618,9,1,18,406.79673077932006
619,9,1,19,125.7648259076524
620,9,1,20,132.34443270396466
621,9,1,21,67.79897211877585
622,9,1,22,305.79588225342076
623,9,1,23,89.1352589250689
624,9,1,24,125.09011799964257
625,9,1,25,133.49390224252684
626,9,1,26,123.20821755337016
627,9,1,27,152.04335549272068
628,9,1,28,121.7375485728151
629,9,1,29,119.71667363860318
630,9,1,30,110.46218470923857
631,9,1,31,289.3543294820668
632,9,1,32,85.66483851537456
633,9,1,33,65.72237668053211
634,9,1,34,100.91871822278242
635,9,1,35,117.99823412267926
636,9,1,36,308.99399728026935
637,9,1,37,69.14870321721062
638,9,1,38,125.74411656448696
639,9,1,39,120.90364969017286
640,9,1,40,150.91166403361515
641,9,1,41,142.71277962407225
642,9,1,42,81.32140638177228
643,9,1,43,102.94237772300741
644,9,1,44,89.65696182564515
645,9,1,45,259.5898892397821
646,9,1,46,83.36379998637462
647,9,1,47,152.48849445035037
648,9,1,48,135.6825585956675
649,9,1,49,108.40536360706004
650,9,1,50,76.93898578695936
651,9,1,51,113.96056291686413
652,9,1,52,121.11486877573043
653,9,1,53,260.1084308893728
654,9,1,54,67.73827298130398
655,9,1,55,261.94052834785293
656,9,1,56,95.41619162527401
657,9,1,57,137.6768537190703
658,9,1,58,315.7207107640535
659,9,1,59,119.86833699911979
660,9,1,60,63.64975196189266
661,9,1,61,81.17681332040351
662,9,1,62,121.54502671773123
663,9,1,63,339.65803690780814
664,9,1,64,144.39173529633956
665,9,1,65,113.3528945715729
666,9,1,66,256.8350310911214
667,9,1,67,138.169528389384
668,9,1,68,254.60268491018994
669,9,1,69,76.62118471644163
670,9,1,70,91.11266587399149
671,9,1,71,69.15042138225583
672,9,1,72,110.3930935391961
673,9,1,73,133.5221335769434
674,9,1,74,85.89994513918924
675,9,1,75,119.02479005984385
676,9,1,76,131.93281644942763
677,9,1,77,96.67213662704184
678,9,1,78,94.3324564692585
679,9,1,79,116.12987092785546
680,9,1,80,99.29626305223638
681,9,1,81,78.11764746278203
682,9,1,82,140.22255182637355
683,9,1,83,129.6148170885434
684,9,1,84,254.98761615958162
685,9,1,85,133.6862652596925
686,9,1,86,137.69051470308986
687,9,1,87,140.0454914287606
688,9,1,88,127.85994890837188
689,9,1,89,116.46824637038515
690,9,1,90,135.24671272443365
691,9,1,91,308.88585376685427
692,9,1,92,121.09909230367352
693,9,1,93,77.99621643139645
694,9,1,94,90.57098458041492
695,9,1,95,128.5973839466728
696,9,1,96,137.68911514348417
697,9,1,97,141.2560040465343
698,9,1,98,126.91685413397796
699,9,1,99,106.61609125052053
700,9,2,0,334.37583087220946
701,9,2,1,339.14673019656533
702,9,2,2,339.65021330788187
703,9,2,3,296.56901131452383
704,9,2,4,287.8916685151741
705,9,2,5,313.1694442766366
706,9,2,6,268.289453918861
707,9,2,7,335.8571606991089
708,9,2,8,307.1053480865531
709,9,2,9,304.109100869383
710,9,2,10,300.59704454700085
711,9,2,11,301.9871194348388
712,9,2,12,310.20483190202395
713,9,2,13,275.52130649268685
714,9,2,14,252.84630696904821
715,9,2,15,287.17071624375836
716,9,2,16,319.75049451964475
717,9,2,17,315.74804724340515
718,9,2,18,263.05856251659884
719,9,2,19,296.07500690723975
720,9,2,20,260.48325319613866
721,9,2,21,246.89045575269074
722,9,2,22,274.6445924063536
723,9,2,23,285.5552298776824
724,9,2,24,279.2752105530624
725,9,2,25,246.53215104359427
726,9,2,26,264.75319066718043
727,9,2,27,323.52914258239065
728,9,2,28,304.20584002061656
729,9,2,29,252.7217188158988
730,9,2,30,316.06869653398826
731,9,2,31,345.79698779980475
732,9,2,32,294.79067019053974
733,9,2,33,298.2037740779958
734,9,2,34,267.7164620439557
735,9,2,35,267.76971708392773
736,9,2,36,331.2667757300735
737,9,2,37,307.77040553843005
738,9,2,38,304.9516158646731
739,9,2,39,339.6670972685725
740,9,2,40,261.27634472406413
741,9,2,41,252.4684624522779
742,9,2,42,314.535020232082
743,9,2,43,306.1180526091989
744,9,2,44,298.75996117880254
745,9,2,45,278.2006178915349
746,9,2,46,295.6956083503349
747,9,2,47,299.45235905971754
748,9,2,48,287.9467449296813
749,9,2,49,260.94839456002563
750,9,2,50,346.4278145688707
751,9,2,51,305.8664482499287
752,9,2,52,293.6775541749056
753,9,2,53,331.8986483609457
754,9,2,54,293.86308143883014
755,9,2,55,291.02014993608935
756,9,2,56,306.37853069522225
757,9,2,57,296.00720904940835
758,9,2,58,293.7016370099907
759,9,2,59,285.612053725803
760,9,2,60,247.48218835316234
761,9,2,61,305.59900865045194
762,9,2,62,337.2834425573681
763,9,2,63,296.2967955645053
764,9,2,64,263.8799092029451
765,9,2,65,260.79676688460773
766,9,2,66,264.04254773569164
767,9,2,67,292.45855926552287
768,9,2,68,282.0613212268161
769,9,2,69,275.5450966606235
770,9,2,70,286.7411706440482
771,9,2,71,291.1746185320381
772,9,2,72,301.6395230296382
773,9,2,73,286.52105635474345
774,9,2,74,324.09824714210316
775,9,2,75,345.5610475593169
776,9,2,76,337.140003243326
777,9,2,77,267.94663446464733
778,9,2,78,267.9818440949841
779,9,2,79,258.42279635905163
780,9,2,80,303.8013477496412
781,9,2,81,275.78292168859184
782,9,2,82,321.97018597091784
783,9,2,83,299.6746098928187
784,9,2,84,287.4784470320873
785,9,2,85,293.1067915806464
786,9,2,86,280.50320360096345
787,9,2,87,261.1276198149203
788,9,2,88,312.65631581309907
789,9,2,89,308.21310830893253
790,9,2,90,247.63543232701142
791,9,2,91,286.11423206913395
792,9,2,92,322.1032979404831
793,9,2,93,246.99107832654423
794,9,2,94,310.6675157154405
795,9,2,95,284.06192487637736
796,9,2,96,264.8352076992853
797,9,2,97,295.2930194355152
798,9,2,98,292.47207431877723
799,9,2,99,299.0534177715033
800,9,3,0,258.9689894423395
801,9,3,1,255.32742564824687
802,9,3,2,257.3815180537929
803,9,3,3,279.8601168442351
804,9,3,4,217.36020911016007
805,9,3,5,247.8605702468411
806,9,3,6,243.53647290906676
807,9,3,7,227.48624135225347
808,9,3,8,309.38473109125187
809,9,3,9,200.04969415992548
810,9,3,10,243.4702860387106
811,9,3,11,294.2584395209364
812,9,3,12,353.088431624358
813,9,3,13,250.93820459145567
814,9,3,14,255.65715966636617
815,9,3,15,231.2943306809452
816,9,3,16,304.39418100496425
817,9,3,17,354.80426079108247
818,9,3,18,325.2297999613798
819,9,3,19,260.8059674697984
820,9,3,20,310.5386370333688
821,9,3,21,291.8286557997667
822,9,3,22,235.89885724867275
823,9,3,23,281.98737669617157
824,9,3,24,295.2539487924888
825,9,3,25,245.34409908372874
826,9,3,26,242.45829211653515
827,9,3,27,253.18833229535701
828,9,3,28,253.8860438810994
829,9,3,29,313.34785194614875
830,9,3,30,317.22878566784885
831,9,3,31,229.5485444796705
832,9,3,32,270.0633590696334
833,9,3,33,314.0302285638496
834,9,3,34,255.39821081863593
835,9,3,35,319.08223519760105
836,9,3,36,283.4283456407224
837,9,3,37,205.73952380526129
838,9,3,38,301.70892976509043
839,9,3,39,248.528290318128
840,9,3,40,288.7615880965779
841,9,3,41,335.06354611642377
842,9,3,42,236.0831498171324
843,9,3,43,267.19065333885203
844,9,3,44,268.079638425524
845,9,3,45,322.5334040552214
846,9,3,46,232.10366603481054
847,9,3,47,257.7478481943801
848,9,3,48,278.1539497224608
849,9,3,49,290.78346064642403
850,9,3,50,509.6440856932019
851,9,3,51,491.55909106376475
852,9,3,52,291.05216149894176
853,9,3,53,276.7828731858414
854,9,3,54,484.6601717655051
855,9,3,55,232.84178925828672
856,9,3,56,309.53031192380536
857,9,3,57,62.95000717232483
858,9,3,58,270.50661037536605
859,9,3,59,236.87469003044444
860,9,3,60,253.20546686697273
861,9,3,61,302.6133391974507
862,9,3,62,326.5559445621461
863,9,3,63,240.68740781374188
864,9,3,64,255.95309291572138
865,9,3,65,226.90299795734305
866,9,3,66,332.6476292244608
867,9,3,67,255.164449653129
868,9,3,68,497.9326960917864
869,9,3,69,280.7233169319348
870,9,3,70,264.18852651174655
871,9,3,71,316.2960442162871
872,9,3,72,309.02583088719496
873,9,3,73,344.26479096795754
874,9,3,74,314.5221241910451
875,9,3,75,295.9514203936716
876,9,3,76,303.42902891266937
877,9,3,77,290.71469121721566
878,9,3,78,269.31242060064693
879,9,3,79,310.0128773960709
880,9,3,80,344.0662644549237
881,9,3,81,319.0850331368992
882,9,3,82,313.90933766231285
883,9,3,83,205.41146758907814
884,9,3,84,212.04718826352624
885,9,3,85,228.04954023848708
886,9,3,86,285.5250670131042
887,9,3,87,292.9210769995096
888,9,3,88,320.3739573887541
889,9,3,89,255.63584623498932
890,9,3,90,311.04880131299774
891,9,3,91,207.97783223218315
892,9,3,92,488.60629401004985
893,9,3,93,293.7391551428629
894,9,3,94,294.5131576753733
895,9,3,95,486.3017561885519
896,9,3,96,275.00307731061775
897,9,3,97,315.30599005778316
898,9,3,98,265.86497910920116
899,9,3,99,247.13610905851962
900,10,1,0,75.81883730778257
901,10,1,1,111.62483333830136
902,10,1,2,117.17688954907052
903,10,1,3,100.45120468794013
904,10,1,4,78.13502433425606
905,10,1,5,79.72607223872681
906,10,1,6,74.93516068441434
907,10,1,7,75.00841316476482
908,10,1,8,108.48678613742844
909,10,1,9,129.20299131290648
910,10,1,10,65.64899483048627
911,10,1,11,72.95308256292451
912,10,1,12,88.05116927672528
913,10,1,13,129.228088715876
914,10,1,14,91.66596941052042
915,10,1,15,67.12193977885694
916,10,1,16,67.38149092178706
917,10,1,17,119.1985770864961
918,10,1,18,107.61332736282041
919,10,1,19,66.71736198949941
920,10,1,20,108.19807785218725
921,10,1,21,107.16032828005049
922,10,1,22,88.21001817783231
923,10,1,23,107.96168543487038
924,10,1,24,109.41747856087774
925,10,1,25,91.31590372366337
926,10,1,26,66.09399474513033
927,10,1,27,111.79458441616207
928,10,1,28,119.85703303304291
929,10,1,29,101.76790474485156
930,10,1,30,88.37026584578092
931,10,1,31,108.75294697541665
932,10,1,32,81.53379217231262
933,10,1,33,103.60144153759447
934,10,1,34,71.60222640587813
935,10,1,35,115.43863737569919
936,10,1,36,108.75377479333802
937,10,1,37,107.65428458916632
938,10,1,38,69.32590119820802
939,10,1,39,108.32465751381982
940,10,1,40,64.71978720149278
941,10,1,41,87.29509993273564
942,10,1,42,108.09890314931094
943,10,1,43,76.58963302131342
944,10,1,44,72.78791703080172
945,10,1,45,111.92425465516648
946,10,1,46,95.87555680952705
947,10,1,47,120.70477840937119
948,10,1,48,106.3567558649688
949,10,1,49,82.22973394428358
950,10,1,50,80.29172740659142
951,10,1,51,114.85295857350053
952,10,1,52,74.91130901190785
953,10,1,53,71.98658456711271
954,10,1,54,115.33175530269521
955,10,1,55,107.73543575269939
956,10,1,56,78.23008502540453
957,10,1,57,109.17387748995544
958,10,1,58,121.22043246177499
959,10,1,59,87.16421081206343
960,10,1,60,108.85180349458943
961,10,1,61,88.31792510625039
962,10,1,62,90.78599237959332
963,10,1,63,118.90333745878169
964,10,1,64,82.58432486728663
965,10,1,65,74.55135661436633
966,10,1,66,106.60622367201962
967,10,1,67,65.04413841597727
968,10,1,68,84.68443178436043
969,10,1,69,107.47905370916094
970,10,1,70,108.5241070003641
971,10,1,71,83.4500974237943
972,10,1,72,124.280470896865
973,10,1,73,95.44148881326984
974,10,1,74,89.35448637078622
975,10,1,75,82.93450920921374
976,10,1,76,88.37439017524883
977,10,1,77,99.75982700012142
978,10,1,78,104.97432004170449
979,10,1,79,86.75788950577319
980,10,1,80,129.21231340397782
981,10,1,81,88.47295059541938
982,10,1,82,108.97680529613683
983,10,1,83,66.96501664187063
984,10,1,84,77.94742169840391
985,10,1,85,79.93932554575403
986,10,1,86,117.69612782310823
987,10,1,87,85.22398856445379
988,10,1,88,91.6871893378613
989,10,1,89,72.87009331872868
990,10,1,90,120.30024674054913
991,10,1,91,82.59139913036853
992,10,1,92,108.47712285031787
993,10,1,93,108.05223821168465
994,10,1,94,78.0299346747705
995,10,1,95,108.5013617589263
996,10,1,96,73.70021155041343
997,10,1,97,73.83606554123088
998,10,1,98,74.45461130175207
999,10,1,99,105.5236001392743
1000,10,2,0,252.5393491895694
1001,10,2,1,298.1725132315778
1002,10,2,2,324.1769273046335
1003,10,2,3,338.6540701237277
1004,10,2,4,346.45628690082503
1005,10,2,5,331.8834189642603
1006,10,2,6,309.6575725803892
1007,10,2,7,268.1679268092323
1008,10,2,8,298.79355204031856
1009,10,2,9,247.3392751091703
1010,10,2,10,341.39440380178206
1011,10,2,11,320.5551629111566
1012,10,2,12,312.60049038077767
1013,10,2,13,267.97869322014816
1014,10,2,14,286.7952949027112
1015,10,2,15,309.9184183463519
1016,10,2,16,345.41208481543237
1017,10,2,17,246.25204485620165
1018,10,2,18,279.4792651735844
1019,10,2,19,266.7521350982465
1020,10,2,20,298.105220974003
1021,10,2,21,246.52643142451922
1022,10,2,22,295.9180637228704
1023,10,2,23,317.73197984774646
1024,10,2,24,306.8280461118702
1025,10,2,25,295.370840438521
1026,10,2,26,302.6677557921335
1027,10,2,27,285.9994394252921
1028,10,2,28,308.11573242751393
1029,10,2,29,263.27876984210434
1030,10,2,30,293.0504613974169
1031,10,2,31,335.209677729726
1032,10,2,32,310.91460439272856
1033,10,2,33,298.45689776359103
1034,10,2,34,338.26355992437817
1035,10,2,35,308.730928833767
1036,10,2,36,292.66958643789786
1037,10,2,37,345.31226710738633
1038,10,2,38,319.6805018752406
1039,10,2,39,309.7619598661132
1040,10,2,40,321.1833516903
1041,10,2,41,316.0633108642964
1042,10,2,42,331.9651059574208
1043,10,2,43,260.57803668309214
1044,10,2,44,288.14390972824026
1045,10,2,45,309.89238457770955
1046,10,2,46,284.3320659862194
1047,10,2,47,288.3011476962597
1048,10,2,48,346.711324877424
1049,10,2,49,260.3521433853481
1050,10,2,50,338.53990228929723
1051,10,2,51,337.41527386096226
1052,10,2,52,261.49841156218594
1053,10,2,53,246.68936914773857
1054,10,2,54,266.8750948958675
1055,10,2,55,289.97286236684164
1056,10,2,56,263.0886495933451
1057,10,2,57,286.17247338828815
1058,10,2,58,260.4532782317155
1059,10,2,59,302.902984930229
1060,10,2,60,258.9251206442243
1061,10,2,61,298.2821924212003
1062,10,2,62,322.1296979061811
1063,10,2,63,294.75850883776445
1064,10,2,64,320.9286436260351
1065,10,2,65,286.9126323040142
1066,10,2,66,310.8994153423729
1067,10,2,67,302.65942242396864
1068,10,2,68,281.61005706656385
1069,10,2,69,336.05534758997385
1070,10,2,70,314.4674827755891
1071,10,2,71,297.8062606332419
1072,10,2,72,331.31587529139324
1073,10,2,73,252.81724999942296
1074,10,2,74,280.6729068896165
1075,10,2,75,303.972716945245
1076,10,2,76,285.89220732952793
1077,10,2,77,298.42282040735626
1078,10,2,78,291.42822129459915
1079,10,2,79,264.8650984927682
1080,10,2,80,247.45866703155997
1081,10,2,81,317.6911241672743
1082,10,2,82,264.41979838590987
1083,10,2,83,306.2211915434081
1084,10,2,84,317.2717201539609
1085,10,2,85,246.76651440589313
1086,10,2,86,324.7823477274008
1087,10,2,87,299.2753843749817
1088,10,2,88,310.7274021742545
1089,10,2,89,287.4217957760124
1090,10,2,90,285.6059568796336
1091,10,2,91,254.00674983074856
1092,10,2,92,287.67742225191915
1093,10,2,93,260.3886382635916
1094,10,2,94,286.2693963419315
1095,10,2,95,284.05666235455584
1096,10,2,96,333.13186936446783
1097,10,2,97,352.82424280025936
1098,10,2,98,284.00504213231994
1099,10,2,99,353.6038690864261
1100,10,3,0,389.9372381334958
1101,10,3,1,521.5467807597324
1102,10,3,2,521.5089891508585
1103,10,3,3,330.5500856307136
1104,10,3,4,344.2181614182175
1105,10,3,5,534.5733309405158
1106,10,3,6,504.5546822401864
1107,10,3,7,511.8664020287256
1108,10,3,8,521.6897666812366
1109,10,3,9,316.581204707275
1110,10,3,10,522.2917142021088
1111,10,3,11,521.5837677198065
1112,10,3,12,319.9601381852456
1113,10,3,13,530.5913456213522
1114,10,3,14,316.8050065517202
1115,10,3,15,346.49546325592473
1116,10,3,16,529.6006742436832
1117,10,3,17,524.6580359203201
1118,10,3,18,350.4287278653101
1119,10,3,19,523.0515102564716
1120,10,3,20,523.3726227393753
1121,10,3,21,523.0279533424225
1122,10,3,22,359.8588931892108
1123,10,3,23,344.40299822567306
1124,10,3,24,510.22713462959035
1125,10,3,25,342.1459231371513
1126,10,3,26,523.11672605491
1127,10,3,27,522.7456963827894
1128,10,3,28,347.1935708297083
1129,10,3,29,352.88896569581203
1130,10,3,30,269.4569078323398
1131,10,3,31,349.04156663600156
1132,10,3,32,521.7142214632912
1133,10,3,33,520.3577968692189
1134,10,3,34,536.6299050035665
1135,10,3,35,315.5172728388282
1136,10,3,36,520.8493463823506
1137,10,3,37,348.44757731656364
1138,10,3,38,380.22336537326004
1139,10,3,39,264.3218071633181
1140,10,3,40,355.390911836745
1141,10,3,41,512.1587704104564
1142,10,3,42,523.1630408845543
1143,10,3,43,242.85739024092445
1144,10,3,44,507.9541005397817
1145,10,3,45,522.1735251435852
1146,10,3,46,522.6387806512786
1147,10,3,47,520.0257074860438
1148,10,3,48,522.3425535663672
1149,10,3,49,522.3445577327001
1150,10,3,50,360.2901616503809
1151,10,3,51,522.3556540978673
1152,10,3,52,502.2038962312645
1153,10,3,53,523.0881801645513
1154,10,3,54,507.8101446378543
1155,10,3,55,522.1518666018244
1156,10,3,56,356.74142994517064
1157,10,3,57,348.6126452094939
1158,10,3,58,345.08566165475617
1159,10,3,59,515.5566003959011
1160,10,3,60,503.1252940230894
1161,10,3,61,519.2339612226667
1162,10,3,62,520.6912804419648
1163,10,3,63,520.0897688544147
1164,10,3,64,527.4703049606534
1165,10,3,65,523.0121876274353
1166,10,3,66,520.1907656974463
1167,10,3,67,525.241340799687
1168,10,3,68,501.38403343616767
1169,10,3,69,521.5569447115176
1170,10,3,70,517.5111221968566
1171,10,3,71,536.0170695873502
1172,10,3,72,521.2580417639363
1173,10,3,73,343.629280665848
1174,10,3,74,523.1752858447087
1175,10,3,75,522.1175252949126
1176,10,3,76,504.14302723028953
1177,10,3,77,343.848656320312
1178,10,3,78,509.8058678071857
1179,10,3,79,346.44834387540055
1180,10,3,80,522.7695273744507
1181,10,3,81,522.1824114649639
1182,10,3,82,516.8356188011976
1183,10,3,83,344.4845309546542
1184,10,3,84,518.5103302794558
1185,10,3,85,349.1257301344096
1186,10,3,86,522.8468025731205
1187,10,3,87,506.85303134130197
1188,10,3,88,344.7902141993043
1189,10,3,89,350.294770981603
1190,10,3,90,383.4132898593542
1191,10,3,91,506.54999423032484
1192,10,3,92,522.19846403507
1193,10,3,93,524.5752710881413
1194,10,3,94,525.6188271691514
1195,10,3,95,342.5577934083985
1196,10,3,96,219.35891223023197
1197,10,3,97,521.6910147055474
1198,10,3,98,359.3383824163748
1199,10,3,99,521.4230348880031
1200,12,1,0,163.8784703322386
1201,12,1,1,129.11747199980738
1202,12,1,2,138.79860396331338
1203,12,1,3,166.91505512545405
1204,12,1,4,189.50129745522838
1205,12,1,5,174.32548986889327
1206,12,1,6,157.54676096112556
1207,12,1,7,146.5625470637263
1208,12,1,8,148.66403415470197
1209,12,1,9,156.45823970612304
1210,12,1,10,185.52429824840587
1211,12,1,11,154.14762276303853
1212,12,1,12,160.77379295391637
1213,12,1,13,196.53027556070117
1214,12,1,14,143.55137778462444
1215,12,1,15,188.32876788570172
1216,12,1,16,159.16589431261366
1217,12,1,17,157.0710802374794
1218,12,1,18,186.0607780196472
1219,12,1,19,185.68206609816903
1220,12,1,20,155.77939561351448
1221,12,1,21,173.0197317761861
1222,12,1,22,145.10338698315138
1223,12,1,23,158.2325130037943
1224,12,1,24,155.4202264581069
1225,12,1,25,145.16700557827008
1226,12,1,26,160.7488751792774
1227,12,1,27,143.67969408832099
1228,12,1,28,135.3788374763638
1229,12,1,29,130.104416750498
1230,12,1,30,205.16772643266538
1231,12,1,31,142.97376915361392
1232,12,1,32,150.2026618867921
1233,12,1,33,116.60198474602794
1234,12,1,34,165.7888798458222
1235,12,1,35,140.0083713771641
1236,12,1,36,196.6285385838586
1237,12,1,37,134.32032240107887
1238,12,1,38,205.19949786330915
1239,12,1,39,99.12115239977135
1240,12,1,40,158.40778941296972
1241,12,1,41,119.20545537856681
1242,12,1,42,165.93939586260154
1243,12,1,43,175.6312387603221
1244,12,1,44,175.770278213134
1245,12,1,45,160.95624179088307
1246,12,1,46,137.0034581352285
1247,12,1,47,141.87015174260168
1248,12,1,48,110.36423299671266
1249,12,1,49,135.5266432592784
1250,12,1,50,190.2759666041572
1251,12,1,51,182.63783213702524
1252,12,1,52,159.02664957434575
1253,12,1,53,155.85059255603093
1254,12,1,54,132.5984938951053
1255,12,1,55,128.15754906103808
1256,12,1,56,135.41147215602848
1257,12,1,57,157.82558511623975
1258,12,1,58,129.62760006396377
1259,12,1,59,119.05976867791406
1260,12,1,60,172.67996281236026
1261,12,1,61,105.71551678985263
1262,12,1,62,157.71741968774884
1263,12,1,63,105.51415568350522
1264,12,1,64,98.88342587944081
1265,12,1,65,136.52150782448615
1266,12,1,66,115.78143678184354
1267,12,1,67,159.56436517142967
1268,12,1,68,145.8012157312871
1269,12,1,69,150.50857597368136
1270,12,1,70,119.29713411367123
1271,12,1,71,169.51800548739317
1272,12,1,72,190.77915998379277
1273,12,1,73,110.72711002120955
1274,12,1,74,135.1026053167685
1275,12,1,75,166.9378893822628
1276,12,1,76,104.6340223284192
1277,12,1,77,193.90811175538482
1278,12,1,78,146.83144557018716
1279,12,1,79,136.57609195856077
1280,12,1,80,159.35503240945638
1281,12,1,81,130.8802959774976
1282,12,1,82,165.14235558766498
1283,12,1,83,115.44108576334241
1284,12,1,84,150.03726154685023
1285,12,1,85,191.3125749418791
1286,12,1,86,174.29143687012362
1287,12,1,87,129.7900837473632
1288,12,1,88,135.2748895146939
1289,12,1,89,165.27694124542464
1290,12,1,90,174.67510361225746
1291,12,1,91,141.32582845825107
1292,12,1,92,146.86954650500192
1293,12,1,93,204.31060714808822
1294,12,1,94,145.1314949433701
1295,12,1,95,148.89270260296678
1296,12,1,96,175.45439871269525
1297,12,1,97,139.3106101455255
1298,12,1,98,112.91591664269643
1299,12,1,99,157.43473060443495
1300,12,2,0,78.55807287227981
1301,12,2,1,115.92483605905034
1302,12,2,2,116.74067025107698
1303,12,2,3,126.85323152005236
1304,12,2,4,72.41477732653789
1305,12,2,5,70.1793220836502
1306,12,2,6,103.69846262703147
1307,12,2,7,402.59656178221996
1308,12,2,8,129.19074332732217
1309,12,2,9,167.23790597991993
1310,12,2,10,85.44341847323321
1311,12,2,11,181.59578781517607
1312,12,2,12,398.0295395872257
1313,12,2,13,156.61944779451676
1314,12,2,14,81.54164352966635
1315,12,2,15,138.86290136023277
1316,12,2,16,130.35089855110584
1317,12,2,17,98.83961345046805
1318,12,2,18,91.67681296195646
1319,12,2,19,146.3794810141486
1320,12,2,20,64.50705741953696
1321,12,2,21,122.19832323322844
1322,12,2,22,205.85553313970007
1323,12,2,23,105.17109320856112
1324,12,2,24,146.00781781491847
1325,12,2,25,158.3634681058132
1326,12,2,26,94.06515437713018
1327,12,2,27,75.73538495228527
1328,12,2,28,74.31922484612478
1329,12,2,29,404.3011848465279
1330,12,2,30,144.0057765725789
1331,12,2,31,86.86673991649711
1332,12,2,32,91.08938267792074
1333,12,2,33,134.92038765396168
1334,12,2,34,67.45650960607445
1335,12,2,35,174.01937923009407
1336,12,2,36,182.5505079723763
1337,12,2,37,69.28250956738829
1338,12,2,38,141.34227957188133
1339,12,2,39,417.2269720446819
1340,12,2,40,131.94666866825344
1341,12,2,41,160.63432556185552
1342,12,2,42,156.73265168328993
1343,12,2,43,72.01657818865283
1344,12,2,44,91.64412439009236
1345,12,2,45,125.89951003908779
1346,12,2,46,181.15488294623879
1347,12,2,47,89.61079726194086
1348,12,2,48,162.3702979304289
1349,12,2,49,144.10691654509432
1350,12,2,50,414.45210011627034
1351,12,2,51,154.56274607257262
1352,12,2,52,146.26700857465218
1353,12,2,53,85.0860448485138
1354,12,2,54,102.21833081538537
1355,12,2,55,70.21146630648306
1356,12,2,56,95.61390049544019
1357,12,2,57,75.84054296560272
1358,12,2,58,206.1762863518943
1359,12,2,59,89.93098948130508
1360,12,2,60,402.4212966074336
1361,12,2,61,104.93100583570236
1362,12,2,62,193.05930645291136
1363,12,2,63,159.70457850206122
1364,12,2,64,123.1415414199266
1365,12,2,65,170.1056711431417
1366,12,2,66,78.94004921322446
1367,12,2,67,145.14997352869682
1368,12,2,68,116.6648533822015
1369,12,2,69,137.2370484982973
1370,12,2,70,154.43218809227605
1371,12,2,71,448.4005996434487
1372,12,2,72,125.49543669861274
1373,12,2,73,74.65082134922713
1374,12,2,74,69.4140416125389
1375,12,2,75,123.91974658850505
1376,12,2,76,86.23562216540492
1377,12,2,77,94.959220728218
1378,12,2,78,90.14348567629726
1379,12,2,79,121.24078294984587
1380,12,2,80,388.7390250539031
1381,12,2,81,142.3858042086131
1382,12,2,82,122.64608083197884
1383,12,2,83,105.6478565432502
1384,12,2,84,123.47163011116757
1385,12,2,85,107.55601177227577
1386,12,2,86,194.79970812609415
1387,12,2,87,95.15227187895111
1388,12,2,88,528.1462415577303
1389,12,2,89,79.44344357021679
1390,12,2,90,64.11147293569205
1391,12,2,91,165.1385370972103
1392,12,2,92,97.85541143891972
1393,12,2,93,74.89963254603745
1394,12,2,94,154.31543393409248
1395,12,2,95,95.61253073280707
1396,12,2,96,105.09237231930955
1397,12,2,97,120.64579052592016
1398,12,2,98,148.92055928425967
1399,12,2,99,119.37082476657055
1400,12,3,0,473.4653312671143
1401,12,3,1,443.58351487586225
1402,12,3,2,500.9108568986124
1403,12,3,3,467.3640883550156
1404,12,3,4,383.21314609593304
1405,12,3,5,438.55286107222094
1406,12,3,6,510.2481032953569
1407,12,3,7,518.7982827852178
1408,12,3,8,466.37483006285726
1409,12,3,9,452.7986326929253
1410,12,3,10,427.72170865073156
1411,12,3,11,479.6307028825691
1412,12,3,12,490.94881529504073
1413,12,3,13,505.0987426183105
1414,12,3,14,502.5220361502579
1415,12,3,15,444.03080226219146
1416,12,3,16,466.2650119985753
1417,12,3,17,502.47232286362225
1418,12,3,18,528.139955382631
1419,12,3,19,483.45431830581214
1420,12,3,20,418.11578947086224
1421,12,3,21,465.8616871035977
1422,12,3,22,425.5126207778077
1423,12,3,23,465.8476075710322
1424,12,3,24,474.17483835333246
1425,12,3,25,457.25671496362895
1426,12,3,26,507.3316545985906
1427,12,3,27,472.6994817869261
1428,12,3,28,514.7085822424783
1429,12,3,29,422.8173637415761
1430,12,3,30,511.47636933181326
1431,12,3,31,512.2702482086876
1432,12,3,32,455.7919494449579
1433,12,3,33,425.4377465998581
1434,12,3,34,494.36727715277294
1435,12,3,35,452.48484017769846
1436,12,3,36,460.76566865614745
1437,12,3,37,485.69017148529394
1438,12,3,38,440.35408952939076
1439,12,3,39,533.4441948739777
1440,12,3,40,457.4821494301993
1441,12,3,41,453.07687412472825
1442,12,3,42,193.0633952927075
1443,12,3,43,536.3460642791977
1444,12,3,44,448.9652198581777
1445,12,3,45,454.1131650526762
1446,12,3,46,467.5462634246354
1447,12,3,47,466.4862105679969
1448,12,3,48,469.4855750076118
1449,12,3,49,393.90459804914644
1450,12,3,50,509.047242501002
1451,12,3,51,515.5058021949426
1452,12,3,52,504.1808081093319
1453,12,3,53,457.9341280959666
1454,12,3,54,526.0550600039938
1455,12,3,55,471.04560117942304
1456,12,3,56,507.8410125486896
1457,12,3,57,424.5759196698497
1458,12,3,58,499.20849777590854
1459,12,3,59,501.43949357513975
1460,12,3,60,507.29470314579845
1461,12,3,61,521.9395724341575
1462,12,3,62,519.129540224303
1463,12,3,63,525.4460359263362
1464,12,3,64,456.36728062419576
1465,12,3,65,513.6119253099556
1466,12,3,66,408.97953652265056
1467,12,3,67,381.9570266208963
1468,12,3,68,511.4902875907571
1469,12,3,69,426.873552707929
1470,12,3,70,499.1376355650096
1471,12,3,71,487.071036889312
1472,12,3,72,459.50850564620447
1473,12,3,73,414.66248738250846
1474,12,3,74,510.7552806510525
1475,12,3,75,445.55071740081866
1476,12,3,76,476.38662372483753
1477,12,3,77,485.31195366200507
1478,12,3,78,439.5192540368962
1479,12,3,79,434.0404441160244
1480,12,3,80,431.69374095133094
1481,12,3,81,422.28598052258417
1482,12,3,82,444.92779425621836
1483,12,3,83,451.7630935638123
1484,12,3,84,468.41847145368024
1485,12,3,85,531.8725040441498
1486,12,3,86,417.699770066576
1487,12,3,87,471.09066933297186
1488,12,3,88,522.4170470156129
1489,12,3,89,499.72983980396333
1490,12,3,90,412.8130873292291
1491,12,3,91,477.994275931629
1492,12,3,92,480.30267845289467
1493,12,3,93,454.3548245764277
1494,12,3,94,503.60516901441247
1495,12,3,95,522.4546017740677
1496,12,3,96,492.0019676994598
1497,12,3,97,463.7888855995199
1498,12,3,98,520.2498304478547
1499,12,3,99,468.7257950446057
1500,13,1,0,118.43327834447696
1501,13,1,1,84.23859783073598
1502,13,1,2,77.52351162549854
1503,13,1,3,385.9926348584838
1504,13,1,4,159.18174024106645
1505,13,1,5,518.2037680582129
1506,13,1,6,197.6879462033468
1507,13,1,7,426.0081761104517
1508,13,1,8,398.81659094481904
1509,13,1,9,134.07448539898988
1510,13,1,10,182.11392085345463
1511,13,1,11,252.60686811165084
1512,13,1,12,150.73865944399355
1513,13,1,13,213.84020272272085
1514,13,1,14,235.49219771328004
1515,13,1,15,507.1730901855154
1516,13,1,16,523.1511934937699
1517,13,1,17,211.9661301778
1518,13,1,18,169.2457246338725
1519,13,1,19,522.5628830462285
1520,13,1,20,232.73070843225446
1521,13,1,21,81.03843003344964
1522,13,1,22,458.226145697749
1523,13,1,23,199.2237592640339
1524,13,1,24,199.23032690858165
1525,13,1,25,501.7908485402655
1526,13,1,26,510.1456358777484
1527,13,1,27,225.77252451480805
1528,13,1,28,168.11397659656592
1529,13,1,29,184.39032507837695
1530,13,1,30,158.78595486813833
1531,13,1,31,537.2020189378093
1532,13,1,32,67.77338628044141
1533,13,1,33,202.3065129401623
1534,13,1,34,382.0273486074912
1535,13,1,35,74.80419165540006
1536,13,1,36,522.4456938470901
1537,13,1,37,228.00687814777586
1538,13,1,38,185.78015990256498
1539,13,1,39,179.81433949329644
1540,13,1,40,214.66510224859863
1541,13,1,41,72.4777974965405
1542,13,1,42,206.0968419550371
1543,13,1,43,512.6965039815396
1544,13,1,44,189.84688214908348
1545,13,1,45,205.23265472016988
1546,13,1,46,201.3495899399602
1547,13,1,47,168.61928510733222
1548,13,1,48,280.254211665674
1549,13,1,49,498.92315017610247
1550,13,1,50,198.93413982289752
1551,13,1,51,97.43964085430447
1552,13,1,52,538.3843121822321
1553,13,1,53,220.65433072308122
1554,13,1,54,457.98412474028083
1555,13,1,55,74.97824869636612
1556,13,1,56,197.00110668807383
1557,13,1,57,164.1121079567666
1558,13,1,58,485.9360911251895
1559,13,1,59,511.6911865822496
1560,13,1,60,471.78197503797304
1561,13,1,61,532.7897308394502
1562,13,1,62,205.56132799474685
1563,13,1,63,71.1009992850996
1564,13,1,64,530.1200070240445
1565,13,1,65,381.7843484016022
1566,13,1,66,238.93776718091044
1567,13,1,67,456.3189480247507
1568,13,1,68,405.01650014113704
1569,13,1,69,528.9407374250202
1570,13,1,70,174.56236312299757
1571,13,1,71,453.8785441651934
1572,13,1,72,389.5312784198393
1573,13,1,73,384.83242054066676
1574,13,1,74,151.52893418771532
1575,13,1,75,396.97738006963874
1576,13,1,76,500.08284325675857
1577,13,1,77,251.60184348780723
1578,13,1,78,120.90221199681233
1579,13,1,79,85.79748716521539
1580,13,1,80,92.11419417905874
1581,13,1,81,456.59024551374057
1582,13,1,82,518.7807552763566
1583,13,1,83,122.72578814023632
1584,13,1,84,254.13888472138197
1585,13,1,85,468.3125869393704
1586,13,1,86,206.15503825223482
1587,13,1,87,214.56567625253683
1588,13,1,88,161.20493382032012
1589,13,1,89,72.05133815560588
1590,13,1,90,162.13729129525888
1591,13,1,91,517.15864315233
1592,13,1,92,192.8844362785286
1593,13,1,93,461.6764219739408
1594,13,1,94,73.33410822135914
1595,13,1,95,450.25294476225395
1596,13,1,96,198.17189775937564
1597,13,1,97,136.93017542500502
1598,13,1,98,212.40419360489466
1599,13,1,99,409.92530056906986
1600,13,2,0,166.65322075261065
1601,13,2,1,536.7919327565196
1602,13,2,2,185.96197590311039
1603,13,2,3,167.12841353965308
1604,13,2,4,178.15136715029894
1605,13,2,5,506.88328730433113
1606,13,2,6,181.09883212933673
1607,13,2,7,162.39464217308034
1608,13,2,8,237.59093256440323
1609,13,2,9,190.06137826777993
1610,13,2,10,482.82771919620393
1611,13,2,11,495.9792573638168
1612,13,2,12,441.8198076211785
1613,13,2,13,243.12886725740574
1614,13,2,14,205.52070853599528
1615,13,2,15,194.27309683972487
1616,13,2,16,488.5905406605042
1617,13,2,17,177.22359844193397
1618,13,2,18,229.89796822342345
1619,13,2,19,229.0278830296768
1620,13,2,20,151.734905357366
1621,13,2,21,217.6018125480185
1622,13,2,22,536.1658940413091
1623,13,2,23,250.42296958060408
1624,13,2,24,243.10368309440966
1625,13,2,25,254.26423067244676
1626,13,2,26,526.0645654416654
1627,13,2,27,483.70926706821774
1628,13,2,28,248.57741508585937
1629,13,2,29,241.84685756200258
1630,13,2,30,207.89700864266632
1631,13,2,31,219.87151505533143
1632,13,2,32,183.15606040059944
1633,13,2,33,533.7424646532104
1634,13,2,34,221.39227669506306
1635,13,2,35,156.36557175703697
1636,13,2,36,419.8564788790847
1637,13,2,37,408.11178991828285
1638,13,2,38,237.2921757386756
1639,13,2,39,177.13101808257738
1640,13,2,40,227.54400587480558
1641,13,2,41,223.03308726343386
1642,13,2,42,394.39472783552804
1643,13,2,43,171.52961959891326
1644,13,2,44,509.7473496257333
1645,13,2,45,176.18136751965793
1646,13,2,46,497.15022213468217
1647,13,2,47,209.74852518097464
1648,13,2,48,476.4254501460713
1649,13,2,49,488.53105238082514
1650,13,2,50,222.3548091769021
1651,13,2,51,224.38304737396203
1652,13,2,52,176.26557816432324
1653,13,2,53,235.06858832710677
1654,13,2,54,225.70536807205448
1655,13,2,55,511.4830281153681
1656,13,2,56,226.8185150520615
1657,13,2,57,519.6214093970503
1658,13,2,58,228.2140847416154
1659,13,2,59,456.84879685834005
1660,13,2,60,143.07509712029523
1661,13,2,61,218.97386996743654
1662,13,2,62,231.8923330412036
1663,13,2,63,521.2772950415721
1664,13,2,64,508.3174809074931
1665,13,2,65,239.91754281562348
1666,13,2,66,478.427806324584
1667,13,2,67,482.49064773203554
1668,13,2,68,184.94856752489406
1669,13,2,69,187.3672039723388
1670,13,2,70,220.13298343781696
1671,13,2,71,178.9263597629073
1672,13,2,72,238.6384722513664
1673,13,2,73,377.7141398630526
1674,13,2,74,157.7833963618028
1675,13,2,75,231.04397228660005
1676,13,2,76,190.56406175018623
1677,13,2,77,244.9604896506252
1678,13,2,78,226.4682781481867
1679,13,2,79,490.05963114733606
1680,13,2,80,239.21169028054297
1681,13,2,81,220.5053026746585
1682,13,2,82,507.43162685134695
1683,13,2,83,437.8888663227639
1684,13,2,84,488.89951140061834
1685,13,2,85,164.49789103653438
1686,13,2,86,182.97791732363012
1687,13,2,87,428.9899699468395
1688,13,2,88,395.26943803869216
1689,13,2,89,224.12026675732005
1690,13,2,90,511.4405029212555
1691,13,2,91,238.79239131279098
1692,13,2,92,405.97775102247726
1693,13,2,93,233.17958033792968
1694,13,2,94,167.19574402118468
1695,13,2,95,393.429608183079
1696,13,2,96,132.65109751205395
1697,13,2,97,156.2158458181634
1698,13,2,98,145.69083592487627
1699,13,2,99,194.43364365258822
1700,13,3,0,443.70746901163267
1701,13,3,1,461.124720103467
1702,13,3,2,462.8032437764053
1703,13,3,3,455.9012089317515
1704,13,3,4,480.49927762919333
1705,13,3,5,434.4614674861603
1706,13,3,6,450.33448989873375
1707,13,3,7,488.0202924863502
1708,13,3,8,417.3651119443614
1709,13,3,9,396.4309956389651
1710,13,3,10,454.41180563805574
1711,13,3,11,410.51800908896587
1712,13,3,12,473.5368005906577
1713,13,3,13,408.7769566669905
1714,13,3,14,428.40145521908704
1715,13,3,15,449.89533322423017
1716,13,3,16,459.60008452540404
1717,13,3,17,487.82224476578205
1718,13,3,18,448.4310540476843
1719,13,3,19,468.2974325491583
1720,13,3,20,472.15059836861064
1721,13,3,21,472.90535663357645
1722,13,3,22,444.2445205208767
1723,13,3,23,435.6990578153508
1724,13,3,24,485.0248697587547
1725,13,3,25,459.77700689405424
1726,13,3,26,462.6672980893716
1727,13,3,27,449.05078874150723
1728,13,3,28,407.97380686991187
1729,13,3,29,449.93673281964533
1730,13,3,30,403.0626182594492
1731,13,3,31,394.86948757690226
1732,13,3,32,433.91943941699424
1733,13,3,33,472.8141575933867
1734,13,3,34,458.6280744471172
1735,13,3,35,442.2229463342853
1736,13,3,36,396.03720296433755
1737,13,3,37,456.640291185684
1738,13,3,38,455.52648136734126
1739,13,3,39,410.2007598168881
1740,13,3,40,425.52660043239814
1741,13,3,41,464.74458780702224
1742,13,3,42,495.43700035958386
1743,13,3,43,448.02675408620553
1744,13,3,44,487.2065576671018
1745,13,3,45,461.1094145164789
1746,13,3,46,447.3549613910148
1747,13,3,47,460.7402391256774
1748,13,3,48,452.11940345415263
1749,13,3,49,488.9051113013891
1750,13,3,50,436.2376686143011
1751,13,3,51,435.20917152044206
1752,13,3,52,468.2460210240092
1753,13,3,53,447.56046437191645
1754,13,3,54,480.75880672482873
1755,13,3,55,433.10797794667326
1756,13,3,56,436.0990375247765
1757,13,3,57,502.7538650590589
1758,13,3,58,452.6859131362457
1759,13,3,59,417.10935699982025
1760,13,3,60,468.1418928278651
1761,13,3,61,410.7138186327586
1762,13,3,62,410.09888802444095
1763,13,3,63,495.97585283060556
1764,13,3,64,481.8038445359
1765,13,3,65,453.6310477504473
1766,13,3,66,494.76728813931715
1767,13,3,67,464.5859836107368
1768,13,3,68,473.6183326453725
1769,13,3,69,444.765147889527
1770,13,3,70,480.4016674055871
1771,13,3,71,451.6437090574734
1772,13,3,72,488.53005470196786
1773,13,3,73,487.23487625411224
1774,13,3,74,439.41803186972317
1775,13,3,75,471.9822429947242
1776,13,3,76,464.5602945942883
1777,13,3,77,442.5790849248215
1778,13,3,78,433.04156751294545
1779,13,3,79,482.70629000331826
1780,13,3,80,446.7832519005641
1781,13,3,81,462.3239877416782
1782,13,3,82,501.52841691379854
1783,13,3,83,433.1850503538129
1784,13,3,84,423.9963562774486
1785,13,3,85,410.0553524280974
1786,13,3,86,473.3990921832735
1787,13,3,87,429.4876936662073
1788,13,3,88,408.99025170289445
1789,13,3,89,444.8109496823047
1790,13,3,90,487.36635499918106
1791,13,3,91,451.6220442396524
1792,13,3,92,447.6358157832385
1793,13,3,93,438.9975563151457
1794,13,3,94,442.2225067901997
1795,13,3,95,446.5523189413117
1796,13,3,96,426.11098569442225
1797,13,3,97,480.95860314482974
1798,13,3,98,394.86662908496896
1799,13,3,99,448.93647408274757
1800,14,1,0,271.86351885439007
1801,14,1,1,301.00189561448093
1802,14,1,2,246.09796009307757
1803,14,1,3,243.86064562985277
1804,14,1,4,103.4779295366014
1805,14,1,5,289.8132614052295
1806,14,1,6,259.57849911457345
1807,14,1,7,76.69646144945993
1808,14,1,8,122.86407836568675
1809,14,1,9,368.0195889161681
1810,14,1,10,295.5141541878263
1811,14,1,11,272.09243898037033
1812,14,1,12,283.6693228182969
1813,14,1,13,251.32033248080782
1814,14,1,14,77.64806648534932
1815,14,1,15,292.2885206316898
1816,14,1,16,289.5398473016557
1817,14,1,17,292.50160251238333
1818,14,1,18,271.38433628863964
1819,14,1,19,307.94431022106943
1820,14,1,20,244.10493635317096
1821,14,1,21,264.239849682079
1822,14,1,22,300.64265445128575
1823,14,1,23,247.73755074926436
1824,14,1,24,98.32051751855091
1825,14,1,25,254.18274278293376
1826,14,1,26,233.21063524722086
1827,14,1,27,118.1042010995275
1828,14,1,28,266.01967013561585
1829,14,1,29,277.799798696188
1830,14,1,30,261.23201776876675
1831,14,1,31,282.62608459174317
1832,14,1,32,326.8182278721712
1833,14,1,33,282.66498024119346
1834,14,1,34,74.21928553574816
1835,14,1,35,329.2671425621752
1836,14,1,36,293.35568681970216
1837,14,1,37,268.0667127665211
1838,14,1,38,70.42807421058541
1839,14,1,39,302.4315279374225
1840,14,1,40,271.7154363820893
1841,14,1,41,260.0108100320153
1842,14,1,42,263.92218277367965
1843,14,1,43,321.2778796799655
1844,14,1,44,287.9859433454183
1845,14,1,45,307.8594421653469
1846,14,1,46,336.15173256955507
1847,14,1,47,291.2025200568176
1848,14,1,48,272.32484760703704
1849,14,1,49,241.35424058756186
1850,14,1,50,283.3327739025329
1851,14,1,51,273.0568410238653
1852,14,1,52,301.46684890884376
1853,14,1,53,251.89705602808385
1854,14,1,54,253.88841978456085
1855,14,1,55,299.3456954073128
1856,14,1,56,289.79144767129515
1857,14,1,57,314.2999704268927
1858,14,1,58,257.37558372777397
1859,14,1,59,283.3631065959346
1860,14,1,60,124.02459822203286
1861,14,1,61,300.5320572961122
1862,14,1,62,284.0725526928871
1863,14,1,63,293.09191142402614
1864,14,1,64,358.5888621549433
1865,14,1,65,311.537513431826
1866,14,1,66,230.03431441954888
1867,14,1,67,251.71760094992135
1868,14,1,68,248.04661055828308
1869,14,1,69,249.27879145911115
1870,14,1,70,78.28807103927322
1871,14,1,71,356.76790759113055
1872,14,1,72,264.8251729831722
1873,14,1,73,274.66849909322247
1874,14,1,74,319.76482612013865
1875,14,1,75,68.99011817039383
1876,14,1,76,288.1831448762635
1877,14,1,77,272.99926008471334
1878,14,1,78,65.15202077602616
1879,14,1,79,254.27129300097496
1880,14,1,80,246.64588398834178
1881,14,1,81,323.5384046464828
1882,14,1,82,289.65402977250864
1883,14,1,83,315.1848594099828
1884,14,1,84,291.7391910154955
1885,14,1,85,275.29769893075826
1886,14,1,86,287.52887646321483
1887,14,1,87,313.98877662121566
1888,14,1,88,292.9962568298626
1889,14,1,89,276.888516922976
1890,14,1,90,240.71597347020582
1891,14,1,91,319.7866000421977
1892,14,1,92,275.27992558432055
1893,14,1,93,298.49714690315966
1894,14,1,94,225.06433086474564
1895,14,1,95,268.34562489564763
1896,14,1,96,307.68880897305274
1897,14,1,97,75.72478285321357
1898,14,1,98,249.97008451084466
1899,14,1,99,121.58881698164545
1900,14,2,0,274.83065545127664
1901,14,2,1,252.89015147564106
1902,14,2,2,75.83319365935485
1903,14,2,3,257.2497687135754
1904,14,2,4,112.46648683264718
1905,14,2,5,429.20916585399607
1906,14,2,6,69.76587926496971
1907,14,2,7,280.2780461384231
1908,14,2,8,327.0779744693086
1909,14,2,9,298.09794729395117
1910,14,2,10,417.601204482466
1911,14,2,11,70.34099361699133
1912,14,2,12,241.69552446808018
1913,14,2,13,88.48845574691637
1914,14,2,14,256.92654987750103
1915,14,2,15,255.08721496505666
1916,14,2,16,288.6888227883005
1917,14,2,17,254.1501799563303
1918,14,2,18,448.9437868859104
1919,14,2,19,110.98584507738308
1920,14,2,20,287.1384414109173
1921,14,2,21,96.50792395643117
1922,14,2,22,240.33417337847902
1923,14,2,23,350.75774258347644
1924,14,2,24,268.3520393857327
1925,14,2,25,407.7874666434578
1926,14,2,26,428.39890659096585
1927,14,2,27,458.15467875993505
1928,14,2,28,252.05136580392266
1929,14,2,29,422.7270152819585
1930,14,2,30,260.80764650149007
1931,14,2,31,254.27940316161028
1932,14,2,32,104.87754934907275
1933,14,2,33,309.4128296294532
1934,14,2,34,71.35264858443058
1935,14,2,35,412.09244420587356
1936,14,2,36,259.47167987619036
1937,14,2,37,286.86209233999796
1938,14,2,38,246.88307621545067
1939,14,2,39,419.1913917075322
1940,14,2,40,491.55825629230173
1941,14,2,41,289.23603703804713
1942,14,2,42,258.70417140986433
1943,14,2,43,270.69314164834185
1944,14,2,44,268.81507940645076
1945,14,2,45,256.5968038720741
1946,14,2,46,441.02781220030414
1947,14,2,47,414.3017703367136
1948,14,2,48,262.53459343813813
1949,14,2,49,315.51823696237875
1950,14,2,50,431.1605328052733
1951,14,2,51,96.52339106536783
1952,14,2,52,427.24775032338067
1953,14,2,53,444.59268238211314
1954,14,2,54,247.11470821022226
1955,14,2,55,254.33446923185795
1956,14,2,56,250.32912636928728
1957,14,2,57,486.80443637275937
1958,14,2,58,264.4571305710816
1959,14,2,59,353.1009744726026
1960,14,2,60,262.0074900973577
1961,14,2,61,240.83107680881204
1962,14,2,62,255.14283350102806
1963,14,2,63,405.9199254186395
1964,14,2,64,259.25283899494906
1965,14,2,65,437.34540432693933
1966,14,2,66,275.1209319682086
1967,14,2,67,422.1946255238504
1968,14,2,68,390.8452212049959
1969,14,2,69,254.4555065810863
1970,14,2,70,421.57801350341373
1971,14,2,71,248.3888772260624
1972,14,2,72,423.1642807865297
1973,14,2,73,277.66736206068003
1974,14,2,74,310.3018419759573
1975,14,2,75,219.71249112366786
1976,14,2,76,415.2887924004008
1977,14,2,77,78.16681969148188
1978,14,2,78,477.53423736444773
1979,14,2,79,258.048548399522
1980,14,2,80,259.72577666594196
1981,14,2,81,261.8741220470909
1982,14,2,82,257.33720266940406
1983,14,2,83,400.4395225132154
1984,14,2,84,390.4387546042921
1985,14,2,85,299.97498064760765
1986,14,2,86,337.8337083521441
1987,14,2,87,261.2180112314818
1988,14,2,88,97.52572573088467
1989,14,2,89,95.55176640631619
1990,14,2,90,255.5493291689703
1991,14,2,91,89.79658008171796
1992,14,2,92,270.154369528106
1993,14,2,93,96.43968274306035
1994,14,2,94,253.91209622487446
1995,14,2,95,75.77507912781388
1996,14,2,96,309.30261434432424
1997,14,2,97,288.8905043432801
1998,14,2,98,273.6033802279241
1999,14,2,99,265.21060377975
2000,14,3,0,396.6217627269252
2001,14,3,1,439.3495659244041
2002,14,3,2,488.4383615256006
2003,14,3,3,401.6106627000067
2004,14,3,4,396.2816329349286
2005,14,3,5,439.37384484926645
2006,14,3,6,487.6945048204374
2007,14,3,7,446.37132063176307
2008,14,3,8,486.3420933511259
2009,14,3,9,487.04664933653487
2010,14,3,10,480.03748239995645
2011,14,3,11,454.82162328031444
2012,14,3,12,456.52235482807276
2013,14,3,13,443.81046506025797
2014,14,3,14,440.2436209981057
2015,14,3,15,431.19584694002714
2016,14,3,16,457.70434516644895
2017,14,3,17,459.2888897593543
2018,14,3,18,455.2804296287383
2019,14,3,19,462.5100610158243
2020,14,3,20,502.70386029571677
2021,14,3,21,441.44992710862493
2022,14,3,22,442.77749091105403
2023,14,3,23,487.0987006287501
2024,14,3,24,448.25187792791075
2025,14,3,25,468.9839059878709
2026,14,3,26,447.06850053414985
2027,14,3,27,438.81875909576706
2028,14,3,28,424.58203297529667
2029,14,3,29,495.31131270198233
2030,14,3,30,456.20774813456285
2031,14,3,31,453.3161966038667
2032,14,3,32,472.5144145399072
2033,14,3,33,436.65521524777586
2034,14,3,34,480.8068661991664
2035,14,3,35,446.2345291717009
2036,14,3,36,465.78923686712983
2037,14,3,37,451.0037232355735
2038,14,3,38,453.29174047539306
2039,14,3,39,488.66834037233036
2040,14,3,40,427.0386209387752
2041,14,3,41,424.67484874687545
2042,14,3,42,473.24935007882647
2043,14,3,43,461.1864526153173
2044,14,3,44,467.1222426917344
2045,14,3,45,414.42901171234297
2046,14,3,46,445.52895945983107
2047,14,3,47,424.05471927847987
2048,14,3,48,423.92059112609707
2049,14,3,49,395.128877834084
2050,14,3,50,410.1944758566327
2051,14,3,51,424.0953232486972
2052,14,3,52,452.06578683352916
2053,14,3,53,453.67577674635226
2054,14,3,54,468.282951423073
2055,14,3,55,494.12559101230613
2056,14,3,56,455.48725003645836
2057,14,3,57,430.01984722346356
2058,14,3,58,488.7959184639013
2059,14,3,59,408.61709592137765
2060,14,3,60,401.35826110624737
2061,14,3,61,451.88552418898996
2062,14,3,62,487.5774638455013
2063,14,3,63,464.36967323051977
2064,14,3,64,469.05121545671136
2065,14,3,65,452.8520994337886
2066,14,3,66,502.31608697786294
2067,14,3,67,461.1510251693191
2068,14,3,68,452.88560995636595
2069,14,3,69,483.1649247622477
2070,14,3,70,444.54209485720526
2071,14,3,71,501.72851508159
2072,14,3,72,453.6549843991788
2073,14,3,73,402.75932672302025
2074,14,3,74,416.69404378049893
2075,14,3,75,445.79248712655135
2076,14,3,76,407.7726700695004
2077,14,3,77,469.5873786826406
2078,14,3,78,450.77164966548645
2079,14,3,79,435.90200994390204
2080,14,3,80,487.2280149520747
2081,14,3,81,431.1713735199119
2082,14,3,82,437.27731315607883
2083,14,3,83,414.5761308371539
2084,14,3,84,468.4825630405957
2085,14,3,85,449.11134222809284
2086,14,3,86,447.41829743568934
2087,14,3,87,394.4353396615759
2088,14,3,88,410.3624466711484
2089,14,3,89,469.5499376396521
2090,14,3,90,447.89992478365485
2091,14,3,91,472.82009588430503
2092,14,3,92,463.7274111115761
2093,14,3,93,410.70637057300496
2094,14,3,94,482.69267518883146
2095,14,3,95,401.2705412109818
2096,14,3,96,458.27693874775366
2097,14,3,97,448.29971522740584
2098,14,3,98,402.9893832083569
2099,14,3,99,441.5206334477365
2100,16,1,0,377.2094592444701
2101,16,1,1,67.48050262853053
2102,16,1,2,68.90926284438392
2103,16,1,3,69.10397619525294
2104,16,1,4,66.73514557081089
2105,16,1,5,391.5500032228517
2106,16,1,6,66.0345408207489
2107,16,1,7,72.13639974063484
2108,16,1,8,73.38967421031292
2109,16,1,9,76.53164879691799
2110,16,1,10,79.9284158948568
2111,16,1,11,97.14480204283856
2112,16,1,12,74.08833537135274
2113,16,1,13,65.58645182275423
2114,16,1,14,69.4115263728036
2115,16,1,15,105.23796509816323
2116,16,1,16,68.45530617368489
2117,16,1,17,87.47770025137996
2118,16,1,18,68.18750682762443
2119,16,1,19,77.18456350796838
2120,16,1,20,333.36828022134455
2121,16,1,21,70.08645175437861
2122,16,1,22,375.70310119547344
2123,16,1,23,105.44053224405357
2124,16,1,24,70.48117556389516
2125,16,1,25,73.37535298440908
2126,16,1,26,73.74056137074093
2127,16,1,27,79.95619697076776
2128,16,1,28,69.02792544222609
2129,16,1,29,76.64739204973304
2130,16,1,30,388.9925175137697
2131,16,1,31,322.2968488592129
2132,16,1,32,82.19302147297206
2133,16,1,33,385.02791316421633
2134,16,1,34,401.3633908223122
2135,16,1,35,68.53271971585231
2136,16,1,36,271.68571742153586
2137,16,1,37,78.26806391634923
2138,16,1,38,75.65223723674099
2139,16,1,39,73.64328034082568
2140,16,1,40,91.45237617483738
2141,16,1,41,326.07585095067947
2142,16,1,42,64.56409818553321
2143,16,1,43,260.4851723048548
2144,16,1,44,97.8901343396315
2145,16,1,45,75.53490982380777
2146,16,1,46,362.9653599694494
2147,16,1,47,309.08042754836515
2148,16,1,48,68.38643865823838
2149,16,1,49,395.97183015038524
2150,16,1,50,78.89121701457289
2151,16,1,51,74.54361488115696
2152,16,1,52,80.09448834925188
2153,16,1,53,73.86136449200124
2154,16,1,54,96.11440599463354
2155,16,1,55,68.31924244969731
2156,16,1,56,73.79520355709931
2157,16,1,57,434.7112765989495
2158,16,1,58,75.00970726405322
2159,16,1,59,422.1357836904634
2160,16,1,60,70.03938019864817
2161,16,1,61,234.0940507935622
2162,16,1,62,69.96187912522151
2163,16,1,63,69.16792017674496
2164,16,1,64,392.4642972929416
2165,16,1,65,260.49694659200054
2166,16,1,66,63.59735902836881
2167,16,1,67,75.54073169437926
2168,16,1,68,75.7629486998093
2169,16,1,69,82.21978135669917
2170,16,1,70,76.761319494086
2171,16,1,71,68.11852258207519
2172,16,1,72,85.92363572572398
2173,16,1,73,92.17629562205369
2174,16,1,74,369.1676417022573
2175,16,1,75,69.22876256233566
2176,16,1,76,66.78592644801857
2177,16,1,77,431.80741902627415
2178,16,1,78,73.55435539130048
2179,16,1,79,63.690867629707625
2180,16,1,80,104.75374756830973
2181,16,1,81,70.67603402901852
2182,16,1,82,68.79163298865801
2183,16,1,83,410.04017403135464
2184,16,1,84,71.85422962651018
2185,16,1,85,254.34554797227895
2186,16,1,86,90.05570121794638
2187,16,1,87,75.95536288795472
2188,16,1,88,274.6091161240337
2189,16,1,89,77.12718571420542
2190,16,1,90,70.16552727605102
2191,16,1,91,75.48758100796191
2192,16,1,92,74.33703218952714
2193,16,1,93,81.37546726938791
2194,16,1,94,68.74438287776282
2195,16,1,95,95.14780486388857
2196,16,1,96,72.52640241834756
2197,16,1,97,65.94454051044423
2198,16,1,98,81.9688641037955
2199,16,1,99,78.23501218059248
2200,16,2,0,292.24078248602973
2201,16,2,1,304.89397447279316
2202,16,2,2,293.6851997377912
2203,16,2,3,285.3554599176204
2204,16,2,4,319.73367329161084
2205,16,2,5,353.82162162895094
2206,16,2,6,293.35044428303576
2207,16,2,7,294.0408094532775
2208,16,2,8,258.2300491967766
2209,16,2,9,252.6034838995392
2210,16,2,10,333.9392455262256
2211,16,2,11,310.08383416506007
2212,16,2,12,340.1286941287651
2213,16,2,13,352.58473171737427
2214,16,2,14,275.73451525391005
2215,16,2,15,253.12896245957245
2216,16,2,16,346.5712773299696
2217,16,2,17,293.8655853131062
2218,16,2,18,284.36560582653607
2219,16,2,19,261.5976853215361
2220,16,2,20,268.1244367402588
2221,16,2,21,258.31599614853786
2222,16,2,22,262.37060200468846
2223,16,2,23,290.5911196912681
2224,16,2,24,331.8925692720443
2225,16,2,25,290.69219015665874
2226,16,2,26,291.24709143522415
2227,16,2,27,332.0935436914821
2228,16,2,28,311.92137625222904
2229,16,2,29,288.84728235432715
2230,16,2,30,311.6907704147523
2231,16,2,31,314.6248049170071
2232,16,2,32,302.2817593176108
2233,16,2,33,285.1748356966362
2234,16,2,34,346.03948385470363
2235,16,2,35,331.74179664509336
2236,16,2,36,261.74715563831415
2237,16,2,37,293.9833032312885
2238,16,2,38,261.1475251094574
2239,16,2,39,288.6275997940191
2240,16,2,40,301.0152561820191
2241,16,2,41,283.99577841976674
2242,16,2,42,307.2875638349886
2243,16,2,43,299.2674029961107
2244,16,2,44,275.9622140090448
2245,16,2,45,318.98864381344305
2246,16,2,46,296.44667932198416
2247,16,2,47,324.7627761136816
2248,16,2,48,254.35332387873243
2249,16,2,49,297.3652161362007
2250,16,2,50,301.7193830866609
2251,16,2,51,246.90230447472672
2252,16,2,52,275.5350597334226
2253,16,2,53,287.87190905244324
2254,16,2,54,304.1058368414966
2255,16,2,55,309.61026907308883
2256,16,2,56,320.76633559566875
2257,16,2,57,339.9568160381132
2258,16,2,58,309.22995182582133
2259,16,2,59,311.7636123875208
2260,16,2,60,261.15242981031724
2261,16,2,61,288.40643873302616
2262,16,2,62,285.081971527777
2263,16,2,63,262.2786175553606
2264,16,2,64,305.4238947364027
2265,16,2,65,354.24075549949663
2266,16,2,66,294.08266714312447
2267,16,2,67,318.5294589088398
2268,16,2,68,313.08087284558053
2269,16,2,69,309.3144147162758
2270,16,2,70,286.660201734608
2271,16,2,71,311.3009972606411
2272,16,2,72,353.1361207415599
2273,16,2,73,245.92159927652244
2274,16,2,74,336.09650667933795
2275,16,2,75,301.0813262303603
2276,16,2,76,314.0911349783992
2277,16,2,77,264.0489906563816
2278,16,2,78,312.13677958567365
2279,16,2,79,290.11069076392795
2280,16,2,80,347.29178048475694
2281,16,2,81,305.0066458721637
2282,16,2,82,246.8822300345285
2283,16,2,83,278.17360534534816
2284,16,2,84,354.34528636400654
2285,16,2,85,309.50243626887277
2286,16,2,86,247.26940474942964
2287,16,2,87,322.5118032488118
2288,16,2,88,307.19559226859184
2289,16,2,89,312.649950788891
2290,16,2,90,295.0522884108029
2291,16,2,91,275.2682679417914
2292,16,2,92,302.87580572197567
2293,16,2,93,328.91656291261285
2294,16,2,94,275.28625910350894
2295,16,2,95,263.5383440392041
2296,16,2,96,352.40007702528777
2297,16,2,97,306.9204824227529
2298,16,2,98,338.712067131811
2299,16,2,99,289.9986488057088
2300,16,3,0,295.39344870648347
2301,16,3,1,191.14443238384007
2302,16,3,2,183.9651947200577
2303,16,3,3,261.1420217160782
2304,16,3,4,192.54732648600458
2305,16,3,5,282.43402558318616
2306,16,3,6,186.63170069883952
2307,16,3,7,353.3107386431266
2308,16,3,8,186.95365738355554
2309,16,3,9,335.561974649261
2310,16,3,10,210.2020422818903
2311,16,3,11,261.7073822737526
2312,16,3,12,186.33074253437584
2313,16,3,13,223.46258687212227
2314,16,3,14,339.419649624946
2315,16,3,15,349.974731156142
2316,16,3,16,308.90724089503
2317,16,3,17,209.7940700945229
2318,16,3,18,248.64495154293382
2319,16,3,19,306.56335289052635
2320,16,3,20,207.80946215994294
2321,16,3,21,209.06677357517333
2322,16,3,22,204.3672466862225
2323,16,3,23,319.60137820617445
2324,16,3,24,323.3662847051758
2325,16,3,25,297.8388092298327
2326,16,3,26,184.69382965132098
2327,16,3,27,236.8054229452524
2328,16,3,28,217.0075923897836
2329,16,3,29,372.0670396651175
2330,16,3,30,266.28577040088936
2331,16,3,31,187.53715682487945
2332,16,3,32,288.7873144504261
2333,16,3,33,331.6781201800631
2334,16,3,34,331.70188380638916
2335,16,3,35,275.20959177114304
2336,16,3,36,322.44773266989444
2337,16,3,37,207.88588610599143
2338,16,3,38,246.38053119045156
2339,16,3,39,333.75027702059185
2340,16,3,40,250.03048251565934
2341,16,3,41,186.99758219045978
2342,16,3,42,187.1878868691141
2343,16,3,43,229.1758395155553
2344,16,3,44,187.8637072603981
2345,16,3,45,183.61758399759256
2346,16,3,46,315.1174234520337
2347,16,3,47,257.1971577563443
2348,16,3,48,269.294764382195
2349,16,3,49,315.2772206099931
2350,16,3,50,228.3044572049143
2351,16,3,51,314.2090932928714
2352,16,3,52,326.3337182201012
2353,16,3,53,344.9871241990938
2354,16,3,54,198.60180192491765
2355,16,3,55,221.52293438844316
2356,16,3,56,323.8754252562107
2357,16,3,57,311.89601666371993
2358,16,3,58,186.43450993831468
2359,16,3,59,237.82295750627114
2360,16,3,60,313.88232884165774
2361,16,3,61,288.3145821672757
2362,16,3,62,301.057433111256
2363,16,3,63,300.3572264660377
2364,16,3,64,347.7822291937459
2365,16,3,65,258.15490021976865
2366,16,3,66,229.9186208218807
2367,16,3,67,187.28848209481794
2368,16,3,68,302.51444506386855
2369,16,3,69,348.4136618124969
2370,16,3,70,296.4532169514987
2371,16,3,71,230.5298783780027
2372,16,3,72,284.75856091989715
2373,16,3,73,349.7341102516572
2374,16,3,74,253.76500567537252
2375,16,3,75,185.57931779691864
2376,16,3,76,249.54263967441165
2377,16,3,77,293.8990611667824
2378,16,3,78,294.79575589798765
2379,16,3,79,338.9590864386333
2380,16,3,80,220.3037904533128
2381,16,3,81,214.0563241952615
2382,16,3,82,280.97210976112103
2383,16,3,83,343.5465305690095
2384,16,3,84,326.6401883879678
2385,16,3,85,182.40960015612643
2386,16,3,86,204.26474879497613
2387,16,3,87,301.8950912578527
2388,16,3,88,180.0052855311366
2389,16,3,89,234.11801652093632
2390,16,3,90,211.15700271088835
2391,16,3,91,381.86657555725395
2392,16,3,92,369.7801550824259
2393,16,3,93,219.73462159336762
2394,16,3,94,327.7943520015556
2395,16,3,95,186.30920210751304
2396,16,3,96,257.04085903877916
2397,16,3,97,345.28042835188876
2398,16,3,98,221.16870004358117
2399,16,3,99,209.43316142604064
2400,20,1,0,102.2250041550183
2401,20,1,1,112.9672436766764
2402,20,1,2,99.63584077331869
2403,20,1,3,75.11235714727256
2404,20,1,4,85.63781966633775
2405,20,1,5,102.55278027244727
2406,20,1,6,71.9533526633549
2407,20,1,7,81.70608235691465
2408,20,1,8,407.6785124339018
2409,20,1,9,286.1656009663311
2410,20,1,10,84.35802068968648
2411,20,1,11,111.80197111892389
2412,20,1,12,109.92051936519044
2413,20,1,13,68.2097781788514
2414,20,1,14,99.18909264455678
2415,20,1,15,111.35061358933856
2416,20,1,16,119.5727897961819
2417,20,1,17,111.50833409933429
2418,20,1,18,262.49558004163345
2419,20,1,19,102.62681487768486
2420,20,1,20,114.10529388572039
2421,20,1,21,112.48977437046521
2422,20,1,22,111.80398977962459
2423,20,1,23,87.67571791967961
2424,20,1,24,112.74280116667532
2425,20,1,25,106.56612710614478
2426,20,1,26,255.05939330366877
2427,20,1,27,224.3322597072603
2428,20,1,28,109.5398340082998
2429,20,1,29,222.68438359477761
2430,20,1,30,87.87090352783599
2431,20,1,31,80.81719575941568
2432,20,1,32,112.25614946949105
2433,20,1,33,227.65579046238705
2434,20,1,34,223.61578151137172
2435,20,1,35,261.368999906962
2436,20,1,36,75.89284073574187
2437,20,1,37,113.36447345304794
2438,20,1,38,107.24193581987429
2439,20,1,39,107.08785885567939
2440,20,1,40,76.04980299688533
2441,20,1,41,80.49402808800711
2442,20,1,42,112.17537672042799
2443,20,1,43,100.4870432565996
2444,20,1,44,99.93930041298337
2445,20,1,45,110.7637674963695
2446,20,1,46,266.53351352727856
2447,20,1,47,111.12158395086176
2448,20,1,48,101.08694066132843
2449,20,1,49,224.85084364631962
2450,20,1,50,91.52098932156632
2451,20,1,51,74.5207192776796
2452,20,1,52,78.0497274930511
2453,20,1,53,86.74397794710379
2454,20,1,54,107.06927504678038
2455,20,1,55,112.34202527467136
2456,20,1,56,238.96250995702945
2457,20,1,57,110.95140716852144
2458,20,1,58,111.41882852566948
2459,20,1,59,112.33612982679401
2460,20,1,60,109.75901004579292
2461,20,1,61,103.25369444259513
2462,20,1,62,222.16740322517128
2463,20,1,63,112.34510318719863
2464,20,1,64,270.7656052260941
2465,20,1,65,113.56114619711707
2466,20,1,66,103.82970332955911
2467,20,1,67,345.84599572363766
2468,20,1,68,99.8730628118458
2469,20,1,69,65.37285210723564
2470,20,1,70,263.82880067763716
2471,20,1,71,99.4026987193058
2472,20,1,72,111.4913000674542
2473,20,1,73,111.28882659027565
2474,20,1,74,97.90970092119572
2475,20,1,75,109.75315819182556
2476,20,1,76,110.64459946049374
2477,20,1,77,63.73987103552617
2478,20,1,78,116.63799244901183
2479,20,1,79,80.44229992767714
2480,20,1,80,66.25434495214854
2481,20,1,81,222.42469584235872
2482,20,1,82,69.61539885079019
2483,20,1,83,73.87108962733429
2484,20,1,84,259.96577872476644
2485,20,1,85,329.34956640622437
2486,20,1,86,110.96534964055934
2487,20,1,87,301.7870020677999
2488,20,1,88,70.51600451851
2489,20,1,89,265.20561995790075
2490,20,1,90,109.80119377026101
2491,20,1,91,321.7605787906218
2492,20,1,92,76.41678229391347
2493,20,1,93,112.49889844017501
2494,20,1,94,221.18961409996376
2495,20,1,95,74.44051285020802
2496,20,1,96,73.8351748770983
2497,20,1,97,111.11696254084458
2498,20,1,98,223.41624428253832
2499,20,1,99,103.47893769189447
2500,20,2,0,100.25019117004204
2501,20,2,1,113.60153371666519
2502,20,2,2,108.79946771704896
2503,20,2,3,93.76969445262586
2504,20,2,4,66.84547928521162
2505,20,2,5,220.52301985397898
2506,20,2,6,218.31685522684492
2507,20,2,7,222.60275728449736
2508,20,2,8,204.37340254020557
2509,20,2,9,111.93720103816315
2510,20,2,10,220.81474501091935
2511,20,2,11,75.7886282090286
2512,20,2,12,221.12378896312921
2513,20,2,13,109.04317165914563
2514,20,2,14,63.21365027727784
2515,20,2,15,102.69513600613654
2516,20,2,16,204.67874197286005
2517,20,2,17,113.41492004396491
2518,20,2,18,223.3039327536545
2519,20,2,19,92.96493853458084
2520,20,2,20,85.01288826438426
2521,20,2,21,221.9944915276837
2522,20,2,22,220.84947901963488
2523,20,2,23,82.53365642550517
2524,20,2,24,109.15628016161881
2525,20,2,25,112.76795256754156
2526,20,2,26,222.87253008051806
2527,20,2,27,111.07924830175921
2528,20,2,28,111.51177082637062
2529,20,2,29,222.7927675593576
2530,20,2,30,217.1939502645373
2531,20,2,31,216.80284744733916
2532,20,2,32,113.36202766209024
2533,20,2,33,204.00647159198624
2534,20,2,34,113.54245513372507
2535,20,2,35,219.67705335470706
2536,20,2,36,102.09113847515214
2537,20,2,37,113.95984518887029
2538,20,2,38,221.96672631132773
2539,20,2,39,118.23015352558701
2540,20,2,40,219.2263583775382
2541,20,2,41,108.44716258755042
2542,20,2,42,107.52376007114556
2543,20,2,43,83.06984383959191
2544,20,2,44,105.84924687751716
2545,20,2,45,110.54859092128115
2546,20,2,46,210.0275947275184
2547,20,2,47,110.90338877332583
2548,20,2,48,213.29948849324495
2549,20,2,49,110.41372622741319
2550,20,2,50,109.69615158103457
2551,20,2,51,108.16904978444667
2552,20,2,52,110.25630639064704
2553,20,2,53,115.39215035141737
2554,20,2,54,221.7570552095861
2555,20,2,55,101.39615374366366
2556,20,2,56,237.53969516651168
2557,20,2,57,114.20759574831247
2558,20,2,58,94.87677651062072
2559,20,2,59,92.69295080739055
2560,20,2,60,70.66343997391424
2561,20,2,61,232.6442313417626
2562,20,2,62,105.88294497534338
2563,20,2,63,418.26612258545225
2564,20,2,64,212.86138930033198
2565,20,2,65,110.1612881377258
2566,20,2,66,91.57622271263234
2567,20,2,67,215.41335932022446
2568,20,2,68,113.26127567719719
2569,20,2,69,99.68663315506326
2570,20,2,70,111.34297331654237
2571,20,2,71,111.79016462376197
2572,20,2,72,221.87949144536668
2573,20,2,73,208.8457238280017
2574,20,2,74,111.1230041110542
2575,20,2,75,109.10314806144113
2576,20,2,76,108.75281888947242
2577,20,2,77,106.73478969835716
2578,20,2,78,222.23031147765283
2579,20,2,79,238.5901979597451
2580,20,2,80,195.9621437273532
2581,20,2,81,226.12847012702764
2582,20,2,82,112.25424727785868
2583,20,2,83,67.38252020592792
2584,20,2,84,111.08663511088082
2585,20,2,85,103.67543942476162
2586,20,2,86,64.08792606802162
2587,20,2,87,219.46708802820407
2588,20,2,88,200.01326897729317
2589,20,2,89,91.84537432476779
2590,20,2,90,200.90395609937477
2591,20,2,91,113.91106047861524
2592,20,2,92,74.3938231926876
2593,20,2,93,113.49077013785148
2594,20,2,94,102.04437591014455
2595,20,2,95,103.13709933511268
2596,20,2,96,232.84224944283957
2597,20,2,97,109.93903057088383
2598,20,2,98,204.2354210906398
2599,20,2,99,202.6244413210401
2600,20,3,0,462.57308526872566
2601,20,3,1,502.2944793456134
2602,20,3,2,535.3670505788775
2603,20,3,3,481.05816790308256
2604,20,3,4,481.95822290529975
2605,20,3,5,476.4511399201814
2606,20,3,6,470.7469503715498
2607,20,3,7,493.48985190708146
2608,20,3,8,491.26930733175874
2609,20,3,9,508.1179808603566
2610,20,3,10,406.69792361534746
2611,20,3,11,512.4202208093286
2612,20,3,12,477.5967087951704
2613,20,3,13,503.118211402866
2614,20,3,14,450.352229811318
2615,20,3,15,458.16978458140835
2616,20,3,16,508.12225026671496
2617,20,3,17,512.0333408287083
2618,20,3,18,533.4355227583056
2619,20,3,19,501.2940299801113
2620,20,3,20,473.8525909647067
2621,20,3,21,431.00662863390386
2622,20,3,22,505.3729256952001
2623,20,3,23,437.44151420852336
2624,20,3,24,531.2013596380592
2625,20,3,25,525.3040625639123
2626,20,3,26,502.4117920476343
2627,20,3,27,467.5216867492141
2628,20,3,28,508.81411630569045
2629,20,3,29,481.9947210468471
2630,20,3,30,503.0436226436263
2631,20,3,31,528.8062830522389
2632,20,3,32,439.54567631113855
2633,20,3,33,418.42741686125487
2634,20,3,34,495.8069613929012
2635,20,3,35,512.1856552806299
2636,20,3,36,525.8527880181078
2637,20,3,37,455.69192706303056
2638,20,3,38,474.54412311999664
2639,20,3,39,454.6863892926091
2640,20,3,40,528.1455060274789
2641,20,3,41,451.30671913347186
2642,20,3,42,476.9106365720527
2643,20,3,43,495.56085459548467
2644,20,3,44,504.0436631238977
2645,20,3,45,516.7892394959795
2646,20,3,46,489.4490913173337
2647,20,3,47,515.3984481638744
2648,20,3,48,454.3395668769499
2649,20,3,49,524.7029444639367
2650,20,3,50,519.8623772790685
2651,20,3,51,500.3292055536217
2652,20,3,52,465.36973420489664
2653,20,3,53,505.0889325371493
2654,20,3,54,501.7175331049715
2655,20,3,55,460.9197136336725
2656,20,3,56,489.3018882230654
2657,20,3,57,507.16922683595396
2658,20,3,58,487.28247372820556
2659,20,3,59,497.96481663648257
2660,20,3,60,485.1158448290099
2661,20,3,61,422.8408757886188
2662,20,3,62,523.3761113598788
2663,20,3,63,511.45962155941277
2664,20,3,64,512.3426497587789
2665,20,3,65,453.74406714469234
2666,20,3,66,437.80888936003316
2667,20,3,67,520.5352741831722
2668,20,3,68,519.5694782358518
2669,20,3,69,448.71333088668644
2670,20,3,70,478.409657281463
2671,20,3,71,533.7447890945699
2672,20,3,72,536.8532545379699
2673,20,3,73,431.4645375363863
2674,20,3,74,502.3733406416413
2675,20,3,75,477.8522798992035
2676,20,3,76,524.7443867554567
2677,20,3,77,503.07947076288355
2678,20,3,78,518.6160153630791
2679,20,3,79,492.40310470566027
2680,20,3,80,457.70768919560464
2681,20,3,81,512.8100707605695
2682,20,3,82,499.56478509699343
2683,20,3,83,486.9397356961795
2684,20,3,84,501.2590527256029
2685,20,3,85,420.3216746937064
2686,20,3,86,515.7147119722671
2687,20,3,87,535.7525736426458
2688,20,3,88,493.50283976710455
2689,20,3,89,519.3335833953209
2690,20,3,90,519.6907695845282
2691,20,3,91,479.40753979915604
2692,20,3,92,444.91632419608527
2693,20,3,93,520.1457665163916
2694,20,3,94,498.51806773774285
2695,20,3,95,533.5878407658005
2696,20,3,96,486.42889693768774
2697,20,3,97,432.5534434714507
2698,20,3,98,532.5985750180722
2699,20,3,99,505.5289007464791
2700,26,1,0,153.52300838917324
2701,26,1,1,183.02336296143935
2702,26,1,2,158.2426014159199
2703,26,1,3,164.0464616372721
2704,26,1,4,191.06657404044554
2705,26,1,5,130.11199190169737
2706,26,1,6,175.27234364241596
2707,26,1,7,137.99353651571437
2708,26,1,8,111.71553052381483
2709,26,1,9,126.12927041069473
2710,26,1,10,144.61621289611298
2711,26,1,11,127.0173816610565
2712,26,1,12,139.5629113305616
2713,26,1,13,185.11909891891045
2714,26,1,14,156.70357372989548
2715,26,1,15,135.11201224114956
2716,26,1,16,142.52965201937516
2717,26,1,17,147.75861708648745
2718,26,1,18,165.31450933803347
2719,26,1,19,164.01054216522257
2720,26,1,20,142.3385560793492
2721,26,1,21,159.0795043521876
2722,26,1,22,183.457685981094
2723,26,1,23,104.47810282753439
2724,26,1,24,142.70778341124074
2725,26,1,25,128.17876109183115
2726,26,1,26,129.875594527314
2727,26,1,27,98.17064945903263
2728,26,1,28,152.63833386580902
2729,26,1,29,138.0029255200599
2730,26,1,30,175.6996567641273
2731,26,1,31,158.8312068441796
2732,26,1,32,138.82634491150347
2733,26,1,33,135.82754666227615
2734,26,1,34,147.32775276477403
2735,26,1,35,105.71936130619697
2736,26,1,36,146.88515885306091
2737,26,1,37,164.7058601992887
2738,26,1,38,156.7502336404877
2739,26,1,39,98.8296707220474
2740,26,1,40,145.5916496975571
2741,26,1,41,138.07834205244083
2742,26,1,42,98.24367562595934
2743,26,1,43,159.9628823206589
2744,26,1,44,160.7343998414392
2745,26,1,45,154.31494125456834
2746,26,1,46,154.72794332072405
2747,26,1,47,197.7133562725917
2748,26,1,48,133.04451206411235
2749,26,1,49,144.42118390965575
2750,26,1,50,111.20161689439175
2751,26,1,51,189.8212192902795
2752,26,1,52,105.34898203352641
2753,26,1,53,126.80788039108747
2754,26,1,54,167.25206938436062
2755,26,1,55,126.45971382210305
2756,26,1,56,205.32116667772112
2757,26,1,57,159.66611632478978
2758,26,1,58,173.5700771018264
2759,26,1,59,152.73694827738004
2760,26,1,60,146.03997004615934
2761,26,1,61,149.77193385643187
2762,26,1,62,185.7126155900062
2763,26,1,63,111.53540158844001
2764,26,1,64,115.76896288742256
2765,26,1,65,175.20893873212466
2766,26,1,66,161.7701688020648
2767,26,1,67,152.16056587099723
2768,26,1,68,99.14863960932936
2769,26,1,69,142.0179579659653
2770,26,1,70,170.98076482596463
2771,26,1,71,162.09079642436535
2772,26,1,72,149.82932010437685
2773,26,1,73,158.948654544224
2774,26,1,74,190.0152202946576
2775,26,1,75,163.0965644752173
2776,26,1,76,149.67757057465565
2777,26,1,77,139.1785245574538
2778,26,1,78,157.95371911035966
2779,26,1,79,144.42442876855586
2780,26,1,80,118.9247501357183
2781,26,1,81,178.0193146558132
2782,26,1,82,105.38490350183406
2783,26,1,83,112.34798289360434
2784,26,1,84,125.02295517273917
2785,26,1,85,128.53114985516447
2786,26,1,86,112.82337882416702
2787,26,1,87,144.55491318931905
2788,26,1,88,164.16020206004117
2789,26,1,89,175.74190601116666
2790,26,1,90,97.50368089120319
2791,26,1,91,141.61555699184663
2792,26,1,92,164.7311399324194
2793,26,1,93,140.0550377900863
2794,26,1,94,143.04431802107968
2795,26,1,95,134.60067890857914
2796,26,1,96,198.20250315254418
2797,26,1,97,198.4186909539349
2798,26,1,98,119.45733314668848
2799,26,1,99,130.5917847134083
2800,26,2,0,118.7535942557269
2801,26,2,1,444.93084586109507
2802,26,2,2,388.04148995433536
2803,26,2,3,376.31388944385196
2804,26,2,4,443.04640172407454
2805,26,2,5,95.11207923419221
2806,26,2,6,373.2699419173496
2807,26,2,7,84.88740977387219
2808,26,2,8,408.8315310595611
2809,26,2,9,359.82379816022086
2810,26,2,10,102.74321602300954
2811,26,2,11,444.7782079069457
2812,26,2,12,397.88932607690134
2813,26,2,13,420.20000155635955
2814,26,2,14,356.8665503990101
2815,26,2,15,100.69674909296673
2816,26,2,16,364.0548979193766
2817,26,2,17,370.24592861993233
2818,26,2,18,434.56338470557307
2819,26,2,19,369.01670816786896
2820,26,2,20,353.1474506810343
2821,26,2,21,424.24781002596694
2822,26,2,22,434.0875014243442
2823,26,2,23,370.19617440957035
2824,26,2,24,397.6744989000446
2825,26,2,25,369.38065932428856
2826,26,2,26,375.8080131806187
2827,26,2,27,109.51923163385818
2828,26,2,28,342.5036531563987
2829,26,2,29,374.5773224230872
2830,26,2,30,444.32896772072866
2831,26,2,31,150.693371411426
2832,26,2,32,428.66282430894205
2833,26,2,33,361.27963553702983
2834,26,2,34,114.25093744084658
2835,26,2,35,430.5987478976853
2836,26,2,36,356.325241801931
2837,26,2,37,401.0948899473444
2838,26,2,38,423.2028822731375
2839,26,2,39,207.63751677870758
2840,26,2,40,389.1534058366934
2841,26,2,41,364.86392832021056
2842,26,2,42,412.2693116345082
2843,26,2,43,370.26383628668725
2844,26,2,44,404.8617762955113
2845,26,2,45,409.740078413818
2846,26,2,46,344.31679240544656
2847,26,2,47,387.52734007769476
2848,26,2,48,80.20876171000738
2849,26,2,49,209.66036748262204
2850,26,2,50,411.61743044800426
2851,26,2,51,114.95022653553212
2852,26,2,52,377.20211457348705
2853,26,2,53,348.9862224888472
2854,26,2,54,396.8802979159453
2855,26,2,55,422.335991704428
2856,26,2,56,413.28823517411223
2857,26,2,57,364.386693184699
2858,26,2,58,433.9838039599564
2859,26,2,59,447.8969917617324
2860,26,2,60,350.5979733013865
2861,26,2,61,359.9176824315837
2862,26,2,62,348.7312154466864
2863,26,2,63,362.2862703692317
2864,26,2,64,353.71969392037755
2865,26,2,65,382.55656330098054
2866,26,2,66,421.74276157854854
2867,26,2,67,391.2098562962228
2868,26,2,68,369.3585028839896
2869,26,2,69,346.4120732683386
2870,26,2,70,148.00699442573435
2871,26,2,71,358.3103677016305
2872,26,2,72,168.89115163208294
2873,26,2,73,364.2270257657791
2874,26,2,74,373.20834842114255
2875,26,2,75,403.8674234352466
2876,26,2,76,376.46981112313296
2877,26,2,77,165.22086293744883
2878,26,2,78,372.58495545613056
2879,26,2,79,399.76480899146065
2880,26,2,80,366.10803007258943
2881,26,2,81,401.64114432531744
2882,26,2,82,67.13751992203264
2883,26,2,83,387.1426550987719
2884,26,2,84,448.123253250022
2885,26,2,85,356.1143018234444
2886,26,2,86,358.15872122779007
2887,26,2,87,378.205768551
2888,26,2,88,378.9397013216451
2889,26,2,89,393.86253608539414
2890,26,2,90,188.91337056624255
2891,26,2,91,366.8550562731715
2892,26,2,92,369.59912861115464
2893,26,2,93,392.4619484943421
2894,26,2,94,422.38190671736385
2895,26,2,95,383.06863865886055
2896,26,2,96,82.36928314824233
2897,26,2,97,430.37982685724126
2898,26,2,98,76.63788672950027
2899,26,2,99,344.80682920059496
2900,26,3,0,436.2596782458306
2901,26,3,1,450.67672808507945
2902,26,3,2,427.3592010835563
2903,26,3,3,425.5542232943968
2904,26,3,4,499.2780541531293
2905,26,3,5,421.2291150486993
2906,26,3,6,437.37956753363676
2907,26,3,7,424.56396110170687
2908,26,3,8,406.61859178366603
2909,26,3,9,410.3814747995089
2910,26,3,10,418.00255668369033
2911,26,3,11,455.86485964622597
2912,26,3,12,423.4242298304032
2913,26,3,13,406.8530898776672
2914,26,3,14,524.4934866481287
2915,26,3,15,404.0814907900193
2916,26,3,16,380.4006090893117
2917,26,3,17,430.1540055140516
2918,26,3,18,362.4154218817036
2919,26,3,19,426.6951676760345
2920,26,3,20,424.03597795530226
2921,26,3,21,345.05999538415904
2922,26,3,22,428.590089963062
2923,26,3,23,385.6428565296875
2924,26,3,24,527.7359576392654
2925,26,3,25,395.99843842323577
2926,26,3,26,376.45696907098716
2927,26,3,27,457.583079941339
2928,26,3,28,409.8278189845926
2929,26,3,29,360.09744759977593
2930,26,3,30,426.5451471049974
2931,26,3,31,431.2834281948435
2932,26,3,32,420.99820828614287
2933,26,3,33,446.47686431048567
2934,26,3,34,446.3986323910836
2935,26,3,35,466.14802161105416
2936,26,3,36,428.19777253455146
2937,26,3,37,418.28405732653664
2938,26,3,38,462.4479440253698
2939,26,3,39,404.8511892228121
2940,26,3,40,367.63710435135164
2941,26,3,41,472.59623352594417
2942,26,3,42,425.3862295685331
2943,26,3,43,383.3585492511999
2944,26,3,44,422.1345571537268
2945,26,3,45,428.8911268980907
2946,26,3,46,432.5610052361274
2947,26,3,47,502.37786932465616
2948,26,3,48,379.6342434116311
2949,26,3,49,391.47302966527224
2950,26,3,50,421.7912827296622
2951,26,3,51,469.95207572378837
2952,26,3,52,437.95515251023267
2953,26,3,53,402.8313131273943
2954,26,3,54,378.0160554890462
2955,26,3,55,424.9466729329214
2956,26,3,56,449.19078193572045
2957,26,3,57,476.9133280438727
2958,26,3,58,418.49690618974176
2959,26,3,59,441.5931210620314
2960,26,3,60,426.53362402024476
2961,26,3,61,422.35393667812224
2962,26,3,62,419.7692374472479
2963,26,3,63,414.88690407282905
2964,26,3,64,400.33233818003924
2965,26,3,65,442.19660133160363
2966,26,3,66,420.637320110813
2967,26,3,67,496.6682971559024
2968,26,3,68,387.63201971015906
2969,26,3,69,486.60680966084414
2970,26,3,70,464.3891493266002
2971,26,3,71,461.18733385609613
2972,26,3,72,352.9349416096096
2973,26,3,73,520.8740851150876
2974,26,3,74,360.5515928080651
2975,26,3,75,509.56762508046006
2976,26,3,76,473.5063315744107
2977,26,3,77,422.6804938035386
2978,26,3,78,409.5650376286886
2979,26,3,79,497.819064969425
2980,26,3,80,423.8614052593457
2981,26,3,81,424.964601119628
2982,26,3,82,423.5925882509059
2983,26,3,83,429.4340171420697
2984,26,3,84,372.81923492849296
2985,26,3,85,409.30191909050404
2986,26,3,86,454.85172579751935
2987,26,3,87,420.36466172361924
2988,26,3,88,453.30073460370113
2989,26,3,89,425.50487973003993
2990,26,3,90,431.1024977420054
2991,26,3,91,491.02690178888577
2992,26,3,92,530.8831298445225
2993,26,3,93,409.1086074426306
2994,26,3,94,495.1615706513074
2995,26,3,95,465.68392942366125
2996,26,3,96,460.92628853185045
2997,26,3,97,414.19559169777864
2998,26,3,98,428.3191780081594
2999,26,3,99,452.09182231678597
3000,27,1,0,382.8344921897181
3001,27,1,1,391.6573054479795
3002,27,1,2,459.64947322964804
3003,27,1,3,399.98335216095785
3004,27,1,4,376.98453085026574
3005,27,1,5,199.98518296340475
3006,27,1,6,104.22671285110093
3007,27,1,7,92.5858559852583
3008,27,1,8,184.8334664787338
3009,27,1,9,171.2881042026992
3010,27,1,10,204.6560293162404
3011,27,1,11,404.74699539194006
3012,27,1,12,136.31231351755687
3013,27,1,13,381.2466681643071
3014,27,1,14,383.7559038406265
3015,27,1,15,107.19314171563774
3016,27,1,16,132.55195418534876
3017,27,1,17,382.55460872219504
3018,27,1,18,82.49617481638738
3019,27,1,19,105.68672719940444
3020,27,1,20,67.67271001192611
3021,27,1,21,79.1631104363852
3022,27,1,22,163.4614890775798
3023,27,1,23,186.76454484911594
3024,27,1,24,382.75279025709494
3025,27,1,25,382.39989488861306
3026,27,1,26,194.27972017127595
3027,27,1,27,221.6414919019991
3028,27,1,28,180.7303049791964
3029,27,1,29,404.11355087973794
3030,27,1,30,193.72064227715757
3031,27,1,31,390.8273288963966
3032,27,1,32,400.8696432775892
3033,27,1,33,199.08030031261578
3034,27,1,34,164.8645469306171
3035,27,1,35,80.45588247827082
3036,27,1,36,183.37373716139066
3037,27,1,37,379.8317480473955
3038,27,1,38,428.9169196352147
3039,27,1,39,434.51438287149665
3040,27,1,40,381.097175270092
3041,27,1,41,378.54144246282806
3042,27,1,42,406.64203000711655
3043,27,1,43,151.9639961294445
3044,27,1,44,191.2531943692634
3045,27,1,45,402.5631333205307
3046,27,1,46,393.09552883416484
3047,27,1,47,162.98185574820855
3048,27,1,48,172.3723026030537
3049,27,1,49,112.77122543943217
3050,27,1,50,163.2761599504381
3051,27,1,51,387.31332033439617
3052,27,1,52,209.23649240747676
3053,27,1,53,196.43788767608024
3054,27,1,54,199.0744030115595
3055,27,1,55,539.3365571701385
3056,27,1,56,208.7570787535268
3057,27,1,57,162.22013765616515
3058,27,1,58,380.74374292698525
3059,27,1,59,165.71829356776203
3060,27,1,60,508.94796078007676
3061,27,1,61,374.98953082369366
3062,27,1,62,155.57229794037474
3063,27,1,63,193.54412944006583
3064,27,1,64,383.4939765110908
3065,27,1,65,205.33388188687763
3066,27,1,66,389.5072893008816
3067,27,1,67,396.5182924270015
3068,27,1,68,208.92142948836167
3069,27,1,69,97.3595815288267
3070,27,1,70,370.8306652832504
3071,27,1,71,99.75415796278182
3072,27,1,72,84.63424374776733
3073,27,1,73,187.53364334822805
3074,27,1,74,211.41720773699012
3075,27,1,75,380.34612525896983
3076,27,1,76,93.14120235280832
3077,27,1,77,412.30286357216926
3078,27,1,78,166.41451904836399
3079,27,1,79,78.85244846024779
3080,27,1,80,463.1788090434926
3081,27,1,81,376.21851157002715
3082,27,1,82,195.1480549787236
3083,27,1,83,384.48202622602616
3084,27,1,84,385.1059896887721
3085,27,1,85,488.8533403434775
3086,27,1,86,100.21229684142182
3087,27,1,87,182.65411421889038
3088,27,1,88,149.8123824575067
3089,27,1,89,392.90606880451094
3090,27,1,90,86.39304645907741
3091,27,1,91,176.82513922942286
3092,27,1,92,381.81934111581285
3093,27,1,93,106.80407988338956
3094,27,1,94,166.95086707987204
3095,27,1,95,197.50557855691358
3096,27,1,96,164.63743361029836
3097,27,1,97,185.5818246730909
3098,27,1,98,385.6711007056378
3099,27,1,99,395.13183866109637
3100,27,2,0,208.3032793345449
3101,27,2,1,184.47021577719198
3102,27,2,2,387.8291016546733
3103,27,2,3,161.00497625774832
3104,27,2,4,204.80193629709635
3105,27,2,5,175.81547524521866
3106,27,2,6,122.09980494510148
3107,27,2,7,220.23274140907498
3108,27,2,8,177.22978096360305
3109,27,2,9,171.12729810589775
3110,27,2,10,207.76000707423057
3111,27,2,11,183.14201558918234
3112,27,2,12,173.0663356334632
3113,27,2,13,452.3368093482437
3114,27,2,14,384.8273725157381
3115,27,2,15,165.58258142657905
3116,27,2,16,391.0450711574757
3117,27,2,17,195.95574517942168
3118,27,2,18,166.60753625539587
3119,27,2,19,204.75792802636434
3120,27,2,20,142.88261126943493
3121,27,2,21,167.85588576678413
3122,27,2,22,168.80623542143857
3123,27,2,23,365.5222962547973
3124,27,2,24,123.30810081038264
3125,27,2,25,201.44930107199545
3126,27,2,26,221.06406258285702
3127,27,2,27,174.8497425625538
3128,27,2,28,200.0993107967873
3129,27,2,29,385.1800568565568
3130,27,2,30,185.93639721169907
3131,27,2,31,436.9869323488218
3132,27,2,32,386.7827432130626
3133,27,2,33,174.15215451838435
3134,27,2,34,194.39846650601345
3135,27,2,35,169.91688792294042
3136,27,2,36,361.88994011543053
3137,27,2,37,145.16998156982777
3138,27,2,38,382.0012906587634
3139,27,2,39,218.43914840119885
3140,27,2,40,173.53947630865252
3141,27,2,41,387.11132710417957
3142,27,2,42,189.40314582421325
3143,27,2,43,210.19987135829535
3144,27,2,44,170.9854095964857
3145,27,2,45,159.63757819741423
3146,27,2,46,190.6826573081128
3147,27,2,47,204.31647163397417
3148,27,2,48,484.1877570432437
3149,27,2,49,177.45899119883143
3150,27,2,50,182.91432982169138
3151,27,2,51,198.13102024748295
3152,27,2,52,218.92302716095656
3153,27,2,53,177.1156773480257
3154,27,2,54,213.1489014998108
3155,27,2,55,228.11420509949147
3156,27,2,56,167.0009591188088
3157,27,2,57,161.5576662963132
3158,27,2,58,421.65655525148554
3159,27,2,59,200.80734759584928
3160,27,2,60,122.44931911500532
3161,27,2,61,215.8122610843202
3162,27,2,62,164.23502920729732
3163,27,2,63,217.32871915100748
3164,27,2,64,217.02618421320471
3165,27,2,65,220.93635584838992
3166,27,2,66,473.909591461556
3167,27,2,67,412.5910009442047
3168,27,2,68,195.1582018452921
3169,27,2,69,209.41433444551413
3170,27,2,70,179.27060773601977
3171,27,2,71,187.92520631743352
3172,27,2,72,161.35003240854627
3173,27,2,73,196.81169877144035
3174,27,2,74,196.28273601994744
3175,27,2,75,184.27724475493832
3176,27,2,76,188.72864856759713
3177,27,2,77,216.1400347492244
3178,27,2,78,212.42436434759531
3179,27,2,79,206.88671238091544
3180,27,2,80,183.3989573272529
3181,27,2,81,392.6719804187573
3182,27,2,82,197.84922701360296
3183,27,2,83,216.5536312804914
3184,27,2,84,187.4475630574354
3185,27,2,85,167.41430850287688
3186,27,2,86,161.8249402054521
3187,27,2,87,187.8833141404609
3188,27,2,88,183.15976886703058
3189,27,2,89,382.9131807943631
3190,27,2,90,197.2735248988001
3191,27,2,91,387.3105666482089
3192,27,2,92,228.51241174270356
3193,27,2,93,217.6828533523616
3194,27,2,94,188.7672208668721
3195,27,2,95,202.7595865530022
3196,27,2,96,171.98429175297392
3197,27,2,97,358.16131449894937
3198,27,2,98,165.0416808497843
3199,27,2,99,167.57869582488715
3200,27,3,0,163.10444078174018
3201,27,3,1,161.6503857211959
3202,27,3,2,60.431582512454355
3203,27,3,3,171.79382539290532
3204,27,3,4,379.38044870590807
3205,27,3,5,488.16637788139894
3206,27,3,6,530.4168928129745
3207,27,3,7,472.2823052618531
3208,27,3,8,173.9166908420709
3209,27,3,9,486.82476155065547
3210,27,3,10,87.71861151461742
3211,27,3,11,91.16616562388876
3212,27,3,12,359.5041258807222
3213,27,3,13,470.0436289782201
3214,27,3,14,478.89540699201353
3215,27,3,15,384.356594027759
3216,27,3,16,148.77159891064656
3217,27,3,17,65.24693907015542
3218,27,3,18,187.83531253625426
3219,27,3,19,469.9633429249812
3220,27,3,20,384.46066569290633
3221,27,3,21,65.19776773460984
3222,27,3,22,60.0503999452067
3223,27,3,23,379.78475381424437
3224,27,3,24,189.04507290944233
3225,27,3,25,111.52640824874969
3226,27,3,26,384.475694045018
3227,27,3,27,78.62294485794393
3228,27,3,28,61.42899955120795
3229,27,3,29,86.7895126710132
3230,27,3,30,143.824095667895
3231,27,3,31,388.71418814893667
3232,27,3,32,468.8368503804241
3233,27,3,33,133.79312328151934
3234,27,3,34,86.83953972580633
3235,27,3,35,97.91635323813422
3236,27,3,36,176.59431514582153
3237,27,3,37,463.1270847061319
3238,27,3,38,471.4250412258852
3239,27,3,39,193.90615104998466
3240,27,3,40,183.59028473876427
3241,27,3,41,133.7606529949968
3242,27,3,42,517.0587693542652
3243,27,3,43,493.78718691069014
3244,27,3,44,202.36507654702518
3245,27,3,45,386.2920326968616
3246,27,3,46,65.85100323321784
3247,27,3,47,526.2177742083222
3248,27,3,48,182.83769153491855
3249,27,3,49,162.51367773861773
3250,27,3,50,84.31490277950809
3251,27,3,51,168.9422472320734
3252,27,3,52,68.19051734872097
3253,27,3,53,379.2619753119955
3254,27,3,54,387.76902866526734
3255,27,3,55,131.82431105428685
3256,27,3,56,68.8951826060325
3257,27,3,57,151.67404591814832
3258,27,3,58,158.8820514998299
3259,27,3,59,492.9527962020975
3260,27,3,60,180.89794902478062
3261,27,3,61,386.4296826736464
3262,27,3,62,518.5692136313259
3263,27,3,63,154.99884042858582
3264,27,3,64,161.06822191619563
3265,27,3,65,188.25680149454814
3266,27,3,66,60.936642321171306
3267,27,3,67,133.89380063142667
3268,27,3,68,474.80450120266573
3269,27,3,69,457.7826679983545
3270,27,3,70,71.87089610172264
3271,27,3,71,106.62066009834007
3272,27,3,72,127.70804929417852
3273,27,3,73,64.42016575442192
3274,27,3,74,78.34545180391417
3275,27,3,75,217.5340757441901
3276,27,3,76,442.0588624615599
3277,27,3,77,62.03389893007599
3278,27,3,78,139.45743917990015
3279,27,3,79,481.0254195569221
3280,27,3,80,147.03677759121646
3281,27,3,81,87.4871384032442
3282,27,3,82,384.30988148499694
3283,27,3,83,116.50453763683001
3284,27,3,84,161.73070834381048
3285,27,3,85,82.76119816496396
3286,27,3,86,179.76419128474566
3287,27,3,87,382.6625216529784
3288,27,3,88,157.8396500953326
3289,27,3,89,86.2460569040536
3290,27,3,90,90.46125215155364
3291,27,3,91,184.25228955291342
3292,27,3,92,123.20263084953564
3293,27,3,93,65.7232506823388
3294,27,3,94,117.47080313838765
3295,27,3,95,120.15109065860449
3296,27,3,96,174.26466942323034
3297,27,3,97,469.8437421235853
3298,27,3,98,500.38033266425947
3299,27,3,99,82.88564212510651
3300,32,1,0,111.29413753969312
3301,32,1,1,150.6512641926674
3302,32,1,2,189.694232227522
3303,32,1,3,182.64121083838296
3304,32,1,4,138.5371742959823
3305,32,1,5,98.05321067582014
3306,32,1,6,138.30563759172446
3307,32,1,7,183.0485834764613
3308,32,1,8,167.1013813878196
3309,32,1,9,186.4130768141027
3310,32,1,10,203.82305455985082
3311,32,1,11,191.3131800597426
3312,32,1,12,170.87451848840624
3313,32,1,13,158.3462413628197
3314,32,1,14,175.2681439146517
3315,32,1,15,119.10880511117915
3316,32,1,16,150.4587745171732
3317,32,1,17,161.58746450898028
3318,32,1,18,105.20139800807571
3319,32,1,19,132.23588912750068
3320,32,1,20,144.48438286687787
3321,32,1,21,163.5056077130913
3322,32,1,22,113.47988318739797
3323,32,1,23,146.68749342317207
3324,32,1,24,173.9261757037386
3325,32,1,25,166.22821095512444
3326,32,1,26,146.95667190203392
3327,32,1,27,141.37556732093455
3328,32,1,28,167.6091594761209
3329,32,1,29,146.73170449886018
3330,32,1,30,151.60073465018436
3331,32,1,31,137.0175751054261
3332,32,1,32,144.05993740353335
3333,32,1,33,114.3407328094574
3334,32,1,34,145.24266858941638
3335,32,1,35,130.85379095694012
3336,32,1,36,190.10848040216754
3337,32,1,37,189.751694372867
3338,32,1,38,153.9113187395297
3339,32,1,39,145.2937571308348
3340,32,1,40,198.42488201692188
3341,32,1,41,126.77445178742686
3342,32,1,42,98.70967855106652
3343,32,1,43,160.7942038793952
3344,32,1,44,154.624649625895
3345,32,1,45,147.37427478681815
3346,32,1,46,150.0132281099143
3347,32,1,47,103.88624924949809
3348,32,1,48,196.51968874317197
3349,32,1,49,166.8202457391964
3350,32,1,50,104.37955887694368
3351,32,1,51,173.33315444865764
3352,32,1,52,159.28665865071758
3353,32,1,53,158.56511882044018
3354,32,1,54,148.1090544460772
3355,32,1,55,112.64617575419312
3356,32,1,56,198.3864835205694
3357,32,1,57,152.51829075165787
3358,32,1,58,107.61446593866295
3359,32,1,59,138.1029109462143
3360,32,1,60,160.77573464275196
3361,32,1,61,141.17956928087426
3362,32,1,62,117.76434198483359
3363,32,1,63,117.05320018046768
3364,32,1,64,164.26833857053757
3365,32,1,65,175.50455345606645
3366,32,1,66,172.78602253354435
3367,32,1,67,198.73930426564064
3368,32,1,68,127.29345909831206
3369,32,1,69,197.2792045290948
3370,32,1,70,98.1576634364928
3371,32,1,71,144.9879730598536
3372,32,1,72,177.27332547407823
3373,32,1,73,175.37765327788534
3374,32,1,74,175.82034040226105
3375,32,1,75,155.63226169246735
3376,32,1,76,141.9310483473315
3377,32,1,77,170.027941515431
3378,32,1,78,165.3619836705161
3379,32,1,79,119.3655340079013
3380,32,1,80,98.22667689068375
3381,32,1,81,158.6224096596023
3382,32,1,82,133.1083890634886
3383,32,1,83,112.38385691741276
3384,32,1,84,111.547949418102
3385,32,1,85,118.45583506093948
3386,32,1,86,162.93980963064442
3387,32,1,87,128.37056476369304
3388,32,1,88,139.09131713228498
3389,32,1,89,117.1103829660111
3390,32,1,90,140.11707763874153
3391,32,1,91,142.9211257631898
3392,32,1,92,165.09836534997106
3393,32,1,93,159.47407922448642
3394,32,1,94,111.65395703846463
3395,32,1,95,137.75703150722845
3396,32,1,96,164.7304319996581
3397,32,1,97,187.38507374092714
3398,32,1,98,97.30302193909407
3399,32,1,99,150.20533087831356
3400,32,2,0,328.1350033024966
3401,32,2,1,527.4128796585803
3402,32,2,2,131.6063941432613
3403,32,2,3,73.56595392731516
3404,32,2,4,114.35867728218192
3405,32,2,5,527.2411746793335
3406,32,2,6,533.9013156394423
3407,32,2,7,522.8113786142817
3408,32,2,8,492.16433077739833
3409,32,2,9,536.8013516665862
3410,32,2,10,517.640899707085
3411,32,2,11,69.62471189389179
3412,32,2,12,292.9842519201949
3413,32,2,13,506.2350266726883
3414,32,2,14,65.86300824737691
3415,32,2,15,100.86420956454675
3416,32,2,16,511.3496193336516
3417,32,2,17,132.86043338847693
3418,32,2,18,521.5060692132655
3419,32,2,19,501.9597436736866
3420,32,2,20,294.04119935405436
3421,32,2,21,518.0436230680525
3422,32,2,22,330.8236627301047
3423,32,2,23,476.00382351895234
3424,32,2,24,87.71268608650732
3425,32,2,25,503.9764925163482
3426,32,2,26,64.7225454237274
3427,32,2,27,124.67766808244298
3428,32,2,28,519.0681693793708
3429,32,2,29,99.05678162020125
3430,32,2,30,183.41642585402158
3431,32,2,31,520.3756875520071
3432,32,2,32,506.19545886378353
3433,32,2,33,293.081399914985
3434,32,2,34,188.6107352150162
3435,32,2,35,169.58593416660815
3436,32,2,36,70.85906867717476
3437,32,2,37,178.08564750086046
3438,32,2,38,70.83272698162601
3439,32,2,39,295.00377288315394
3440,32,2,40,88.43739276557143
3441,32,2,41,496.20992642809
3442,32,2,42,475.19096405925626
3443,32,2,43,102.32190237958861
3444,32,2,44,82.8027634442066
3445,32,2,45,525.1044699893308
3446,32,2,46,149.36569328611932
3447,32,2,47,224.69929600008723
3448,32,2,48,82.37821848778704
3449,32,2,49,536.1036039744811
3450,32,2,50,518.2034613088306
3451,32,2,51,520.7608397709716
3452,32,2,52,320.2709135802183
3453,32,2,53,132.05569744277773
3454,32,2,54,318.2407874098416
3455,32,2,55,149.91722786406498
3456,32,2,56,500.2059849398442
3457,32,2,57,536.4659936121551
3458,32,2,58,80.75248848153157
3459,32,2,59,517.1876025302024
3460,32,2,60,88.04706608303792
3461,32,2,61,63.36938351235801
3462,32,2,62,489.36407798550346
3463,32,2,63,526.897655145647
3464,32,2,64,85.56997054156105
3465,32,2,65,518.9099062795455
3466,32,2,66,489.35546551557826
3467,32,2,67,534.7566990673341
3468,32,2,68,516.717137838294
3469,32,2,69,519.4381375624068
3470,32,2,70,170.3327519599843
3471,32,2,71,532.1211467820849
3472,32,2,72,155.4107303670896
3473,32,2,73,526.3475613661932
3474,32,2,74,517.2143391263143
3475,32,2,75,84.6290737388344
3476,32,2,76,137.71163152011164
3477,32,2,77,120.46182077724663
3478,32,2,78,90.60434232737822
3479,32,2,79,513.7397389217566
3480,32,2,80,164.7561446811688
3481,32,2,81,317.20523849316635
3482,32,2,82,173.72841942155392
3483,32,2,83,139.7297876308791
3484,32,2,84,200.9768968457424
3485,32,2,85,525.124301893048
3486,32,2,86,369.89093784862837
3487,32,2,87,516.055657508281
3488,32,2,88,524.746020082375
3489,32,2,89,530.743553095025
3490,32,2,90,140.04108825990207
3491,32,2,91,67.68239366616416
3492,32,2,92,144.46676066356991
3493,32,2,93,76.59978233442816
3494,32,2,94,304.2034032502852
3495,32,2,95,153.79550293416693
3496,32,2,96,74.1270020651902
3497,32,2,97,119.6999213677144
3498,32,2,98,63.0887911941426
3499,32,2,99,520.4842288776662
3500,32,3,0,359.7326796408137
3501,32,3,1,531.0498267509206
3502,32,3,2,518.3583419242275
3503,32,3,3,520.567782378974
3504,32,3,4,292.28811084415696
3505,32,3,5,288.67737139379494
3506,32,3,6,298.7080835340856
3507,32,3,7,511.14386028039445
3508,32,3,8,294.4269725174365
3509,32,3,9,517.2991182783336
3510,32,3,10,304.76478423145795
3511,32,3,11,293.6465919368012
3512,32,3,12,531.0871047190012
3513,32,3,13,518.561057616378
3514,32,3,14,293.027637529143
3515,32,3,15,518.0116157359481
3516,32,3,16,516.3798360758233
3517,32,3,17,522.8270167142384
3518,32,3,18,520.6475350662856
3519,32,3,19,294.9801168959594
3520,32,3,20,298.5159319769517
3521,32,3,21,472.1936918958832
3522,32,3,22,293.3673575353728
3523,32,3,23,524.4141927756988
3524,32,3,24,520.3499726899033
3525,32,3,25,319.8771731058691
3526,32,3,26,310.8347890957604
3527,32,3,27,294.9261615056578
3528,32,3,28,520.3048400276674
3529,32,3,29,516.7567725082099
3530,32,3,30,523.069903562429
3531,32,3,31,526.3967289778545
3532,32,3,32,295.3358248556066
3533,32,3,33,518.136386616967
3534,32,3,34,523.7465464977209
3535,32,3,35,321.8000497373898
3536,32,3,36,515.3277792329017
3537,32,3,37,329.0826736000883
3538,32,3,38,365.2721871212248
3539,32,3,39,517.9433442184543
3540,32,3,40,295.4745598964253
3541,32,3,41,293.6466425903106
3542,32,3,42,518.4270367849946
3543,32,3,43,292.6980917237285
3544,32,3,44,520.8375243681635
3545,32,3,45,482.0724497413611
3546,32,3,46,521.5805552812495
3547,32,3,47,360.52365389604404
3548,32,3,48,511.2381563104607
3549,32,3,49,520.4255369436694
3550,32,3,50,526.9143638904545
3551,32,3,51,521.8919868377288
3552,32,3,52,294.3902764613161
3553,32,3,53,376.58333357506774
3554,32,3,54,516.8777700664614
3555,32,3,55,482.81792869282845
3556,32,3,56,524.6046687458404
3557,32,3,57,524.589910933681
3558,32,3,58,289.9396593048324
3559,32,3,59,295.2494047024758
3560,32,3,60,328.23910610269337
3561,32,3,61,315.6702910510366
3562,32,3,62,298.3145211739399
3563,32,3,63,513.2626682400694
3564,32,3,64,296.4004462990239
3565,32,3,65,303.5375021944745
3566,32,3,66,527.1956881618291
3567,32,3,67,290.05783154915144
3568,32,3,68,296.2824619991329
3569,32,3,69,341.0330822909754
3570,32,3,70,531.4773535301188
3571,32,3,71,355.1023833280236
3572,32,3,72,288.82582030008564
3573,32,3,73,288.2023988806557
3574,32,3,74,529.9608248803466
3575,32,3,75,521.6479701570387
3576,32,3,76,293.9964800167658
3577,32,3,77,295.5778146142851
3578,32,3,78,520.5427937016134
3579,32,3,79,518.0702143603274
3580,32,3,80,530.8715071123946
3581,32,3,81,520.4736758448024
3582,32,3,82,292.51625002153463
3583,32,3,83,339.37103567458036
3584,32,3,84,292.0575465558845
3585,32,3,85,303.20330139061406
3586,32,3,86,505.8279293617059
3587,32,3,87,291.3951741316282
3588,32,3,88,293.9902621689216
3589,32,3,89,293.07257438642495
3590,32,3,90,523.0047865320989
3591,32,3,91,309.25915708103497
3592,32,3,92,519.7361407878994
3593,32,3,93,521.9994398759761
3594,32,3,94,519.8045036850575
3595,32,3,95,292.7613628949199
3596,32,3,96,520.7946491879609
3597,32,3,97,302.0661081017265
3598,32,3,98,291.59210424896116
3599,32,3,99,518.9923396438577
3600,38,1,0,239.32707642543335
3601,38,1,1,155.82567270379306
3602,38,1,2,238.32370606191185
3603,38,1,3,236.39164751165123
3604,38,1,4,184.8460677889226
3605,38,1,5,198.98376304838317
3606,38,1,6,237.05520601699425
3607,38,1,7,238.12237403008993
3608,38,1,8,236.47457556735264
3609,38,1,9,238.72603431248385
3610,38,1,10,236.96745496566055
3611,38,1,11,175.0255477460015
3612,38,1,12,234.89682925929029
3613,38,1,13,237.25297169712718
3614,38,1,14,235.3898945625714
3615,38,1,15,176.3324346492487
3616,38,1,16,236.17495938150657
3617,38,1,17,156.24033223581023
3618,38,1,18,166.2980722294937
3619,38,1,19,141.7770060057156
3620,38,1,20,407.4619475205799
3621,38,1,21,236.5094794146066
3622,38,1,22,239.21605965003573
3623,38,1,23,238.22184309492252
3624,38,1,24,107.17829604236073
3625,38,1,25,109.8569921356567
3626,38,1,26,84.47071350931576
3627,38,1,27,238.5609942783861
3628,38,1,28,235.63181713984156
3629,38,1,29,415.98363306635673
3630,38,1,30,237.83506490684312
3631,38,1,31,237.06947836953373
3632,38,1,32,99.8140113277959
3633,38,1,33,236.9360299558829
3634,38,1,34,238.58169530049267
3635,38,1,35,237.32976617015694
3636,38,1,36,125.73995513933845
3637,38,1,37,241.693908595854
3638,38,1,38,235.72185822962547
3639,38,1,39,134.18242836717528
3640,38,1,40,115.28514976428427
3641,38,1,41,425.37833704865636
3642,38,1,42,237.93365627131848
3643,38,1,43,238.5803045024537
3644,38,1,44,237.29701999544582
3645,38,1,45,205.52094293881484
3646,38,1,46,250.70324107459507
3647,38,1,47,237.1315142984591
3648,38,1,48,247.31428261879287
3649,38,1,49,138.55525611732335
3650,38,1,50,237.39478926795547
3651,38,1,51,435.3219711995892
3652,38,1,52,507.23127199004324
3653,38,1,53,236.78639780729452
3654,38,1,54,241.0539117914005
3655,38,1,55,255.1771685529232
3656,38,1,56,238.11536940564983
3657,38,1,57,235.27123691845256
3658,38,1,58,127.88793273939856
3659,38,1,59,164.593947319998
3660,38,1,60,235.8978595275278
3661,38,1,61,114.13563862364818
3662,38,1,62,237.52077618204714
3663,38,1,63,236.8209779595898
3664,38,1,64,236.76184766345912
3665,38,1,65,235.27236849681105
3666,38,1,66,237.2166825657845
3667,38,1,67,236.7624995118139
3668,38,1,68,241.94294006156943
3669,38,1,69,237.41678082647232
3670,38,1,70,237.21982402139383
3671,38,1,71,237.9217136871405
3672,38,1,72,132.61245074278935
3673,38,1,73,240.39244931251488
3674,38,1,74,519.0748366654584
3675,38,1,75,236.93929808659718
3676,38,1,76,143.89599558683597
3677,38,1,77,377.9999684177758
3678,38,1,78,255.00854595995173
3679,38,1,79,426.0348924336008
3680,38,1,80,235.44376863299595
3681,38,1,81,237.54543548435242
3682,38,1,82,236.39355733995342
3683,38,1,83,238.01628008906306
3684,38,1,84,153.42060582006047
3685,38,1,85,409.18100440822457
3686,38,1,86,231.94127806078012
3687,38,1,87,237.4448826873102
3688,38,1,88,236.86996157555097
3689,38,1,89,399.4868926615235
3690,38,1,90,237.3108773743913
3691,38,1,91,236.0788181363446
3692,38,1,92,425.2339897771834
3693,38,1,93,244.73603095616474
3694,38,1,94,237.41334886603502
3695,38,1,95,237.17588170853287
3696,38,1,96,237.86537453461492
3697,38,1,97,237.12692630853726
3698,38,1,98,237.0539644878079
3699,38,1,99,237.03315647157285
3700,38,2,0,129.15374794926643
3701,38,2,1,160.8360680466465
3702,38,2,2,194.22740250239858
3703,38,2,3,99.12129076340676
3704,38,2,4,235.78577675427292
3705,38,2,5,133.60331135349918
3706,38,2,6,154.38866735928102
3707,38,2,7,243.21458758148736
3708,38,2,8,87.57688714263817
3709,38,2,9,171.11063804151323
3710,38,2,10,84.90245815184426
3711,38,2,11,251.89178617242524
3712,38,2,12,224.24544016593876
3713,38,2,13,187.24777700591426
3714,38,2,14,99.88749722042317
3715,38,2,15,201.57894330971158
3716,38,2,16,125.67040037069648
3717,38,2,17,68.93504103872509
3718,38,2,18,220.7375404806393
3719,38,2,19,125.33605501665009
3720,38,2,20,151.0463241854754
3721,38,2,21,190.03561670159522
3722,38,2,22,104.59107645258247
3723,38,2,23,216.66591121353588
3724,38,2,24,232.40938822302797
3725,38,2,25,112.66367458170303
3726,38,2,26,181.33643233075836
3727,38,2,27,166.03718475265993
3728,38,2,28,130.03000759057866
3729,38,2,29,221.75683285079313
3730,38,2,30,178.14014444417583
3731,38,2,31,212.14806415992803
3732,38,2,32,506.4979897950006
3733,38,2,33,155.65200031616658
3734,38,2,34,95.76473498197602
3735,38,2,35,87.7773589534561
3736,38,2,36,166.33949024891518
3737,38,2,37,117.00240500714384
3738,38,2,38,509.7660073099579
3739,38,2,39,226.91620222845134
3740,38,2,40,213.61731987891545
3741,38,2,41,214.4860809973239
3742,38,2,42,215.0740155361778
3743,38,2,43,176.54635237613618
3744,38,2,44,181.43675317615896
3745,38,2,45,178.015523628889
3746,38,2,46,224.67019944155822
3747,38,2,47,238.03571585639187
3748,38,2,48,218.06692116819343
3749,38,2,49,223.17197906381827
3750,38,2,50,507.035939485135
3751,38,2,51,171.4775091078844
3752,38,2,52,223.48003513834044
3753,38,2,53,111.1942027703679
3754,38,2,54,148.76796322554338
3755,38,2,55,145.4022580437993
3756,38,2,56,204.91246766311264
3757,38,2,57,191.3796056958507
3758,38,2,58,142.89906972356732
3759,38,2,59,204.94240989604623
3760,38,2,60,93.34051295929052
3761,38,2,61,181.92800638383906
3762,38,2,62,171.52468660203212
3763,38,2,63,176.7457017064186
3764,38,2,64,209.14904904597716
3765,38,2,65,102.22295963597436
3766,38,2,66,524.3810265531522
3767,38,2,67,133.158939767385
3768,38,2,68,228.5675151977036
3769,38,2,69,159.7822469179427
3770,38,2,70,122.25927817698494
3771,38,2,71,106.37436521903196
3772,38,2,72,209.0055997292858
3773,38,2,73,194.35768691372573
3774,38,2,74,188.24835073711205
3775,38,2,75,117.88663635458047
3776,38,2,76,187.29598467595864
3777,38,2,77,253.2535028310254
3778,38,2,78,231.44156677362136
3779,38,2,79,225.50817034912163
3780,38,2,80,177.6595491596816
3781,38,2,81,219.63109136136947
3782,38,2,82,237.7522326541673
3783,38,2,83,503.74723745184133
3784,38,2,84,219.33128978446413
3785,38,2,85,172.68806885633882
3786,38,2,86,91.67255930239105
3787,38,2,87,124.5561626089295
3788,38,2,88,215.13673559155012
3789,38,2,89,131.00148005586612
3790,38,2,90,210.06458692124727
3791,38,2,91,225.92042072670685
3792,38,2,92,97.5536091317228
3793,38,2,93,170.56178709700504
3794,38,2,94,213.89149916105885
3795,38,2,95,84.729324375928
3796,38,2,96,191.78300716434134
3797,38,2,97,258.64850185162993
3798,38,2,98,131.23849194096138
3799,38,2,99,240.98085125639108
3800,38,3,0,424.21576753291316
3801,38,3,1,495.42077110525906
3802,38,3,2,468.6917788747856
3803,38,3,3,459.7311961961086
3804,38,3,4,414.98615458066297
3805,38,3,5,446.32213258292666
3806,38,3,6,481.76546478383983
3807,38,3,7,441.12513026311626
3808,38,3,8,464.8123459438766
3809,38,3,9,466.9078027854622
3810,38,3,10,464.49578703528636
3811,38,3,11,441.94659302846907
3812,38,3,12,425.4814679785176
3813,38,3,13,424.7783426682654
3814,38,3,14,431.872612891661
3815,38,3,15,410.47884063197796
3816,38,3,16,501.5679614935328
3817,38,3,17,434.754749265353
3818,38,3,18,438.13320617216186
3819,38,3,19,415.61631376242775
3820,38,3,20,436.95988400323375
3821,38,3,21,435.2133096713549
3822,38,3,22,439.9174611918211
3823,38,3,23,443.7105327616052
3824,38,3,24,417.4773686127303
3825,38,3,25,473.59654315359217
3826,38,3,26,395.4478081565238
3827,38,3,27,488.53517294631666
3828,38,3,28,451.2610290605442
3829,38,3,29,444.00757135468496
3830,38,3,30,414.2895080843163
3831,38,3,31,452.7494510666097
3832,38,3,32,395.694115475119
3833,38,3,33,439.027649177102
3834,38,3,34,496.1378608197247
3835,38,3,35,494.2151383434235
3836,38,3,36,445.38388482053864
3837,38,3,37,488.4672119328339
3838,38,3,38,426.6159815544616
3839,38,3,39,468.4438323072545
3840,38,3,40,480.6990320797873
3841,38,3,41,442.7442014693032
3842,38,3,42,501.78685643466804
3843,38,3,43,424.456604626371
3844,38,3,44,408.90444150193304
3845,38,3,45,439.28711941366106
3846,38,3,46,452.4604930121182
3847,38,3,47,462.12067051528703
3848,38,3,48,494.6335598653237
3849,38,3,49,455.4658046699187
3850,38,3,50,450.0544998899147
3851,38,3,51,463.8563966554007
3852,38,3,52,464.7769543731907
3853,38,3,53,434.24120093698
3854,38,3,54,451.7444559125765
3855,38,3,55,423.96903309565675
3856,38,3,56,417.37947525197234
3857,38,3,57,441.29170296836395
3858,38,3,58,456.0764670092001
3859,38,3,59,463.2723489754873
3860,38,3,60,443.2576062802498
3861,38,3,61,394.95588877551876
3862,38,3,62,447.8842921437785
3863,38,3,63,443.23272532515807
3864,38,3,64,444.208103428812
3865,38,3,65,463.4346812577124
3866,38,3,66,459.864908028314
3867,38,3,67,473.5641477428611
3868,38,3,68,487.73787236401097
3869,38,3,69,436.9271328487271
3870,38,3,70,433.0768494938405
3871,38,3,71,413.713096588608
3872,38,3,72,473.500638569609
3873,38,3,73,440.48765843052075
3874,38,3,74,411.81150268316287
3875,38,3,75,464.4513890196542
3876,38,3,76,401.262480836929
3877,38,3,77,410.12378835743664
3878,38,3,78,484.8813309076474
3879,38,3,79,470.7536545860852
3880,38,3,80,494.4847181184019
3881,38,3,81,455.51294554751536
3882,38,3,82,483.9106217177516
3883,38,3,83,501.45069167609057
3884,38,3,84,487.07567187891516
3885,38,3,85,410.01513698643566
3886,38,3,86,452.58409782890993
3887,38,3,87,460.12262661984596
3888,38,3,88,434.54906614585764
3889,38,3,89,480.58915479798003
3890,38,3,90,465.17747967692617
3891,38,3,91,443.0751211375449
3892,38,3,92,416.788403451318
3893,38,3,93,439.30817912121637
3894,38,3,94,438.59361479183957
3895,38,3,95,473.9571128793203
3896,38,3,96,484.2695442134366
3897,38,3,97,441.3007598726852
3898,38,3,98,432.64239868756226
3899,38,3,99,444.12837738102894
3900,42,1,0,139.78731956969267
3901,42,1,1,147.18921698178949
3902,42,1,2,176.25602587395528
3903,42,1,3,205.34336315407373
3904,42,1,4,182.99728112675868
3905,42,1,5,188.1248815217838
3906,42,1,6,105.37940787783458
3907,42,1,7,137.49486852256481
3908,42,1,8,186.6909398675865
3909,42,1,9,135.16040550754823
3910,42,1,10,148.52774552418447
3911,42,1,11,169.33634345603886
3912,42,1,12,139.93432071306555
3913,42,1,13,183.15438911012237
3914,42,1,14,186.91168863630472
3915,42,1,15,130.45404426473291
3916,42,1,16,130.40141891216794
3917,42,1,17,161.93080657877834
3918,42,1,18,160.917720244705
3919,42,1,19,111.48936634216268
3920,42,1,20,147.9747047047379
3921,42,1,21,154.23998741549076
3922,42,1,22,164.3017569853323
3923,42,1,23,160.79449765793535
3924,42,1,24,131.27892159031734
3925,42,1,25,111.28347110298544
3926,42,1,26,169.19894059314677
3927,42,1,27,184.47188646216918
3928,42,1,28,189.5765721101288
3929,42,1,29,111.69684966385987
3930,42,1,30,169.5901991270866
3931,42,1,31,204.52030450339615
3932,42,1,32,157.4011158101452
3933,42,1,33,175.26373974437834
3934,42,1,34,158.8085929819371
3935,42,1,35,142.71825882773928
3936,42,1,36,152.75508814881195
3937,42,1,37,159.38169926927512
3938,42,1,38,144.95311387954743
3939,42,1,39,146.71923396340483
3940,42,1,40,157.483343871936
3941,42,1,41,170.12918890054806
3942,42,1,42,159.2365610752429
3943,42,1,43,177.22765724144486
3944,42,1,44,131.93618341835526
3945,42,1,45,148.94814014936225
3946,42,1,46,144.52102820124384
3947,42,1,47,204.89100105698918
3948,42,1,48,138.51974606029816
3949,42,1,49,161.79812876561695
3950,42,1,50,119.88735264542919
3951,42,1,51,142.7600852637917
3952,42,1,52,149.43700175164193
3953,42,1,53,141.31279825517902
3954,42,1,54,155.71458045556864
3955,42,1,55,175.82425306360992
3956,42,1,56,157.80301538968317
3957,42,1,57,119.39018825898711
3958,42,1,58,172.62349261354115
3959,42,1,59,104.53111148721744
3960,42,1,60,155.78578804038474
3961,42,1,61,135.2718103580077
3962,42,1,62,119.4647414290674
3963,42,1,63,192.40987585257585
3964,42,1,64,115.93154133462453
3965,42,1,65,175.37789787178838
3966,42,1,66,189.15359789627354
3967,42,1,67,145.75192160135825
3968,42,1,68,155.76317301863747
3969,42,1,69,115.4010750422156
3970,42,1,70,103.79751785268834
3971,42,1,71,158.3798048509108
3972,42,1,72,142.172672849154
3973,42,1,73,155.0395226192223
3974,42,1,74,119.8296078415685
3975,42,1,75,187.24609181065023
3976,42,1,76,144.44776236050848
3977,42,1,77,138.81114462486389
3978,42,1,78,163.0285154286602
3979,42,1,79,139.18081801979866
3980,42,1,80,142.5586295370345
3981,42,1,81,197.09004309506014
3982,42,1,82,131.13680842930412
3983,42,1,83,155.68041339154777
3984,42,1,84,165.21827769674837
3985,42,1,85,148.42212525661816
3986,42,1,86,133.37736715968873
3987,42,1,87,98.50843529478279
3988,42,1,88,204.14664889380626
3989,42,1,89,115.32369645743714
3990,42,1,90,152.49481583079398
3991,42,1,91,203.79351034503114
3992,42,1,92,151.12497269511456
3993,42,1,93,137.75349590283153
3994,42,1,94,145.80623994496418
3995,42,1,95,151.78672810610493
3996,42,1,96,126.49055885752225
3997,42,1,97,105.15659338015523
3998,42,1,98,119.54694988147936
3999,42,1,99,158.41646773134585
4000,42,2,0,88.10701153803299
4001,42,2,1,181.31793804797422
4002,42,2,2,458.10909246714004
4003,42,2,3,456.53085747203045
4004,42,2,4,132.9834237808319
4005,42,2,5,371.5105919621757
4006,42,2,6,413.40187384954885
4007,42,2,7,141.48442933630278
4008,42,2,8,94.78674570489017
4009,42,2,9,397.47844312961524
4010,42,2,10,368.8532543010386
4011,42,2,11,156.76504489668685
4012,42,2,12,149.46835364433127
4013,42,2,13,152.64265454563107
4014,42,2,14,457.76914829884157
4015,42,2,15,137.46458958371045
4016,42,2,16,133.51421947714186
4017,42,2,17,440.3385812890771
4018,42,2,18,91.08405108742384
4019,42,2,19,104.82289218856656
4020,42,2,20,106.20084541415851
4021,42,2,21,452.0566909470018
4022,42,2,22,61.773672909769886
4023,42,2,23,96.57998856739172
4024,42,2,24,453.13059986061097
4025,42,2,25,391.4950169233967
4026,42,2,26,202.05651549222634
4027,42,2,27,430.3116844083848
4028,42,2,28,74.69135726279225
4029,42,2,29,456.69605127001347
4030,42,2,30,95.30220424024519
4031,42,2,31,416.87594453628896
4032,42,2,32,91.22830646235765
4033,42,2,33,395.2658982309781
4034,42,2,34,189.29963761057326
4035,42,2,35,140.24495184671616
4036,42,2,36,419.3691245224622
4037,42,2,37,157.49257246773007
4038,42,2,38,152.1607539584789
4039,42,2,39,443.9085033877578
4040,42,2,40,462.05220076915526
4041,42,2,41,173.21384109757457
4042,42,2,42,144.35658136278155
4043,42,2,43,123.75333152081711
4044,42,2,44,128.19940557819473
4045,42,2,45,451.00332277991777
4046,42,2,46,114.67987364502828
4047,42,2,47,442.99818019195146
4048,42,2,48,444.9481013280246
4049,42,2,49,172.86267717309377
4050,42,2,50,123.8469856392502
4051,42,2,51,117.44572973669786
4052,42,2,52,214.15580509912414
4053,42,2,53,95.79952433617737
4054,42,2,54,226.49506756604498
4055,42,2,55,448.8174755384355
4056,42,2,56,86.40150572140404
4057,42,2,57,443.6085578698713
4058,42,2,58,218.3960099058246
4059,42,2,59,417.31051276024635
4060,42,2,60,454.626931725848
4061,42,2,61,135.70509734148513
4062,42,2,62,442.4472221283818
4063,42,2,63,142.39860010511515
4064,42,2,64,406.3029028688588
4065,42,2,65,115.80244129393488
4066,42,2,66,443.3251437268016
4067,42,2,67,102.95559834326609
4068,42,2,68,385.4817488418799
4069,42,2,69,116.59225957506321
4070,42,2,70,205.28334586453306
4071,42,2,71,94.70006940944951
4072,42,2,72,230.75299152034637
4073,42,2,73,447.76730174724133
4074,42,2,74,435.5899609682511
4075,42,2,75,112.26717340106894
4076,42,2,76,127.77473066115093
4077,42,2,77,94.96101871517469
4078,42,2,78,431.5871089005476
4079,42,2,79,103.35452560955925
4080,42,2,80,458.1524469246069
4081,42,2,81,434.57794586927224
4082,42,2,82,182.6969916148085
4083,42,2,83,436.80453365071304
4084,42,2,84,85.17540473671265
4085,42,2,85,100.39479586204739
4086,42,2,86,460.65617819337723
4087,42,2,87,108.89702298254221
4088,42,2,88,125.59677695176713
4089,42,2,89,206.70685555109836
4090,42,2,90,450.1892138833616
4091,42,2,91,112.1895456213374
4092,42,2,92,448.1181618560653
4093,42,2,93,133.57830444781408
4094,42,2,94,97.9826256734471
4095,42,2,95,125.88905642529203
4096,42,2,96,419.9711417110638
4097,42,2,97,101.4525735894905
4098,42,2,98,118.00384332305018
4099,42,2,99,103.9749331195395
4100,42,3,0,122.03992801055028
4101,42,3,1,171.64997919409893
4102,42,3,2,165.9118879653108
4103,42,3,3,131.21534710245464
4104,42,3,4,523.0769021125582
4105,42,3,5,174.42694705112967
4106,42,3,6,80.15010818108975
4107,42,3,7,116.84073795708227
4108,42,3,8,420.54330526995744
4109,42,3,9,492.7772395655055
4110,42,3,10,139.01607053271272
4111,42,3,11,518.6370189073962
4112,42,3,12,498.19734180694877
4113,42,3,13,69.00849960260324
4114,42,3,14,132.18469735623393
4115,42,3,15,127.53862667150551
4116,42,3,16,163.23017568800796
4117,42,3,17,153.88220678622062
4118,42,3,18,144.08580366538115
4119,42,3,19,119.58210352675074
4120,42,3,20,429.7474778755838
4121,42,3,21,78.51241333886603
4122,42,3,22,388.7284672713919
4123,42,3,23,106.89072711017609
4124,42,3,24,81.91602637104425
4125,42,3,25,535.9796301292712
4126,42,3,26,410.4697989795463
4127,42,3,27,453.4427808521244
4128,42,3,28,173.3213455231651
4129,42,3,29,513.3092510659424
4130,42,3,30,151.28690578144187
4131,42,3,31,171.90879553986636
4132,42,3,32,413.63547972859595
4133,42,3,33,84.54106445543937
4134,42,3,34,168.22559927620995
4135,42,3,35,142.39480149075447
4136,42,3,36,420.33891906395246
4137,42,3,37,219.40230584211562
4138,42,3,38,227.79004570547383
4139,42,3,39,150.35190097625056
4140,42,3,40,215.71850557128104
4141,42,3,41,522.498726416547
4142,42,3,42,169.67395401865
4143,42,3,43,132.57762514978882
4144,42,3,44,107.95215752796172
4145,42,3,45,133.72209350243085
4146,42,3,46,444.1539850516823
4147,42,3,47,422.6009234503217
4148,42,3,48,144.87599568112364
4149,42,3,49,159.3301361227129
4150,42,3,50,460.23755673179926
4151,42,3,51,78.68000932380428
4152,42,3,52,391.00962058967195
4153,42,3,53,172.04273213766058
4154,42,3,54,171.47613502731534
4155,42,3,55,412.51586963037823
4156,42,3,56,71.27851726292039
4157,42,3,57,183.13337990870806
4158,42,3,58,427.22678828716244
4159,42,3,59,361.13741361878675
4160,42,3,60,365.22024500623684
4161,42,3,61,214.3023225668056
4162,42,3,62,528.2514596241053
4163,42,3,63,448.0299262751825
4164,42,3,64,92.54599311200563
4165,42,3,65,526.6292155860564
4166,42,3,66,98.37720987073486
4167,42,3,67,517.5145111542016
4168,42,3,68,106.98695878987245
4169,42,3,69,140.4305136507723
4170,42,3,70,115.78743313356736
4171,42,3,71,449.5222156152633
4172,42,3,72,519.658328682683
4173,42,3,73,102.891737698485
4174,42,3,74,139.80045254366934
4175,42,3,75,127.34921038353436
4176,42,3,76,71.19073767877401
4177,42,3,77,442.1275853741294
4178,42,3,78,167.26823433048656
4179,42,3,79,520.2482773845861
4180,42,3,80,79.66649755092303
4181,42,3,81,534.4086672722959
4182,42,3,82,85.22649088191643
4183,42,3,83,433.30394126014403
4184,42,3,84,390.69539212375315
4185,42,3,85,167.7795213904757
4186,42,3,86,121.84520146634794
4187,42,3,87,72.9940771403488
4188,42,3,88,427.660933657171
4189,42,3,89,458.70664908789263
4190,42,3,90,440.90780593441207
4191,42,3,91,386.31548138456793
4192,42,3,92,84.10871913288265
4193,42,3,93,428.01624996344196
4194,42,3,94,457.869129716382
4195,42,3,95,103.6000813013448
4196,42,3,96,450.7109990482537
4197,42,3,97,359.60114366377644
4198,42,3,98,153.4263842392513
4199,42,3,99,133.74146620297662
4200,45,1,0,145.8488276633787
4201,45,1,1,70.79135829776565
4202,45,1,2,147.30785014694624
4203,45,1,3,134.3957127087431
4204,45,1,4,152.15712317428358
4205,45,1,5,377.7445540840948
4206,45,1,6,158.2741560388195
4207,45,1,7,80.20249349158783
4208,45,1,8,79.47355160943609
4209,45,1,9,157.6346158850141
4210,45,1,10,177.40067550608143
4211,45,1,11,142.36359907151405
4212,45,1,12,125.17932726169508
4213,45,1,13,114.38087401888517
4214,45,1,14,350.1443911721566
4215,45,1,15,79.80876258936495
4216,45,1,16,159.87297629971152
4217,45,1,17,166.86180514956146
4218,45,1,18,154.28855475063008
4219,45,1,19,125.65480519041296
4220,45,1,20,161.00440198127788
4221,45,1,21,89.34820688369331
4222,45,1,22,297.0870850182439
4223,45,1,23,128.50191627039138
4224,45,1,24,117.78462280339593
4225,45,1,25,130.87909405671712
4226,45,1,26,147.15335977399985
4227,45,1,27,418.87455521179777
4228,45,1,28,136.0167626269689
4229,45,1,29,105.0321083458044
4230,45,1,30,161.36415129960915
4231,45,1,31,69.98692748293837
4232,45,1,32,69.79133663020406
4233,45,1,33,117.31004173318247
4234,45,1,34,139.04383644335
4235,45,1,35,82.36245968203374
4236,45,1,36,74.61562373181597
4237,45,1,37,139.48307931756278
4238,45,1,38,115.48251701531764
4239,45,1,39,135.89208150808386
4240,45,1,40,322.85186556512645
4241,45,1,41,125.90066359312421
4242,45,1,42,118.8326224236221
4243,45,1,43,132.64893246958357
4244,45,1,44,170.92842867800152
4245,45,1,45,149.29301728960448
4246,45,1,46,89.82149223429033
4247,45,1,47,92.48303593835749
4248,45,1,48,403.2066825860967
4249,45,1,49,129.67337180689017
4250,45,1,50,317.46606290682064
4251,45,1,51,164.35595179680078
4252,45,1,52,432.4004859622617
4253,45,1,53,91.90127647093206
4254,45,1,54,163.078851639043
4255,45,1,55,106.0707622896325
4256,45,1,56,148.834032081452
4257,45,1,57,102.83624457983193
4258,45,1,58,137.26369728582037
4259,45,1,59,146.00575711103556
4260,45,1,60,66.035703558784
4261,45,1,61,87.54072661542975
4262,45,1,62,104.99974553601098
4263,45,1,63,124.70182365813416
4264,45,1,64,113.62575218507723
4265,45,1,65,104.97562733784423
4266,45,1,66,130.05041698175845
4267,45,1,67,65.14817181942057
4268,45,1,68,83.51917715189258
4269,45,1,69,172.99249085012835
4270,45,1,70,74.11119066897774
4271,45,1,71,388.5700819097577
4272,45,1,72,384.1811822602799
4273,45,1,73,76.09828762798449
4274,45,1,74,103.3270153571673
4275,45,1,75,140.1538912551148
4276,45,1,76,179.14465523106372
4277,45,1,77,169.91662144020367
4278,45,1,78,116.25358333087954
4279,45,1,79,114.81646459539664
4280,45,1,80,65.05418337038996
4281,45,1,81,65.10296452463047
4282,45,1,82,153.2038269529217
4283,45,1,83,88.76728000543403
4284,45,1,84,102.02857799264999
4285,45,1,85,77.42428815264317
4286,45,1,86,87.68116695814855
4287,45,1,87,77.38206258028697
4288,45,1,88,99.06972883924409
4289,45,1,89,106.83445863270464
4290,45,1,90,171.1309010281633
4291,45,1,91,142.35447461889385
4292,45,1,92,64.24396772297656
4293,45,1,93,385.6991609429678
4294,45,1,94,68.77655704726683
4295,45,1,95,73.47722849825543
4296,45,1,96,122.27171701677092
4297,45,1,97,88.54528394743933
4298,45,1,98,71.42376151827798
4299,45,1,99,128.40202690008272
4300,45,2,0,494.5818432095199
4301,45,2,1,327.46199469487425
4302,45,2,2,319.51458445946366
4303,45,2,3,496.04115449281755
4304,45,2,4,532.5113803659685
4305,45,2,5,510.54155750223174
4306,45,2,6,326.206078043287
4307,45,2,7,325.3754262227345
4308,45,2,8,344.06706812693795
4309,45,2,9,325.57491035269015
4310,45,2,10,321.55199590193934
4311,45,2,11,339.80732651364434
4312,45,2,12,520.7177741597746
4313,45,2,13,328.64224661772994
4314,45,2,14,324.43238897213547
4315,45,2,15,317.11235190690195
4316,45,2,16,527.5631878398806
4317,45,2,17,519.6453274076349
4318,45,2,18,332.2510392083026
4319,45,2,19,348.3750177214454
4320,45,2,20,340.6017703241502
4321,45,2,21,369.05922744863364
4322,45,2,22,524.8806916100312
4323,45,2,23,510.70009891138005
4324,45,2,24,509.4796997937298
4325,45,2,25,328.92354660107276
4326,45,2,26,520.3814871046083
4327,45,2,27,339.818616775043
4328,45,2,28,525.1551732131991
4329,45,2,29,507.29823917164896
4330,45,2,30,320.3128215641411
4331,45,2,31,525.6483592245535
4332,45,2,32,521.1630071049086
4333,45,2,33,536.2841305134066
4334,45,2,34,525.8131219554742
4335,45,2,35,331.19378054997145
4336,45,2,36,380.6510389382597
4337,45,2,37,527.7711713521128
4338,45,2,38,498.004843638522
4339,45,2,39,322.66991755318986
4340,45,2,40,330.52386239756197
4341,45,2,41,320.0003598814874
4342,45,2,42,351.32876694432196
4343,45,2,43,516.3340933117673
4344,45,2,44,526.0701549758417
4345,45,2,45,531.5322681272218
4346,45,2,46,531.363622692595
4347,45,2,47,514.2347394702025
4348,45,2,48,536.4114399992549
4349,45,2,49,524.7437865059543
4350,45,2,50,537.4208942508501
4351,45,2,51,350.80474124093297
4352,45,2,52,350.6962423088206
4353,45,2,53,517.7762956242511
4354,45,2,54,512.0513127754396
4355,45,2,55,525.302993485507
4356,45,2,56,324.4738973293275
4357,45,2,57,523.9794823116655
4358,45,2,58,360.8560882112409
4359,45,2,59,327.1130126852648
4360,45,2,60,522.5351913214564
4361,45,2,61,522.9753414244962
4362,45,2,62,521.4951903458198
4363,45,2,63,358.1249085642595
4364,45,2,64,327.667469388177
4365,45,2,65,524.2336368225064
4366,45,2,66,318.3261450872087
4367,45,2,67,526.3493482011303
4368,45,2,68,519.800050233521
4369,45,2,69,339.47132781059275
4370,45,2,70,321.2714306976431
4371,45,2,71,319.57909738656366
4372,45,2,72,319.57179040096685
4373,45,2,73,365.78119818181653
4374,45,2,74,341.69405934269383
4375,45,2,75,333.28377013263264
4376,45,2,76,525.8382228444337
4377,45,2,77,327.208677519515
4378,45,2,78,512.2223206245038
4379,45,2,79,528.1182772739334
4380,45,2,80,328.1446309253694
4381,45,2,81,343.0600149019655
4382,45,2,82,323.96070866960935
4383,45,2,83,499.4327754087622
4384,45,2,84,327.41005015831945
4385,45,2,85,520.1902799286886
4386,45,2,86,521.6128486691066
4387,45,2,87,523.8883474496375
4388,45,2,88,327.63527018128826
4389,45,2,89,353.7238573205626
4390,45,2,90,533.9673429577346
4391,45,2,91,521.7408384493559
4392,45,2,92,524.6648200703652
4393,45,2,93,527.3078828436444
4394,45,2,94,350.95023685330483
4395,45,2,95,522.3833861811164
4396,45,2,96,326.1778046179363
4397,45,2,97,330.87853389535707
4398,45,2,98,519.7019018428306
4399,45,2,99,499.38875096272767
4400,45,3,0,344.365698063765
4401,45,3,1,315.46516548047356
4402,45,3,2,327.429269240175
4403,45,3,3,321.31517111325513
4404,45,3,4,492.4860183866196
4405,45,3,5,330.61173835352116
4406,45,3,6,323.25275035161786
4407,45,3,7,527.6719914180788
4408,45,3,8,320.73689916960734
4409,45,3,9,321.8338141026328
4410,45,3,10,348.3048924021327
4411,45,3,11,329.28417530353914
4412,45,3,12,344.22069167625125
4413,45,3,13,317.73596049454795
4414,45,3,14,528.3696015162797
4415,45,3,15,321.67804318697614
4416,45,3,16,322.7928129335047
4417,45,3,17,318.01246327290966
4418,45,3,18,318.1973818446796
4419,45,3,19,365.32695975765324
4420,45,3,20,347.6466279562615
4421,45,3,21,319.9391619023783
4422,45,3,22,346.1091194928575
4423,45,3,23,338.25211476585093
4424,45,3,24,526.578823438978
4425,45,3,25,314.63467727322274
4426,45,3,26,313.7818225061075
4427,45,3,27,521.2257496575936
4428,45,3,28,505.6447288589339
4429,45,3,29,345.77584464107895
4430,45,3,30,320.88807075738083
4431,45,3,31,364.11133193361053
4432,45,3,32,324.6725445134195
4433,45,3,33,330.2490486463068
4434,45,3,34,525.7645360662751
4435,45,3,35,322.99554699723376
4436,45,3,36,323.3535793896054
4437,45,3,37,332.1063525922745
4438,45,3,38,345.5977254280255
4439,45,3,39,321.48151544888066
4440,45,3,40,315.8815040752932
4441,45,3,41,315.3024698022868
4442,45,3,42,256.08813635193025
4443,45,3,43,525.6047253801559
4444,45,3,44,516.640164224396
4445,45,3,45,369.03341641027924
4446,45,3,46,506.7900249216304
4447,45,3,47,527.931252099638
4448,45,3,48,274.8017544112578
4449,45,3,49,317.2519947285128
4450,45,3,50,327.4760783903391
4451,45,3,51,382.02382145926214
4452,45,3,52,317.2457534047928
4453,45,3,53,316.5942933193848
4454,45,3,54,527.5022342560901
4455,45,3,55,296.5767412447518
4456,45,3,56,329.4485036759193
4457,45,3,57,316.0276790355088
4458,45,3,58,330.52399249856734
4459,45,3,59,343.8921036334796
4460,45,3,60,325.9828758707789
4461,45,3,61,334.79490272330685
4462,45,3,62,306.16318370686105
4463,45,3,63,340.7756727861995
4464,45,3,64,326.6707766819354
4465,45,3,65,490.35564732825054
4466,45,3,66,323.4486006634706
4467,45,3,67,335.96321220008934
4468,45,3,68,321.7188471048695
4469,45,3,69,315.835777266672
4470,45,3,70,527.4140287150518
4471,45,3,71,299.14966951971127
4472,45,3,72,293.11909036840564
4473,45,3,73,316.9886468609415
4474,45,3,74,327.3754162158632
4475,45,3,75,326.5120026400731
4476,45,3,76,526.6270971084743
4477,45,3,77,333.2308582610285
4478,45,3,78,362.2163402127154
4479,45,3,79,319.48028627164376
4480,45,3,80,525.9480207649244
4481,45,3,81,322.54529933176434
4482,45,3,82,368.13438448734547
4483,45,3,83,343.0601412443993
4484,45,3,84,338.842417265044
4485,45,3,85,325.7346378787739
4486,45,3,86,324.6774560048729
4487,45,3,87,528.3795346037991
4488,45,3,88,388.94882409998786
4489,45,3,89,322.6801039268483
4490,45,3,90,326.2024871148265
4491,45,3,91,322.77650452709264
4492,45,3,92,358.61559254982745
4493,45,3,93,345.7369979475337
4494,45,3,94,321.88450098937574
4495,45,3,95,523.8633294858771
4496,45,3,96,304.32037030009377
4497,45,3,97,326.02333159378185
4498,45,3,98,503.1452480238358
4499,45,3,99,257.8127769557636
4500,47,1,0,83.46726371922927
4501,47,1,1,73.65846621392936
4502,47,1,2,77.96420799622112
4503,47,1,3,133.84347241300333
4504,47,1,4,109.501586860244
4505,47,1,5,72.57156807186549
4506,47,1,6,82.57987720220386
4507,47,1,7,80.42242626030783
4508,47,1,8,73.01854494807614
4509,47,1,9,129.4578025250252
4510,47,1,10,87.85682526001199
4511,47,1,11,117.96677778112581
4512,47,1,12,76.49766693580912
4513,47,1,13,119.71460492242734
4514,47,1,14,121.56893308753229
4515,47,1,15,125.42619538708372
4516,47,1,16,68.50090513600283
4517,47,1,17,88.2524014606037
4518,47,1,18,77.59740530430501
4519,47,1,19,138.94970033732125
4520,47,1,20,80.64389624129824
4521,47,1,21,89.57624388665015
4522,47,1,22,131.79970196125583
4523,47,1,23,112.15702495009178
4524,47,1,24,68.82089109513596
4525,47,1,25,71.935928553951
4526,47,1,26,264.0441155696265
4527,47,1,27,113.43362626753559
4528,47,1,28,117.5385906476478
4529,47,1,29,124.92607325248389
4530,47,1,30,100.94768980570724
4531,47,1,31,84.56782293222196
4532,47,1,32,89.92961079319707
4533,47,1,33,87.14206926547453
4534,47,1,34,98.93739685080313
4535,47,1,35,71.16209783208573
4536,47,1,36,95.24669646933567
4537,47,1,37,129.5923243943375
4538,47,1,38,97.03824254543999
4539,47,1,39,115.04495136047018
4540,47,1,40,69.37595722918934
4541,47,1,41,70.82867183018949
4542,47,1,42,316.35668147302397
4543,47,1,43,127.48793520473109
4544,47,1,44,123.78296311065043
4545,47,1,45,69.58609713266388
4546,47,1,46,85.95195437827265
4547,47,1,47,97.17143970311947
4548,47,1,48,121.85957771779687
4549,47,1,49,94.6923608615226
4550,47,1,50,128.29147494333677
4551,47,1,51,95.26091278629079
4552,47,1,52,83.78733729716595
4553,47,1,53,103.90102762962911
4554,47,1,54,101.35213275161651
4555,47,1,55,99.6738761562576
4556,47,1,56,97.5346940593153
4557,47,1,57,77.53673006127762
4558,47,1,58,73.96832978629983
4559,47,1,59,101.02248224192594
4560,47,1,60,74.23455390093763
4561,47,1,61,106.750278692543
4562,47,1,62,110.02602853032924
4563,47,1,63,98.98603788064479
4564,47,1,64,109.90271758199232
4565,47,1,65,86.20553400614597
4566,47,1,66,126.30401833073707
4567,47,1,67,84.02199457822663
4568,47,1,68,91.04311602935034
4569,47,1,69,103.97407797054082
4570,47,1,70,89.30929506788787
4571,47,1,71,83.97352047518015
4572,47,1,72,100.52902105592298
4573,47,1,73,84.52071690248856
4574,47,1,74,104.25277575966503
4575,47,1,75,120.99241905361205
4576,47,1,76,103.08982085778261
4577,47,1,77,118.93316537526985
4578,47,1,78,96.80422075008318
4579,47,1,79,72.24822988960061
4580,47,1,80,90.34634491601084
4581,47,1,81,95.23835455150311
4582,47,1,82,84.81250031029475
4583,47,1,83,95.93051436127676
4584,47,1,84,107.71662792336757
4585,47,1,85,107.17234389548332
4586,47,1,86,118.9347999684955
4587,47,1,87,99.33245487115634
4588,47,1,88,99.51487543568061
4589,47,1,89,112.33041596116597
4590,47,1,90,117.09910001151319
4591,47,1,91,83.84607457088923
4592,47,1,92,71.86121131835684
4593,47,1,93,93.22315701277437
4594,47,1,94,76.80241249214951
4595,47,1,95,101.49991822663287
4596,47,1,96,117.69978541009165
4597,47,1,97,86.6003583440436
4598,47,1,98,95.47240615494907
4599,47,1,99,110.33413622040302
4600,47,2,0,284.17915661034317
4601,47,2,1,288.99900727972823
4602,47,2,2,325.2917825127251
4603,47,2,3,296.3103090421707
4604,47,2,4,283.27095919291435
4605,47,2,5,337.4817649807638
4606,47,2,6,284.10115844713886
4607,47,2,7,336.71541222595476
4608,47,2,8,319.09900810634804
4609,47,2,9,275.83100541000016
4610,47,2,10,253.58962442721452
4611,47,2,11,322.4362825963538
4612,47,2,12,309.05924505250766
4613,47,2,13,259.5431316180089
4614,47,2,14,324.6912229529826
4615,47,2,15,310.4387579674362
4616,47,2,16,302.1917865847365
4617,47,2,17,312.9229576092653
4618,47,2,18,300.8422084167552
4619,47,2,19,282.0721140669112
4620,47,2,20,313.49555758508126
4621,47,2,21,352.8549352644214
4622,47,2,22,290.2647983314792
4623,47,2,23,254.51016982597542
4624,47,2,24,286.0756606388825
4625,47,2,25,260.09792160034556
4626,47,2,26,278.3557537769695
4627,47,2,27,290.0161896712959
4628,47,2,28,302.285914559514
4629,47,2,29,303.9260685318589
4630,47,2,30,283.5969759467076
4631,47,2,31,337.816073037578
4632,47,2,32,298.5572925938467
4633,47,2,33,290.5011629999852
4634,47,2,34,296.00517004781256
4635,47,2,35,340.90689629144765
4636,47,2,36,310.7432714116721
4637,47,2,37,352.081389682314
4638,47,2,38,321.61647331370074
4639,47,2,39,306.1721169532314
4640,47,2,40,305.90381380722636
4641,47,2,41,278.6534703113831
4642,47,2,42,286.79086235028404
4643,47,2,43,300.15436515020946
4644,47,2,44,246.15593094310248
4645,47,2,45,310.8472740989629
4646,47,2,46,311.6760479611683
4647,47,2,47,312.4985324313497
4648,47,2,48,314.7235346996364
4649,47,2,49,268.2322766599877
4650,47,2,50,300.6418147800672
4651,47,2,51,324.68778755951615
4652,47,2,52,313.5374231453835
4653,47,2,53,303.850226865681
4654,47,2,54,294.67792178551167
4655,47,2,55,275.9264470744489
4656,47,2,56,305.99212509852657
4657,47,2,57,246.1596850473518
4658,47,2,58,305.97317096608333
4659,47,2,59,336.6707376736687
4660,47,2,60,296.17230193533595
4661,47,2,61,278.3326952248629
4662,47,2,62,325.3155224848885
4663,47,2,63,304.626533702674
4664,47,2,64,285.3219915682947
4665,47,2,65,302.12709285120525
4666,47,2,66,339.9927180787645
4667,47,2,67,302.0199009462649
4668,47,2,68,278.3443817784856
4669,47,2,69,306.9503497893098
4670,47,2,70,354.10474793700934
4671,47,2,71,304.3795690478571
4672,47,2,72,314.5328046479876
4673,47,2,73,314.9761198699657
4674,47,2,74,318.67612818459486
4675,47,2,75,306.01408239866714
4676,47,2,76,294.9421497110575
4677,47,2,77,335.15995544019063
4678,47,2,78,310.1269764787241
4679,47,2,79,261.64240230925003
4680,47,2,80,287.28824064032636
4681,47,2,81,303.43769382360455
4682,47,2,82,277.7499659421455
4683,47,2,83,316.0714814671432
4684,47,2,84,289.85962589324765
4685,47,2,85,310.9095099269723
4686,47,2,86,302.6311531494388
4687,47,2,87,345.4524607677093
4688,47,2,88,317.61912365758957
4689,47,2,89,291.64697610878665
4690,47,2,90,285.7751821414574
4691,47,2,91,324.2654270278962
4692,47,2,92,318.3936360084442
4693,47,2,93,275.1834712586033
4694,47,2,94,275.34666230719426
4695,47,2,95,307.7461251171388
4696,47,2,96,247.886947763248
4697,47,2,97,290.6062712030006
4698,47,2,98,324.97832967781693
4699,47,2,99,310.55854164061446
4700,47,3,0,314.8625751066856
4701,47,3,1,223.91674112398454
4702,47,3,2,312.88634630783264
4703,47,3,3,356.5597466440502
4704,47,3,4,207.17009276308139
4705,47,3,5,277.2703132850519
4706,47,3,6,258.0575231341465
4707,47,3,7,532.5876827842028
4708,47,3,8,248.15093058086222
4709,47,3,9,290.8084361138518
4710,47,3,10,307.4508585802821
4711,47,3,11,504.9261725152854
4712,47,3,12,335.52708393131996
4713,47,3,13,253.83277665961924
4714,47,3,14,492.08429270004757
4715,47,3,15,320.47717221471817
4716,47,3,16,300.9984827129079
4717,47,3,17,232.180267074813
4718,47,3,18,241.0374117644624
4719,47,3,19,512.2151015681924
4720,47,3,20,251.99968353283123
4721,47,3,21,218.39933055489084
4722,47,3,22,504.7699949363124
4723,47,3,23,229.91080189923264
4724,47,3,24,357.30568770136904
4725,47,3,25,226.3559902529353
4726,47,3,26,216.2636575042627
4727,47,3,27,230.22044091396953
4728,47,3,28,261.1327463540544
4729,47,3,29,262.5595843356502
4730,47,3,30,224.73124244756798
4731,47,3,31,523.6277591627811
4732,47,3,32,265.9136199018016
4733,47,3,33,211.77978224650522
4734,47,3,34,266.271880792179
4735,47,3,35,285.2997456731647
4736,47,3,36,277.1182409296324
4737,47,3,37,252.79382570262158
4738,47,3,38,536.7233060620006
4739,47,3,39,300.7882138986384
4740,47,3,40,337.74524129931314
4741,47,3,41,272.4806615689315
4742,47,3,42,237.08326614664895
4743,47,3,43,320.77642997742396
4744,47,3,44,283.0495799927427
4745,47,3,45,333.7694618968437
4746,47,3,46,227.47614743684156
4747,47,3,47,251.03058198267385
4748,47,3,48,263.79291936768004
4749,47,3,49,519.9201437899164
4750,47,3,50,281.7178263976345
4751,47,3,51,323.6159905937419
4752,47,3,52,323.7157801712413
4753,47,3,53,235.88591773177583
4754,47,3,54,483.4846417264619
4755,47,3,55,239.03389175080298
4756,47,3,56,266.39745440737755
4757,47,3,57,260.0685786132644
4758,47,3,58,306.77381066855537
4759,47,3,59,532.6792428806403
4760,47,3,60,243.28660854147213
4761,47,3,61,239.09185826739335
4762,47,3,62,512.600436613256
4763,47,3,63,223.28561993261823
4764,47,3,64,232.19974650488365
4765,47,3,65,214.4884660493773
4766,47,3,66,263.75912766419646
4767,47,3,67,251.93412313620706
4768,47,3,68,257.01086406421274
4769,47,3,69,259.9229476314164
4770,47,3,70,251.17447301685561
4771,47,3,71,250.48743208158893
4772,47,3,72,253.78479439082784
4773,47,3,73,363.21513241597927
4774,47,3,74,353.0160779452213
4775,47,3,75,466.14216261603644
4776,47,3,76,520.1033904401337
4777,47,3,77,247.21112945173806
4778,47,3,78,259.8843587659959
4779,47,3,79,230.65098654806815
4780,47,3,80,478.28678030593505
4781,47,3,81,290.0688623827153
4782,47,3,82,305.6220570116845
4783,47,3,83,293.06657675245316
4784,47,3,84,228.43609442360815
4785,47,3,85,310.5281837320049
4786,47,3,86,248.7356125361337
4787,47,3,87,287.2779768460853
4788,47,3,88,248.00327355252944
4789,47,3,89,471.9601404701647
4790,47,3,90,241.38291233707656
4791,47,3,91,367.6056397370321
4792,47,3,92,538.1365613309425
4793,47,3,93,210.38069986497246
4794,47,3,94,500.74990890702895
4795,47,3,95,261.9335037159695
4796,47,3,96,348.0752319970654
4797,47,3,97,310.8907428444159
4798,47,3,98,225.59619741928003
4799,47,3,99,301.6330206230867
4800,48,1,0,154.25489146463454
4801,48,1,1,118.85546232497623
4802,48,1,2,69.63836312403488
4803,48,1,3,112.32437010046945
4804,48,1,4,199.25647835878772
4805,48,1,5,157.63119654446035
4806,48,1,6,91.32089675700612
4807,48,1,7,190.2202517045064
4808,48,1,8,149.3822777688806
4809,48,1,9,122.24313631128504
4810,48,1,10,171.10018620467395
4811,48,1,11,130.9417503344696
4812,48,1,12,124.19705483305688
4813,48,1,13,202.71572608863005
4814,48,1,14,208.27819911181706
4815,48,1,15,174.19878830667557
4816,48,1,16,187.22972394747993
4817,48,1,17,198.99160366533175
4818,48,1,18,100.02810880744039
4819,48,1,19,148.83997792855277
4820,48,1,20,191.4593446409075
4821,48,1,21,99.18826908922712
4822,48,1,22,127.59205664946226
4823,48,1,23,140.67863576328344
4824,48,1,24,104.93297165631539
4825,48,1,25,119.20725507681574
4826,48,1,26,168.01886339966703
4827,48,1,27,187.26332429413299
4828,48,1,28,120.64750972562929
4829,48,1,29,157.39558794321673
4830,48,1,30,132.33680760837413
4831,48,1,31,197.92582761914744
4832,48,1,32,154.8370170387785
4833,48,1,33,166.79288633316492
4834,48,1,34,134.56349165228985
4835,48,1,35,142.32798921809348
4836,48,1,36,128.39450211915667
4837,48,1,37,136.33098879486445
4838,48,1,38,136.5940860564868
4839,48,1,39,172.52060283998605
4840,48,1,40,147.46079378653818
4841,48,1,41,128.9019581748472
4842,48,1,42,172.48631897681918
4843,48,1,43,132.171699536059
4844,48,1,44,122.43239679151576
4845,48,1,45,168.36406857160014
4846,48,1,46,111.96116869664452
4847,48,1,47,167.109358986391
4848,48,1,48,104.33506899007035
4849,48,1,49,159.64561128017064
4850,48,1,50,104.77739226944605
4851,48,1,51,122.60400718541284
4852,48,1,52,136.50400592560732
4853,48,1,53,161.17245093892572
4854,48,1,54,204.49785218073396
4855,48,1,55,118.04927971206662
4856,48,1,56,123.5053541089704
4857,48,1,57,155.64360657770706
4858,48,1,58,150.63789273392103
4859,48,1,59,85.84417068976059
4860,48,1,60,137.4167289806292
4861,48,1,61,117.99704668746833
4862,48,1,62,122.34577818947437
4863,48,1,63,137.49406563668177
4864,48,1,64,145.02771992408938
4865,48,1,65,107.91947613128633
4866,48,1,66,113.54704668772295
4867,48,1,67,176.62681656415492
4868,48,1,68,163.87966079028288
4869,48,1,69,147.71644165225462
4870,48,1,70,160.6537044443854
4871,48,1,71,169.46786975830668
4872,48,1,72,216.25450766198452
4873,48,1,73,152.8259064239702
4874,48,1,74,186.8882712485207
4875,48,1,75,154.30874346726884
4876,48,1,76,65.64056312538858
4877,48,1,77,190.18653552103567
4878,48,1,78,124.72111321299766
4879,48,1,79,160.0643914324519
4880,48,1,80,159.2797987800826
4881,48,1,81,140.70903964266526
4882,48,1,82,152.60294406395067
4883,48,1,83,208.2334129633047
4884,48,1,84,129.29802717951148
4885,48,1,85,132.09115323791153
4886,48,1,86,147.87381684287527
4887,48,1,87,207.301669479665
4888,48,1,88,149.33970574159792
4889,48,1,89,182.33399736073633
4890,48,1,90,145.91825915724903
4891,48,1,91,166.3223892363774
4892,48,1,92,139.11600069250525
4893,48,1,93,212.44500919888614
4894,48,1,94,120.50881306776355
4895,48,1,95,191.1545980126116
4896,48,1,96,98.97733877117798
4897,48,1,97,171.6306303887103
4898,48,1,98,177.8677144423431
4899,48,1,99,195.6461571474304
4900,48,2,0,532.4518656001203
4901,48,2,1,457.5368541449202
4902,48,2,2,524.6580084009004
4903,48,2,3,522.3030077113907
4904,48,2,4,418.098248708891
4905,48,2,5,457.98634394777713
4906,48,2,6,460.6056462559055
4907,48,2,7,487.5730297994286
4908,48,2,8,527.2126972268819
4909,48,2,9,490.0953274076304
4910,48,2,10,437.9171656043727
4911,48,2,11,429.1967793003951
4912,48,2,12,460.6233317112606
4913,48,2,13,495.72519420759875
4914,48,2,14,462.79064167610164
4915,48,2,15,529.9744828056829
4916,48,2,16,491.7372526538632
4917,48,2,17,462.7448615266131
4918,48,2,18,467.9574234421272
4919,48,2,19,480.44300522434656
4920,48,2,20,500.41242848970063
4921,48,2,21,490.3882203526011
4922,48,2,22,494.00846970199905
4923,48,2,23,523.4951418735211
4924,48,2,24,535.6005579702668
4925,48,2,25,407.8935553056005
4926,48,2,26,528.6852382882178
4927,48,2,27,499.2972216589796
4928,48,2,28,414.06271065968537
4929,48,2,29,513.7877482771153
4930,48,2,30,506.4201012463212
4931,48,2,31,452.7338457860276
4932,48,2,32,511.64040615879594
4933,48,2,33,413.99977054064203
4934,48,2,34,501.80506949142614
4935,48,2,35,447.3475755170797
4936,48,2,36,484.97125102637085
4937,48,2,37,488.33904917879914
4938,48,2,38,434.18446931459135
4939,48,2,39,536.6543687400124
4940,48,2,40,524.6836661633972
4941,48,2,41,529.6592681353553
4942,48,2,42,421.8446617185692
4943,48,2,43,475.4881666738865
4944,48,2,44,482.0125891030651
4945,48,2,45,420.94085386360416
4946,48,2,46,504.86630543579827
4947,48,2,47,506.5656396378761
4948,48,2,48,519.9185888489214
4949,48,2,49,525.7198830534428
4950,48,2,50,484.4314428696207
4951,48,2,51,389.66355174523545
4952,48,2,52,453.4372709277698
4953,48,2,53,519.0874854382922
4954,48,2,54,517.9794103043004
4955,48,2,55,517.6163414181214
4956,48,2,56,460.0603750165058
4957,48,2,57,509.4689964828612
4958,48,2,58,487.4836305185494
4959,48,2,59,513.1914057186813
4960,48,2,60,532.6034401270857
4961,48,2,61,405.56010653153623
4962,48,2,62,513.3508050404716
4963,48,2,63,534.10246855748
4964,48,2,64,425.1093669256606
4965,48,2,65,522.7102436399657
4966,48,2,66,440.06634960168174
4967,48,2,67,417.4974711566384
4968,48,2,68,424.2323699944081
4969,48,2,69,477.461711604286
4970,48,2,70,402.5499936604814
4971,48,2,71,500.3469483432675
4972,48,2,72,425.9558304548531
4973,48,2,73,457.77238441841854
4974,48,2,74,460.40440876924094
4975,48,2,75,534.4315926668528
4976,48,2,76,489.7043755125785
4977,48,2,77,415.7806375019854
4978,48,2,78,536.1899259876419
4979,48,2,79,517.7191931279654
4980,48,2,80,467.6286834724256
4981,48,2,81,446.8772019099664
4982,48,2,82,474.99112483436903
4983,48,2,83,486.29198996657396
4984,48,2,84,521.7284600749438
4985,48,2,85,475.4359897107116
4986,48,2,86,470.2333785856047
4987,48,2,87,477.22598486522946
4988,48,2,88,534.656399629735
4989,48,2,89,481.2650095500179
4990,48,2,90,475.9530697423265
4991,48,2,91,405.43722502962737
4992,48,2,92,498.206874709861
4993,48,2,93,536.087312975436
4994,48,2,94,492.09717532106214
4995,48,2,95,402.2225521552186
4996,48,2,96,430.69575076233883
4997,48,2,97,536.1016197241635
4998,48,2,98,512.7082553517329
4999,48,2,99,508.72077979387035
5000,48,3,0,402.33289635455293
5001,48,3,1,470.692251828966
5002,48,3,2,470.02267050692313
5003,48,3,3,495.78064603850316
5004,48,3,4,430.92021145608595
5005,48,3,5,462.3145016887178
5006,48,3,6,402.72121394315934
5007,48,3,7,435.39681843677374
5008,48,3,8,396.03084556390553
5009,48,3,9,454.62265703311715
5010,48,3,10,445.84688562364846
5011,48,3,11,424.6838800214901
5012,48,3,12,415.6213720613697
5013,48,3,13,452.7290584375153
5014,48,3,14,454.529496467478
5015,48,3,15,495.9269629842895
5016,48,3,16,472.76393949770227
5017,48,3,17,461.8874850129897
5018,48,3,18,501.83964873946775
5019,48,3,19,440.7413748984824
5020,48,3,20,395.73764990329204
5021,48,3,21,461.78226241634644
5022,48,3,22,416.57954308545783
5023,48,3,23,440.42609103750505
5024,48,3,24,494.6242275380528
5025,48,3,25,461.97697842989163
5026,48,3,26,502.74092135659134
5027,48,3,27,441.5120016448596
5028,48,3,28,442.60939360011037
5029,48,3,29,436.24053390916134
5030,48,3,30,395.87794624459826
5031,48,3,31,502.21254617121514
5032,48,3,32,472.796584162961
5033,48,3,33,454.7111779077819
5034,48,3,34,462.9083212896963
5035,48,3,35,425.8913082580112
5036,48,3,36,488.2275268135288
5037,48,3,37,448.917506980928
5038,48,3,38,488.2380557507013
5039,48,3,39,425.98349581255707
5040,48,3,40,464.51660147613154
5041,48,3,41,447.7654871233577
5042,48,3,42,409.1963435500532
5043,48,3,43,482.3468226812075
5044,48,3,44,436.28999676785986
5045,48,3,45,445.4925777426168
5046,48,3,46,442.5277943643861
5047,48,3,47,494.7726578674309
5048,48,3,48,445.6669443634147
5049,48,3,49,396.08965927962294
5050,48,3,50,403.4015496125462
5051,48,3,51,454.7139347030011
5052,48,3,52,439.66548166986735
5053,48,3,53,468.05062988066004
5054,48,3,54,460.3786490320524
5055,48,3,55,439.6264305609622
5056,48,3,56,460.91994156332146
5057,48,3,57,452.5233485735566
5058,48,3,58,495.333736817721
5059,48,3,59,485.8200336159894
5060,48,3,60,447.4684941489523
5061,48,3,61,487.8675836502322
5062,48,3,62,453.24760767407497
5063,48,3,63,460.5633504296612
5064,48,3,64,439.10042989964325
5065,48,3,65,452.15492217544147
5066,48,3,66,488.0230630136638
5067,48,3,67,458.84184812191074
5068,48,3,68,457.1827986159646
5069,48,3,69,444.5018681897593
5070,48,3,70,455.9211983182248
5071,48,3,71,452.4002171289318
5072,48,3,72,424.3236295075922
5073,48,3,73,431.36839075360444
5074,48,3,74,427.2303443886603
5075,48,3,75,501.70748097701323
5076,48,3,76,443.30715418215743
5077,48,3,77,444.59785615605693
5078,48,3,78,441.62193668877075
5079,48,3,79,502.00484969797657
5080,48,3,80,463.51927573736225
5081,48,3,81,416.47320602251864
5082,48,3,82,463.3361074737061
5083,48,3,83,442.6889384093063
5084,48,3,84,424.6984509865974
5085,48,3,85,481.84000452932634
5086,48,3,86,394.4038600612377
5087,48,3,87,448.5214745561657
5088,48,3,88,444.2458305705733
5089,48,3,89,450.49491470063884
5090,48,3,90,424.16332369197175
5091,48,3,91,403.04479718440183
5092,48,3,92,450.00800535695174
5093,48,3,93,450.788246563072
5094,48,3,94,463.2403383226616
5095,48,3,95,486.03990189562967
5096,48,3,96,464.59451705719016
5097,48,3,97,460.9941971018013
5098,48,3,98,502.3191915948802
5099,48,3,99,484.9066090119244
5100,50,1,0,111.64291684994008
5101,50,1,1,165.5312917372981
5102,50,1,2,98.38591108740144
5103,50,1,3,167.10187828147883
5104,50,1,4,158.80110976471752
5105,50,1,5,167.43823846942468
5106,50,1,6,129.42729845015165
5107,50,1,7,220.46735054375296
5108,50,1,8,177.0387562785929
5109,50,1,9,192.3817452694643
5110,50,1,10,159.5124739689548
5111,50,1,11,127.25727082158109
5112,50,1,12,88.08537473939784
5113,50,1,13,148.17718641101996
5114,50,1,14,178.2551572847478
5115,50,1,15,97.40150796797136
5116,50,1,16,71.84056258190594
5117,50,1,17,163.20612865729402
5118,50,1,18,164.62869267930202
5119,50,1,19,184.18803430299607
5120,50,1,20,221.47238487928874
5121,50,1,21,214.58831925329292
5122,50,1,22,146.19377256932322
5123,50,1,23,68.01431284177019
5124,50,1,24,155.50218505605602
5125,50,1,25,144.13010671491492
5126,50,1,26,72.42668253871743
5127,50,1,27,130.50345577330995
5128,50,1,28,104.75271730492179
5129,50,1,29,148.60912478597373
5130,50,1,30,153.26646217031157
5131,50,1,31,214.55462291375812
5132,50,1,32,126.87298520443946
5133,50,1,33,129.21400811603294
5134,50,1,34,161.47968566575497
5135,50,1,35,164.52023308873538
5136,50,1,36,136.5772800024075
5137,50,1,37,180.36387115220987
5138,50,1,38,200.96715446812078
5139,50,1,39,203.78514216051886
5140,50,1,40,125.66434749659058
5141,50,1,41,167.98713664246415
5142,50,1,42,109.94205767085019
5143,50,1,43,171.0631360254755
5144,50,1,44,153.14632104996312
5145,50,1,45,150.10006147176844
5146,50,1,46,215.38459993851774
5147,50,1,47,168.54590786550622
5148,50,1,48,166.44823485253818
5149,50,1,49,186.22329229180917
5150,50,1,50,219.9269370410706
5151,50,1,51,221.8597732666506
5152,50,1,52,146.61285457630413
5153,50,1,53,159.3606165335461
5154,50,1,54,117.41354409674447
5155,50,1,55,137.15401221657316
5156,50,1,56,198.96406304961363
5157,50,1,57,110.64431283260292
5158,50,1,58,200.7048548973656
5159,50,1,59,139.50672691270745
5160,50,1,60,125.4181621740856
5161,50,1,61,190.65522326923545
5162,50,1,62,103.35499724958844
5163,50,1,63,184.09374816128903
5164,50,1,64,189.96440678673946
5165,50,1,65,125.01749094889996
5166,50,1,66,86.4981514496966
5167,50,1,67,94.38351273340928
5168,50,1,68,140.10823168209996
5169,50,1,69,129.25994647944214
5170,50,1,70,160.4090361825675
5171,50,1,71,125.77582023567561
5172,50,1,72,136.1175781347369
5173,50,1,73,156.99682319254077
5174,50,1,74,201.0211448136707
5175,50,1,75,108.72539885618336
5176,50,1,76,90.44047161313205
5177,50,1,77,154.14712908779248
5178,50,1,78,192.11033082040555
5179,50,1,79,192.07905932824846
5180,50,1,80,149.08982341894378
5181,50,1,81,75.94496222027854
5182,50,1,82,150.36864808495466
5183,50,1,83,161.68883841784844
5184,50,1,84,199.89423785399134
5185,50,1,85,181.63771044223316
5186,50,1,86,222.9109874544855
5187,50,1,87,166.626926744087
5188,50,1,88,177.46393780713828
5189,50,1,89,133.7357919681865
5190,50,1,90,130.2019377604384
5191,50,1,91,74.14310942081795
5192,50,1,92,156.36476028096072
5193,50,1,93,137.83404957232014
5194,50,1,94,130.24534488751596
5195,50,1,95,195.8991461720356
5196,50,1,96,158.74911825825689
5197,50,1,97,152.90573907727935
5198,50,1,98,124.97804031506887
5199,50,1,99,141.069445121334
5200,50,2,0,387.4331230610517
5201,50,2,1,178.72792522459775
5202,50,2,2,397.92732783492926
5203,50,2,3,376.453395100531
5204,50,2,4,398.1340011537003
5205,50,2,5,377.43150004809195
5206,50,2,6,361.2817761240384
5207,50,2,7,379.0001470673571
5208,50,2,8,375.5900123410407
5209,50,2,9,499.5070470430282
5210,50,2,10,165.1070494065075
5211,50,2,11,425.9754839177809
5212,50,2,12,386.6986558743095
5213,50,2,13,195.2375585501491
5214,50,2,14,375.8708485052767
5215,50,2,15,428.28726721749524
5216,50,2,16,377.55064385900755
5217,50,2,17,376.7499687331219
5218,50,2,18,66.64047114430146
5219,50,2,19,178.65590940258983
5220,50,2,20,380.98976041125155
5221,50,2,21,379.66583453143653
5222,50,2,22,379.6275333602683
5223,50,2,23,411.7285371682038
5224,50,2,24,372.70513507565465
5225,50,2,25,393.10789622674514
5226,50,2,26,449.3134525361466
5227,50,2,27,414.2183435406317
5228,50,2,28,397.97729936228296
5229,50,2,29,199.68208040731912
5230,50,2,30,371.97771140918894
5231,50,2,31,402.7740442942646
5232,50,2,32,466.5200274645376
5233,50,2,33,380.7616296741231
5234,50,2,34,397.0119818500317
5235,50,2,35,371.40735959205114
5236,50,2,36,376.5859722716896
5237,50,2,37,201.04392851077358
5238,50,2,38,204.75520597865838
5239,50,2,39,386.8190580655702
5240,50,2,40,372.298087693182
5241,50,2,41,415.62871894437046
5242,50,2,42,394.9429216889778
5243,50,2,43,137.25315868872065
5244,50,2,44,384.02444881517584
5245,50,2,45,374.87907855298465
5246,50,2,46,412.27014939234004
5247,50,2,47,393.36029869680306
5248,50,2,48,197.0190309824966
5249,50,2,49,510.0693390832476
5250,50,2,50,396.0563979451572
5251,50,2,51,373.4028807889488
5252,50,2,52,378.0693240864383
5253,50,2,53,189.55412691609632
5254,50,2,54,379.53756693180594
5255,50,2,55,418.61297027842096
5256,50,2,56,405.70496372634915
5257,50,2,57,412.4633785173319
5258,50,2,58,384.09569867116613
5259,50,2,59,494.64307888344354
5260,50,2,60,389.95006679587203
5261,50,2,61,395.3582813899326
5262,50,2,62,383.4837022116036
5263,50,2,63,431.3483831695407
5264,50,2,64,426.4540567631522
5265,50,2,65,396.94636759837357
5266,50,2,66,379.96347529451293
5267,50,2,67,380.0244487142648
5268,50,2,68,396.3020000773871
5269,50,2,69,390.593636163546
5270,50,2,70,169.88419708404646
5271,50,2,71,198.98950657025324
5272,50,2,72,370.55204974243117
5273,50,2,73,368.38622617951324
5274,50,2,74,381.8965552687425
5275,50,2,75,377.3360638379184
5276,50,2,76,204.07403663700094
5277,50,2,77,392.55851329151494
5278,50,2,78,181.52782353167015
5279,50,2,79,389.8333657220178
5280,50,2,80,417.0530238215607
5281,50,2,81,387.2686068737918
5282,50,2,82,194.31122933141265
5283,50,2,83,113.44284355807108
5284,50,2,84,401.372048836761
5285,50,2,85,406.25280081596344
5286,50,2,86,473.0293899708316
5287,50,2,87,373.0289470611943
5288,50,2,88,387.98480193154154
5289,50,2,89,394.5615461906731
5290,50,2,90,395.2145528973731
5291,50,2,91,384.98126902178285
5292,50,2,92,382.3238823283996
5293,50,2,93,394.5397019829186
5294,50,2,94,386.0171692042336
5295,50,2,95,399.8835708343234
5296,50,2,96,382.28573593773086
5297,50,2,97,87.21668176874452
5298,50,2,98,163.34449570928754
5299,50,2,99,386.53536144662326
5300,50,3,0,411.14577527897507
5301,50,3,1,76.07945545092375
5302,50,3,2,256.336049429862
5303,50,3,3,375.6280378646447
5304,50,3,4,100.63500391393022
5305,50,3,5,173.88031570994602
5306,50,3,6,388.77676755933925
5307,50,3,7,103.28461025403752
5308,50,3,8,310.5725094363
5309,50,3,9,115.55718421766076
5310,50,3,10,111.0655744030764
5311,50,3,11,352.7879959835473
5312,50,3,12,203.99883121089016
5313,50,3,13,93.78868206228739
5314,50,3,14,182.6517226349615
5315,50,3,15,148.89903002510346
5316,50,3,16,172.25866660549477
5317,50,3,17,91.89598681173496
5318,50,3,18,78.40641181212693
5319,50,3,19,193.50540141955182
5320,50,3,20,348.9588172665521
5321,50,3,21,186.56335179457275
5322,50,3,22,375.56546206018214
5323,50,3,23,536.1986973584532
5324,50,3,24,403.09042124272617
5325,50,3,25,114.92769292320392
5326,50,3,26,107.38605304143631
5327,50,3,27,102.88128926235713
5328,50,3,28,187.14505460219507
5329,50,3,29,91.62473714870883
5330,50,3,30,506.71194971881647
5331,50,3,31,531.4447140453055
5332,50,3,32,382.02250060193154
5333,50,3,33,373.712445885819
5334,50,3,34,209.6811864957339
5335,50,3,35,196.4783232248046
5336,50,3,36,198.07915465338772
5337,50,3,37,100.42688390666046
5338,50,3,38,404.6891576016256
5339,50,3,39,88.3544733565783
5340,50,3,40,375.3371943938415
5341,50,3,41,161.8689802357122
5342,50,3,42,534.8272653220206
5343,50,3,43,480.3925814225555
5344,50,3,44,465.4729074170172
5345,50,3,45,196.65346393707344
5346,50,3,46,84.81974738403363
5347,50,3,47,80.42640341869419
5348,50,3,48,379.70428362216245
5349,50,3,49,145.82348804083756
5350,50,3,50,80.7263628090603
5351,50,3,51,353.41847784929263
5352,50,3,52,377.3261474873911
5353,50,3,53,520.4108198894958
5354,50,3,54,535.4207283602752
5355,50,3,55,108.72579135779495
5356,50,3,56,76.31872027920659
5357,50,3,57,62.42811511220874
5358,50,3,58,376.6563837598245
5359,50,3,59,370.6199513816925
5360,50,3,60,151.4968464954237
5361,50,3,61,94.40099674979643
5362,50,3,62,434.77508734628003
5363,50,3,63,93.49232609811932
5364,50,3,64,496.62484614223916
5365,50,3,65,527.9501294437741
5366,50,3,66,82.59286632527059
5367,50,3,67,182.29654343085662
5368,50,3,68,368.5161215262132
5369,50,3,69,102.45704416034927
5370,50,3,70,120.31531824020533
5371,50,3,71,428.714750527381
5372,50,3,72,173.17145692373504
5373,50,3,73,153.22902029837482
5374,50,3,74,169.30549793138817
5375,50,3,75,367.71849013611035
5376,50,3,76,73.5091225060391
5377,50,3,77,88.91891216464494
5378,50,3,78,211.58842197655298
5379,50,3,79,168.0184366861893
5380,50,3,80,370.3454700467666
5381,50,3,81,175.56379748567429
5382,50,3,82,97.60904210684744
5383,50,3,83,477.24761292404634
5384,50,3,84,510.33153433674335
5385,50,3,85,377.0443129082685
5386,50,3,86,177.73212700819712
5387,50,3,87,375.66181094331097
5388,50,3,88,516.972326125797
5389,50,3,89,484.7643980471526
5390,50,3,90,113.02200241452944
5391,50,3,91,372.5731615367007
5392,50,3,92,67.62542423692408
5393,50,3,93,532.1536127187823
5394,50,3,94,468.45652989475343
5395,50,3,95,114.04585455663798
5396,50,3,96,518.8523209886224
5397,50,3,97,124.90396349547359
5398,50,3,98,389.02431451767814
5399,50,3,99,104.0694686863668
5400,56,1,0,148.86945122205827
5401,56,1,1,146.89520491923685
5402,56,1,2,86.96194540823998
5403,56,1,3,122.27015073218116
5404,56,1,4,129.01295718094102
5405,56,1,5,135.28438599758388
5406,56,1,6,134.57178967037464
5407,56,1,7,140.76092878187387
5408,56,1,8,135.76066274959868
5409,56,1,9,93.92615148073618
5410,56,1,10,125.70261147161953
5411,56,1,11,130.4995548395571
5412,56,1,12,214.74240398395483
5413,56,1,13,148.68453252094594
5414,56,1,14,87.26051353379
5415,56,1,15,84.53412215773403
5416,56,1,16,131.7796125109219
5417,56,1,17,78.08015253392385
5418,56,1,18,76.67307701427262
5419,56,1,19,250.8457815055951
5420,56,1,20,109.7694333966914
5421,56,1,21,144.69139820997322
5422,56,1,22,134.00720637558732
5423,56,1,23,247.6400835869497
5424,56,1,24,71.89964664814343
5425,56,1,25,235.71236582689724
5426,56,1,26,106.44113517250939
5427,56,1,27,86.30274738999955
5428,56,1,28,121.85847064685159
5429,56,1,29,78.48495244525728
5430,56,1,30,132.739591890963
5431,56,1,31,132.27689104256288
5432,56,1,32,82.39038540502742
5433,56,1,33,145.7307095567056
5434,56,1,34,144.33816327361788
5435,56,1,35,246.8249166226137
5436,56,1,36,89.45502193793877
5437,56,1,37,105.05820482098174
5438,56,1,38,110.25723331795932
5439,56,1,39,106.1487940420563
5440,56,1,40,102.65670444808765
5441,56,1,41,240.95981246768864
5442,56,1,42,131.64957989593745
5443,56,1,43,146.90043074724252
5444,56,1,44,102.54979147861494
5445,56,1,45,129.23675342914325
5446,56,1,46,147.47274490668812
5447,56,1,47,263.1991049024044
5448,56,1,48,103.89068557907213
5449,56,1,49,102.56392401521929
5450,56,1,50,109.13122887044611
5451,56,1,51,122.98333856363779
5452,56,1,52,73.64222372840487
5453,56,1,53,225.96865622403388
5454,56,1,54,133.1217772561946
5455,56,1,55,122.99355022046439
5456,56,1,56,98.29025555275582
5457,56,1,57,67.16013734109656
5458,56,1,58,264.02499159361247
5459,56,1,59,86.69188981534433
5460,56,1,60,85.8523742839214
5461,56,1,61,124.47492950857774
5462,56,1,62,139.12376359905588
5463,56,1,63,124.29777384262746
5464,56,1,64,102.09664537698977
5465,56,1,65,95.59647809952021
5466,56,1,66,89.45772224116922
5467,56,1,67,128.3134702042379
5468,56,1,68,134.25886896903694
5469,56,1,69,88.65535726523416
5470,56,1,70,136.09439649280765
5471,56,1,71,89.80033857311757
5472,56,1,72,80.46881582253158
5473,56,1,73,78.7497485702578
5474,56,1,74,91.74739239679226
5475,56,1,75,139.61255426979406
5476,56,1,76,142.44257078630932
5477,56,1,77,90.729650036358
5478,56,1,78,107.34923084218276
5479,56,1,79,94.55618608568152
5480,56,1,80,99.96960175696583
5481,56,1,81,116.73024063257724
5482,56,1,82,67.01308319401095
5483,56,1,83,117.50175299246507
5484,56,1,84,94.07312027842816
5485,56,1,85,117.45645985876892
5486,56,1,86,130.74153030752004
5487,56,1,87,104.86612919907692
5488,56,1,88,81.02127045919902
5489,56,1,89,131.26888248707857
5490,56,1,90,255.66022145684974
5491,56,1,91,221.37514196354516
5492,56,1,92,72.96566055815539
5493,56,1,93,241.06187512248556
5494,56,1,94,119.32985687923801
5495,56,1,95,119.61345297994302
5496,56,1,96,80.1935567876065
5497,56,1,97,146.35360131437082
5498,56,1,98,136.6388489567654
5499,56,1,99,116.96359281108495
5500,56,2,0,482.94174601038105
5501,56,2,1,445.3381885950081
5502,56,2,2,379.4811862173197
5503,56,2,3,492.00199045115033
5504,56,2,4,531.2554138225627
5505,56,2,5,418.2183058015248
5506,56,2,6,386.328622896895
5507,56,2,7,421.1939548697513
5508,56,2,8,397.36774958024944
5509,56,2,9,426.5781587309625
5510,56,2,10,448.5157610182563
5511,56,2,11,486.5423570645568
5512,56,2,12,414.59603817165987
5513,56,2,13,494.26281759319255
5514,56,2,14,493.9784730388531
5515,56,2,15,535.6124726199321
5516,56,2,16,516.3661887620968
5517,56,2,17,398.5805595184117
5518,56,2,18,442.28675943191456
5519,56,2,19,537.9225010004739
5520,56,2,20,427.81864592396806
5521,56,2,21,471.5116568807868
5522,56,2,22,447.9028879972581
5523,56,2,23,516.0083760282247
5524,56,2,24,506.6959946742215
5525,56,2,25,394.44987538671114
5526,56,2,26,514.1038469294158
5527,56,2,27,506.9406588441886
5528,56,2,28,481.8098910879785
5529,56,2,29,536.4299943716763
5530,56,2,30,528.6170705133057
5531,56,2,31,407.48275994230505
5532,56,2,32,467.14305752748476
5533,56,2,33,428.2340700789408
5534,56,2,34,440.40004342472156
5535,56,2,35,529.9804514907289
5536,56,2,36,529.775451017374
5537,56,2,37,509.2168423167558
5538,56,2,38,482.78690670065737
5539,56,2,39,398.95148029623687
5540,56,2,40,457.34801964408865
5541,56,2,41,528.7076247797521
5542,56,2,42,424.18446606400465
5543,56,2,43,531.7747953961186
5544,56,2,44,516.0510051877304
5545,56,2,45,516.5222837140888
5546,56,2,46,411.71850331878255
5547,56,2,47,525.6313600679396
5548,56,2,48,532.1184919789808
5549,56,2,49,505.4165567767807
5550,56,2,50,534.1175780576925
5551,56,2,51,512.405682578285
5552,56,2,52,405.604999276926
5553,56,2,53,492.8794584793378
5554,56,2,54,536.7553048744904
5555,56,2,55,524.4643593460777
5556,56,2,56,531.7202769013265
5557,56,2,57,503.7252514241171
5558,56,2,58,461.5873458330126
5559,56,2,59,484.25080125628176
5560,56,2,60,461.5671080982819
5561,56,2,61,481.8760019719982
5562,56,2,62,431.2562128059644
5563,56,2,63,480.12673908717466
5564,56,2,64,500.2615554716587
5565,56,2,65,524.0128352974381
5566,56,2,66,522.0275994371551
5567,56,2,67,458.9695147218261
5568,56,2,68,513.2176462803312
5569,56,2,69,484.0952257602933
5570,56,2,70,532.5204489441419
5571,56,2,71,523.5350743118867
5572,56,2,72,504.3562767502936
5573,56,2,73,526.4985522253934
5574,56,2,74,508.5900896572558
5575,56,2,75,503.94661782415074
5576,56,2,76,519.0444915081171
5577,56,2,77,517.1623652166517
5578,56,2,78,466.49389447220074
5579,56,2,79,513.8313629866645
5580,56,2,80,501.90157445271706
5581,56,2,81,534.7442579720207
5582,56,2,82,468.73184316047104
5583,56,2,83,437.2745315733666
5584,56,2,84,514.1162450092037
5585,56,2,85,503.6182248556667
5586,56,2,86,381.9101865007982
5587,56,2,87,439.2654003188474
5588,56,2,88,403.8946306684203
5589,56,2,89,459.21869836150586
5590,56,2,90,528.9814877468494
5591,56,2,91,501.70581988592244
5592,56,2,92,510.76677970315666
5593,56,2,93,525.2559955632325
5594,56,2,94,498.518117272045
5595,56,2,95,396.47279040044333
5596,56,2,96,500.8261767793211
5597,56,2,97,502.0834895696104
5598,56,2,98,512.0556899473056
5599,56,2,99,498.4512748803868
5600,56,3,0,459.4697998986249
5601,56,3,1,480.40823764253275
5602,56,3,2,458.9057939429426
5603,56,3,3,483.88433056268326
5604,56,3,4,394.89448541485245
5605,56,3,5,450.3859078896063
5606,56,3,6,444.07851826983176
5607,56,3,7,445.4653111372006
5608,56,3,8,487.6596540282152
5609,56,3,9,465.9545423319069
5610,56,3,10,452.22584318212824
5611,56,3,11,416.50408177862994
5612,56,3,12,437.9569530844153
5613,56,3,13,473.42313115119947
5614,56,3,14,471.1056737264747
5615,56,3,15,428.5718512568716
5616,56,3,16,449.13347071570934
5617,56,3,17,402.9982433671475
5618,56,3,18,461.83264203146837
5619,56,3,19,459.40298482196164
5620,56,3,20,487.1890370716276
5621,56,3,21,435.990479957623
5622,56,3,22,501.69706190199486
5623,56,3,23,440.2921454254174
5624,56,3,24,491.1512743083573
5625,56,3,25,455.93473355592715
5626,56,3,26,430.6057327727144
5627,56,3,27,401.6715804647758
5628,56,3,28,461.72754788292514
5629,56,3,29,433.0828045714568
5630,56,3,30,445.2767732655353
5631,56,3,31,409.2805079737455
5632,56,3,32,487.18372787695495
5633,56,3,33,444.25254521678215
5634,56,3,34,436.3361361849658
5635,56,3,35,484.26530977234347
5636,56,3,36,402.07528087548445
5637,56,3,37,447.63852760687166
5638,56,3,38,450.62936307291557
5639,56,3,39,439.4787968134124
5640,56,3,40,453.21745089643554
5641,56,3,41,411.18808751811883
5642,56,3,42,452.130749354229
5643,56,3,43,442.5095564359089
5644,56,3,44,445.8901319900088
5645,56,3,45,486.57034952192623
5646,56,3,46,454.4056840719685
5647,56,3,47,416.53155935040377
5648,56,3,48,452.87161649190966
5649,56,3,49,458.5730340543702
5650,56,3,50,396.66180682785716
5651,56,3,51,459.94023533245706
5652,56,3,52,429.09926660899987
5653,56,3,53,416.76072134353416
5654,56,3,54,469.7694673537341
5655,56,3,55,445.9653798813515
5656,56,3,56,444.26305748184245
5657,56,3,57,430.2494236795005
5658,56,3,58,473.2478550246448
5659,56,3,59,483.15427100084764
5660,56,3,60,502.0868686166838
5661,56,3,61,456.3683586358028
5662,56,3,62,425.3793118188187
5663,56,3,63,467.5444889888346
5664,56,3,64,432.58835422515756
5665,56,3,65,412.7863726447536
5666,56,3,66,452.9708369761732
5667,56,3,67,454.155561951093
5668,56,3,68,483.13479305746176
5669,56,3,69,409.83058262246476
5670,56,3,70,437.5734796991362
5671,56,3,71,442.8113689500727
5672,56,3,72,441.3085887295321
5673,56,3,73,436.575889816405
5674,56,3,74,487.7025028308932
5675,56,3,75,460.969129708583
5676,56,3,76,411.87433485944223
5677,56,3,77,435.6198041077601
5678,56,3,78,436.18591943009164
5679,56,3,79,455.59891840720417
5680,56,3,80,473.58390200451163
5681,56,3,81,486.4201296176382
5682,56,3,82,450.23971463907947
5683,56,3,83,461.5650148327871
5684,56,3,84,437.57262323639407
5685,56,3,85,454.2178219781005
5686,56,3,86,469.50218469822516
5687,56,3,87,445.1811638373832
5688,56,3,88,440.2715154601873
5689,56,3,89,481.0511972670947
5690,56,3,90,445.54451344545083
5691,56,3,91,430.4003428772072
5692,56,3,92,394.8045372878061
5693,56,3,93,454.95444590455844
5694,56,3,94,445.84173141845105
5695,56,3,95,416.65946816843075
5696,56,3,96,462.63835763756043
5697,56,3,97,409.8377323534636
5698,56,3,98,480.8094221786458
5699,56,3,99,434.77702751870567
5700,59,1,0,368.42716867109704
5701,59,1,1,294.6749575476571
5702,59,1,2,419.2277836277608
5703,59,1,3,469.88704975857456
5704,59,1,4,483.70396376912475
5705,59,1,5,446.4154910200842
5706,59,1,6,80.45032433730688
5707,59,1,7,298.3348132154789
5708,59,1,8,265.76389491894975
5709,59,1,9,348.1549154395248
5710,59,1,10,392.5088878198164
5711,59,1,11,476.4722999605925
5712,59,1,12,373.21834145489987
5713,59,1,13,437.0620640122458
5714,59,1,14,277.4702525542
5715,59,1,15,512.3390274368795
5716,59,1,16,361.5348655550164
5717,59,1,17,395.6645746901185
5718,59,1,18,120.4138352849272
5719,59,1,19,465.9147841677083
5720,59,1,20,427.0640012828465
5721,59,1,21,81.08699760733151
5722,59,1,22,393.512836618549
5723,59,1,23,394.70152678178505
5724,59,1,24,319.2991430278872
5725,59,1,25,249.17595730406265
5726,59,1,26,64.82106613943112
5727,59,1,27,193.64133763316562
5728,59,1,28,65.73803707406903
5729,59,1,29,444.6319431316946
5730,59,1,30,63.066001455007004
5731,59,1,31,442.8642977803548
5732,59,1,32,399.6529237174726
5733,59,1,33,295.822770329029
5734,59,1,34,406.0568827648231
5735,59,1,35,312.1925180060833
5736,59,1,36,274.7617687631331
5737,59,1,37,449.96387398932876
5738,59,1,38,110.8969702806946
5739,59,1,39,404.65418180019077
5740,59,1,40,473.82471361036977
5741,59,1,41,400.2284491619569
5742,59,1,42,410.81290123202405
5743,59,1,43,325.90198551834635
5744,59,1,44,505.67673894831955
5745,59,1,45,354.68269323011026
5746,59,1,46,275.4820147541015
5747,59,1,47,168.63899814818026
5748,59,1,48,108.06802064969999
5749,59,1,49,89.44921930342349
5750,59,1,50,65.51305554350127
5751,59,1,51,498.3328650078717
5752,59,1,52,290.73310572612644
5753,59,1,53,442.7608890983409
5754,59,1,54,378.9829485262779
5755,59,1,55,484.39761369663375
5756,59,1,56,297.87466762226205
5757,59,1,57,393.79830406140144
5758,59,1,58,427.66181139698506
5759,59,1,59,77.71861493332251
5760,59,1,60,127.40863305343414
5761,59,1,61,320.9433583813412
5762,59,1,62,100.1797495473904
5763,59,1,63,282.1785915838861
5764,59,1,64,170.8889769768451
5765,59,1,65,483.7615178696539
5766,59,1,66,389.03233454899333
5767,59,1,67,257.2684247561423
5768,59,1,68,462.8149846258643
5769,59,1,69,84.41546280982925
5770,59,1,70,374.31901758661377
5771,59,1,71,73.04621324377979
5772,59,1,72,413.2608618660287
5773,59,1,73,475.82285688967266
5774,59,1,74,365.83930812327645
5775,59,1,75,409.7963474059049
5776,59,1,76,167.7893949503366
5777,59,1,77,438.33916121619075
5778,59,1,78,454.49652922194116
5779,59,1,79,89.51677400045297
5780,59,1,80,298.7951770332789
5781,59,1,81,483.778652973145
5782,59,1,82,426.13257075870973
5783,59,1,83,107.5294359255019
5784,59,1,84,462.21034235839886
5785,59,1,85,74.8304832264487
5786,59,1,86,502.9177960202808
5787,59,1,87,336.0076300464134
5788,59,1,88,522.8301652218586
5789,59,1,89,365.1573594203716
5790,59,1,90,487.5989598629403
5791,59,1,91,427.66065662450603
5792,59,1,92,501.8128589597321
5793,59,1,93,91.37160975146129
5794,59,1,94,472.85524144920436
5795,59,1,95,76.37974717320544
5796,59,1,96,119.75923856793014
5797,59,1,97,403.4384993334835
5798,59,1,98,304.2205092752999
5799,59,1,99,467.7164855317211
5800,59,2,0,301.6645463923943
5801,59,2,1,306.2771176350938
5802,59,2,2,279.2009278534413
5803,59,2,3,309.4050821119916
5804,59,2,4,294.08190486872576
5805,59,2,5,268.6827255380652
5806,59,2,6,301.4973131522287
5807,59,2,7,321.5273737421209
5808,59,2,8,305.48086365725396
5809,59,2,9,260.1387832634165
5810,59,2,10,310.02052032589
5811,59,2,11,264.8801470613555
5812,59,2,12,331.3335478314871
5813,59,2,13,339.84243215374494
5814,59,2,14,321.9152553416383
5815,59,2,15,311.6284795677661
5816,59,2,16,310.6606230061462
5817,59,2,17,290.0462416269078
5818,59,2,18,298.1971601497791
5819,59,2,19,311.9853301847445
5820,59,2,20,281.9159459760364
5821,59,2,21,354.36870972767025
5822,59,2,22,305.9356509237799
5823,59,2,23,261.22517899124875
5824,59,2,24,252.5620090719932
5825,59,2,25,302.7317182649458
5826,59,2,26,289.02467668092805
5827,59,2,27,310.451864436705
5828,59,2,28,331.9420349339885
5829,59,2,29,261.0176513191376
5830,59,2,30,294.2709150786781
5831,59,2,31,295.45334083368084
5832,59,2,32,310.45705374968946
5833,59,2,33,347.0095179951021
5834,59,2,34,253.91962889370004
5835,59,2,35,335.5765508826325
5836,59,2,36,306.45800367189906
5837,59,2,37,338.3767215889261
5838,59,2,38,339.5547408513302
5839,59,2,39,247.8995784223983
5840,59,2,40,336.1178794158247
5841,59,2,41,324.8353878588907
5842,59,2,42,297.448656500005
5843,59,2,43,265.098426484564
5844,59,2,44,288.98796146889754
5845,59,2,45,281.56644484777524
5846,59,2,46,303.89636258186374
5847,59,2,47,294.08795346939394
5848,59,2,48,334.02237593788834
5849,59,2,49,277.8450469710009
5850,59,2,50,291.7671291633846
5851,59,2,51,268.0994078710807
5852,59,2,52,312.70641955406245
5853,59,2,53,338.3555713418558
5854,59,2,54,275.3445161080873
5855,59,2,55,275.96336417887426
5856,59,2,56,299.0393564795911
5857,59,2,57,275.8218772854725
5858,59,2,58,331.6837774122223
5859,59,2,59,294.0270057844029
5860,59,2,60,309.5481503459797
5861,59,2,61,290.2536385878499
5862,59,2,62,278.16625147020244
5863,59,2,63,264.9303070976564
5864,59,2,64,268.6981306448859
5865,59,2,65,334.8404686500651
5866,59,2,66,339.07087407149373
5867,59,2,67,280.31798811670126
5868,59,2,68,314.1949597601841
5869,59,2,69,283.909180018231
5870,59,2,70,284.2904877648023
5871,59,2,71,338.67178688950617
5872,59,2,72,261.27476073428966
5873,59,2,73,275.90618826051065
5874,59,2,74,322.34703202197386
5875,59,2,75,261.89443318957757
5876,59,2,76,354.36789730330116
5877,59,2,77,259.89532071009455
5878,59,2,78,321.1707351081363
5879,59,2,79,304.20773369165676
5880,59,2,80,296.1225992145758
5881,59,2,81,331.92054120168973
5882,59,2,82,275.8172104686705
5883,59,2,83,318.48004864312026
5884,59,2,84,338.6378665080647
5885,59,2,85,292.1344018085948
5886,59,2,86,352.4177917770358
5887,59,2,87,285.5761303791543
5888,59,2,88,245.80186261053026
5889,59,2,89,342.0209532459995
5890,59,2,90,287.98273447282895
5891,59,2,91,268.34638242852157
5892,59,2,92,294.33190673254506
5893,59,2,93,287.70972292386114
5894,59,2,94,291.3038000388242
5895,59,2,95,313.13412473611703
5896,59,2,96,294.03626227270934
5897,59,2,97,346.504207379626
5898,59,2,98,247.79156126691322
5899,59,2,99,261.35709853645085
5900,59,3,0,231.02454298500993
5901,59,3,1,248.44467102992004
5902,59,3,2,292.36934315138245
5903,59,3,3,331.6560435101456
5904,59,3,4,252.21883507479882
5905,59,3,5,290.4439856362366
5906,59,3,6,200.8997236786476
5907,59,3,7,288.6208379338479
5908,59,3,8,280.2797164721821
5909,59,3,9,223.12143273096
5910,59,3,10,302.8942951963237
5911,59,3,11,299.98317312123316
5912,59,3,12,286.13240726074855
5913,59,3,13,312.55098170356445
5914,59,3,14,269.36768338438463
5915,59,3,15,245.94040875419122
5916,59,3,16,213.72232215241766
5917,59,3,17,354.78214664519174
5918,59,3,18,221.09614518327876
5919,59,3,19,283.3272904560415
5920,59,3,20,274.08576701791094
5921,59,3,21,305.591060571972
5922,59,3,22,278.03132249426045
5923,59,3,23,280.98110713689164
5924,59,3,24,243.7260698399689
5925,59,3,25,256.10107121211246
5926,59,3,26,215.38885568546334
5927,59,3,27,272.50250662005203
5928,59,3,28,229.8811771427144
5929,59,3,29,200.64547103624352
5930,59,3,30,267.3102623326249
5931,59,3,31,242.46652850096356
5932,59,3,32,323.443820049536
5933,59,3,33,296.493055607681
5934,59,3,34,236.40965472076923
5935,59,3,35,225.18845756860583
5936,59,3,36,197.08162444877144
5937,59,3,37,264.31263558582526
5938,59,3,38,143.0031710029373
5939,59,3,39,177.07081518106455
5940,59,3,40,304.8664790356745
5941,59,3,41,249.16065207736105
5942,59,3,42,306.9706949770222
5943,59,3,43,301.32018853376326
5944,59,3,44,255.6830596068671
5945,59,3,45,263.89617865966807
5946,59,3,46,356.84760122662993
5947,59,3,47,303.1149978196861
5948,59,3,48,324.8835255124435
5949,59,3,49,275.85078085305247
5950,59,3,50,319.6926560077753
5951,59,3,51,261.912419635236
5952,59,3,52,297.1145228929383
5953,59,3,53,275.45389259303715
5954,59,3,54,282.42755218450395
5955,59,3,55,280.92923648375546
5956,59,3,56,348.8614273026978
5957,59,3,57,217.30814291876527
5958,59,3,58,222.1976480364446
5959,59,3,59,297.4127302127643
5960,59,3,60,242.10161237509692
5961,59,3,61,126.33111355503858
5962,59,3,62,286.6506342751218
5963,59,3,63,327.1045776591498
5964,59,3,64,281.9384253796083
5965,59,3,65,223.28897751716025
5966,59,3,66,321.25590492716276
5967,59,3,67,270.12245530942704
5968,59,3,68,311.3307552876219
5969,59,3,69,300.88856628680685
5970,59,3,70,278.0565721570873
5971,59,3,71,303.0556246684796
5972,59,3,72,288.7980332839515
5973,59,3,73,216.4726751652394
5974,59,3,74,303.7554203816406
5975,59,3,75,294.21002333401464
5976,59,3,76,216.9228577979961
5977,59,3,77,310.45618337673164
5978,59,3,78,322.3272486701601
5979,59,3,79,272.9134211854797
5980,59,3,80,264.947897937767
5981,59,3,81,266.79085385120254
5982,59,3,82,279.8087652223287
5983,59,3,83,105.09436195693414
5984,59,3,84,266.6853848008058
5985,59,3,85,240.5908008305523
5986,59,3,86,312.32416313370834
5987,59,3,87,276.60746429690386
5988,59,3,88,237.368398119163
5989,59,3,89,245.11858609310502
5990,59,3,90,311.2010633881842
5991,59,3,91,271.4089076325022
5992,59,3,92,334.2859356261078
5993,59,3,93,286.70595040303743
5994,59,3,94,297.8576456759345
5995,59,3,95,269.01457578851176
5996,59,3,96,321.78780741907576
5997,59,3,97,263.54188451931356
5998,59,3,98,320.6927555709685
5999,59,3,99,332.31641383419463
6000,62,1,0,136.72341773229917
6001,62,1,1,100.03371778570754
6002,62,1,2,86.72383333515108
6003,62,1,3,168.67953924666855
6004,62,1,4,91.71912074487308
6005,62,1,5,96.72838547866954
6006,62,1,6,106.02765719369039
6007,62,1,7,92.36450837423612
6008,62,1,8,96.83824494158087
6009,62,1,9,155.522901010261
6010,62,1,10,129.47799269975633
6011,62,1,11,117.8092949142035
6012,62,1,12,116.48905578957542
6013,62,1,13,166.04865232022183
6014,62,1,14,127.96135929640636
6015,62,1,15,99.72745313178385
6016,62,1,16,93.01778975112596
6017,62,1,17,152.37650357031788
6018,62,1,18,133.5051636017097
6019,62,1,19,134.2628074350347
6020,62,1,20,67.99047667521617
6021,62,1,21,130.14712590014113
6022,62,1,22,159.19761406041016
6023,62,1,23,196.9338913976153
6024,62,1,24,63.416030290679345
6025,62,1,25,99.5293001601651
6026,62,1,26,148.27165158440647
6027,62,1,27,186.82296650840007
6028,62,1,28,104.49589286900688
6029,62,1,29,123.41076400110994
6030,62,1,30,125.33931926294099
6031,62,1,31,121.69354958874099
6032,62,1,32,83.50311010034206
6033,62,1,33,137.5033791160578
6034,62,1,34,108.94486087177718
6035,62,1,35,100.14505441448787
6036,62,1,36,126.88974968836129
6037,62,1,37,70.81205978513235
6038,62,1,38,121.5333428295946
6039,62,1,39,101.62926590299955
6040,62,1,40,106.5738641920343
6041,62,1,41,200.6259397489216
6042,62,1,42,135.64984825422815
6043,62,1,43,189.76102644383292
6044,62,1,44,78.12110332206407
6045,62,1,45,104.93176295917795
6046,62,1,46,110.33553949211262
6047,62,1,47,132.33897222576718
6048,62,1,48,139.6163282085535
6049,62,1,49,118.63489708080529
6050,62,1,50,125.26486377724488
6051,62,1,51,135.14652712192515
6052,62,1,52,86.69010095878305
6053,62,1,53,81.3175171144695
6054,62,1,54,102.89786091558369
6055,62,1,55,85.24854713688929
6056,62,1,56,119.62833065885393
6057,62,1,57,79.59599776833295
6058,62,1,58,81.04465393415175
6059,62,1,59,93.51075124423144
6060,62,1,60,155.2568070133472
6061,62,1,61,95.2977865079655
6062,62,1,62,86.48277489013957
6063,62,1,63,83.27762206455151
6064,62,1,64,113.41116246180877
6065,62,1,65,170.43463331297784
6066,62,1,66,100.30459457882341
6067,62,1,67,85.7519038862877
6068,62,1,68,146.55145755058908
6069,62,1,69,177.22883345697994
6070,62,1,70,110.00922074855161
6071,62,1,71,111.06378124927481
6072,62,1,72,87.22470138217918
6073,62,1,73,113.89095112692277
6074,62,1,74,88.43222683078662
6075,62,1,75,88.29314123353146
6076,62,1,76,187.37530258485623
6077,62,1,77,124.58521582975554
6078,62,1,78,132.1002519325039
6079,62,1,79,92.32654502999877
6080,62,1,80,114.44552566481293
6081,62,1,81,111.60136865512736
6082,62,1,82,164.28086281877827
6083,62,1,83,141.20001955543518
6084,62,1,84,80.1140274423333
6085,62,1,85,115.89905522892163
6086,62,1,86,187.14295518460438
6087,62,1,87,105.93353966710704
6088,62,1,88,92.36553956080975
6089,62,1,89,119.65383536064338
6090,62,1,90,64.09177145564261
6091,62,1,91,137.27813245817103
6092,62,1,92,104.99494531954856
6093,62,1,93,95.85419882890034
6094,62,1,94,111.3958513579934
6095,62,1,95,124.7613132446596
6096,62,1,96,100.8716173170894
6097,62,1,97,103.80154096863852
6098,62,1,98,150.04366110051114
6099,62,1,99,107.93699418174008
6100,62,2,0,171.90609328358744
6101,62,2,1,142.28295127753574
6102,62,2,2,188.99530942266162
6103,62,2,3,171.28426303088602
6104,62,2,4,176.3684013538068
6105,62,2,5,150.117068979249
6106,62,2,6,162.29231829284626
6107,62,2,7,198.66333916554458
6108,62,2,8,414.6587830565168
6109,62,2,9,160.75118356277628
6110,62,2,10,176.44129850876428
6111,62,2,11,158.24852167029744
6112,62,2,12,181.94460679802873
6113,62,2,13,184.63433635053025
6114,62,2,14,104.56279008169156
6115,62,2,15,148.2926488714029
6116,62,2,16,199.9784576019786
6117,62,2,17,65.26342963227879
6118,62,2,18,190.38584586004316
6119,62,2,19,198.6310363142609
6120,62,2,20,181.76765309003284
6121,62,2,21,210.70394498591182
6122,62,2,22,184.14145777169503
6123,62,2,23,149.56487860027275
6124,62,2,24,169.60592149229313
6125,62,2,25,173.5323767119056
6126,62,2,26,165.78360268461174
6127,62,2,27,203.81568532344403
6128,62,2,28,152.38872288276787
6129,62,2,29,160.61387918828416
6130,62,2,30,125.48810015844492
6131,62,2,31,176.02520939484094
6132,62,2,32,159.88548637670732
6133,62,2,33,121.69560858735929
6134,62,2,34,190.49973680119538
6135,62,2,35,107.63313508149115
6136,62,2,36,191.8790219333575
6137,62,2,37,123.21631842431817
6138,62,2,38,90.37772093842548
6139,62,2,39,130.77968374444157
6140,62,2,40,144.18484564060387
6141,62,2,41,169.81542700850184
6142,62,2,42,173.17019025170038
6143,62,2,43,150.0680330184059
6144,62,2,44,176.09223777087107
6145,62,2,45,461.06486411561536
6146,62,2,46,179.41636500580543
6147,62,2,47,137.30679718890696
6148,62,2,48,146.59001469304263
6149,62,2,49,178.20076170246446
6150,62,2,50,112.25050862800838
6151,62,2,51,153.0684079050715
6152,62,2,52,176.77867704181412
6153,62,2,53,103.7256389956393
6154,62,2,54,114.52281579676607
6155,62,2,55,141.3827207256171
6156,62,2,56,200.63882445705744
6157,62,2,57,191.59430770930967
6158,62,2,58,207.5446428981772
6159,62,2,59,175.61120840109533
6160,62,2,60,220.88012012475517
6161,62,2,61,182.64502712399556
6162,62,2,62,173.33943664008038
6163,62,2,63,467.80114471758503
6164,62,2,64,108.24078337674624
6165,62,2,65,175.48715109084668
6166,62,2,66,140.56782305437665
6167,62,2,67,149.32033027802171
6168,62,2,68,195.0201278218009
6169,62,2,69,166.4416184090303
6170,62,2,70,154.34449257488797
6171,62,2,71,152.70702990223964
6172,62,2,72,204.81203536646456
6173,62,2,73,425.9556790127304
6174,62,2,74,191.79702372427366
6175,62,2,75,116.96991630472957
6176,62,2,76,212.62890791885823
6177,62,2,77,160.076633921841
6178,62,2,78,129.4995180721807
6179,62,2,79,177.7998742001647
6180,62,2,80,136.58659843225294
6181,62,2,81,180.8399231719595
6182,62,2,82,192.13946998886638
6183,62,2,83,173.3864096746668
6184,62,2,84,132.69614192959094
6185,62,2,85,185.34788288523788
6186,62,2,86,195.15373512612328
6187,62,2,87,193.27010771415783
6188,62,2,88,470.2175238315399
6189,62,2,89,131.787030299135
6190,62,2,90,163.35321276833236
6191,62,2,91,114.07172817376441
6192,62,2,92,191.91299674202637
6193,62,2,93,164.91453722712083
6194,62,2,94,135.22140806097252
6195,62,2,95,184.36009816397683
6196,62,2,96,166.22479502930912
6197,62,2,97,196.84399276346383
6198,62,2,98,200.44838742179886
6199,62,2,99,176.73028921811348
6200,62,3,0,487.30628421980435
6201,62,3,1,377.74717372665725
6202,62,3,2,448.04394153607166
6203,62,3,3,394.63947111943304
6204,62,3,4,343.7769093466691
6205,62,3,5,391.27316244184635
6206,62,3,6,440.5644532029206
6207,62,3,7,421.76953374088
6208,62,3,8,419.14296621826253
6209,62,3,9,432.2975793145084
6210,62,3,10,420.36140862174517
6211,62,3,11,430.06405897223834
6212,62,3,12,393.7420279665778
6213,62,3,13,341.9503839865149
6214,62,3,14,395.21902820156697
6215,62,3,15,450.69084135327796
6216,62,3,16,390.1444321580322
6217,62,3,17,443.3597790827063
6218,62,3,18,340.8224773207332
6219,62,3,19,460.55032509342095
6220,62,3,20,381.6628932795124
6221,62,3,21,439.7787749908869
6222,62,3,22,455.71253292599107
6223,62,3,23,377.1664686927082
6224,62,3,24,438.90481688364576
6225,62,3,25,443.6982851339326
6226,62,3,26,454.5211955816554
6227,62,3,27,380.0044950942637
6228,62,3,28,392.32848939479
6229,62,3,29,427.77009388046105
6230,62,3,30,424.3664192653218
6231,62,3,31,420.94123076093615
6232,62,3,32,425.4044843270288
6233,62,3,33,421.49409836291284
6234,62,3,34,429.641878989623
6235,62,3,35,410.5818490079391
6236,62,3,36,419.13680634925396
6237,62,3,37,407.60825002389146
6238,62,3,38,452.4635938513937
6239,62,3,39,402.47213845794107
6240,62,3,40,450.68742384812697
6241,62,3,41,405.6406864874044
6242,62,3,42,441.9917497001127
6243,62,3,43,333.11500046131994
6244,62,3,44,423.71405127004624
6245,62,3,45,426.1426861439875
6246,62,3,46,454.36444106054415
6247,62,3,47,439.3609293969354
6248,62,3,48,416.26257604877975
6249,62,3,49,443.60775946825925
6250,62,3,50,408.6820968338209
6251,62,3,51,443.60227186481643
6252,62,3,52,417.6039229517089
6253,62,3,53,434.3000474103321
6254,62,3,54,390.1031978104061
6255,62,3,55,391.3092923554558
6256,62,3,56,432.7181052109867
6257,62,3,57,450.9691864835297
6258,62,3,58,410.4626766454394
6259,62,3,59,369.20018611036414
6260,62,3,60,445.9153977940749
6261,62,3,61,337.4476254354853
6262,62,3,62,399.95141539882025
6263,62,3,63,382.37800413941693
6264,62,3,64,450.0763173018862
6265,62,3,65,456.6565524193043
6266,62,3,66,433.1443199899527
6267,62,3,67,393.65088551707316
6268,62,3,68,535.1799703708748
6269,62,3,69,414.5339781072368
6270,62,3,70,422.9976493154442
6271,62,3,71,352.872645092204
6272,62,3,72,442.7811271289058
6273,62,3,73,407.11695073121314
6274,62,3,74,430.80563402828074
6275,62,3,75,419.55642294308
6276,62,3,76,442.0131727000698
6277,62,3,77,445.59763421510803
6278,62,3,78,429.94903831275053
6279,62,3,79,444.0510021470127
6280,62,3,80,372.1569017105585
6281,62,3,81,422.81472078957086
6282,62,3,82,441.21280283160013
6283,62,3,83,454.37491116963474
6284,62,3,84,405.89185937914357
6285,62,3,85,383.4994496453896
6286,62,3,86,372.8392101062065
6287,62,3,87,459.6002512899488
6288,62,3,88,402.47510299685183
6289,62,3,89,393.1573259866666
6290,62,3,90,401.3120685669766
6291,62,3,91,410.08210691843266
6292,62,3,92,534.3970193791454
6293,62,3,93,429.7523392561928
6294,62,3,94,425.6401949900908
6295,62,3,95,381.09770097379845
6296,62,3,96,446.9689282669436
6297,62,3,97,380.31720081825966
6298,62,3,98,426.1375518816358
6299,62,3,99,413.15333043813666
6300,70,1,0,67.14622646663109
6301,70,1,1,439.86480007830437
6302,70,1,2,513.5329815281674
6303,70,1,3,529.372609317929
6304,70,1,4,448.5811576676906
6305,70,1,5,518.9128935288768
6306,70,1,6,413.58820843943863
6307,70,1,7,471.6199591248337
6308,70,1,8,423.50702709279966
6309,70,1,9,505.3897434823595
6310,70,1,10,238.3752519204983
6311,70,1,11,82.57772784347274
6312,70,1,12,498.25187225011956
6313,70,1,13,257.2641794263249
6314,70,1,14,514.9010057247265
6315,70,1,15,100.13468703848173
6316,70,1,16,434.43298520938725
6317,70,1,17,174.8069911415536
6318,70,1,18,261.59617908402487
6319,70,1,19,508.7248529093728
6320,70,1,20,482.2210468955659
6321,70,1,21,434.39433374654124
6322,70,1,22,535.8601343591511
6323,70,1,23,464.5220923740516
6324,70,1,24,202.5554387863614
6325,70,1,25,254.56557015853218
6326,70,1,26,525.1258248267105
6327,70,1,27,440.43011958084594
6328,70,1,28,103.94841769639257
6329,70,1,29,262.7935614487468
6330,70,1,30,423.50093940451046
6331,70,1,31,470.2812203348055
6332,70,1,32,497.6685496752048
6333,70,1,33,527.3661336780608
6334,70,1,34,506.36648306354454
6335,70,1,35,466.1425249645044
6336,70,1,36,486.4205876805072
6337,70,1,37,461.0194408813509
6338,70,1,38,412.2806915449272
6339,70,1,39,513.4518851348093
6340,70,1,40,505.4406937330031
6341,70,1,41,521.4069342053893
6342,70,1,42,437.75980866590555
6343,70,1,43,233.22769371881526
6344,70,1,44,522.0011209131208
6345,70,1,45,516.6341168354742
6346,70,1,46,503.37356149746
6347,70,1,47,506.59190555639424
6348,70,1,48,526.4256304743399
6349,70,1,49,478.83067631434614
6350,70,1,50,497.0957030790142
6351,70,1,51,412.42019310586585
6352,70,1,52,470.0376989040937
6353,70,1,53,443.56432417471035
6354,70,1,54,441.35545561071166
6355,70,1,55,537.1581670318973
6356,70,1,56,432.67445859734266
6357,70,1,57,505.80731821817113
6358,70,1,58,433.32270375148653
6359,70,1,59,484.83008499053335
6360,70,1,60,528.485982747134
6361,70,1,61,513.8145336952246
6362,70,1,62,487.7388862306613
6363,70,1,63,531.0367462713424
6364,70,1,64,536.6718297089221
6365,70,1,65,422.36441635335893
6366,70,1,66,377.02417299940714
6367,70,1,67,229.73079924065107
6368,70,1,68,231.1024292500042
6369,70,1,69,95.07384655653492
6370,70,1,70,494.4942351082643
6371,70,1,71,477.52685299402174
6372,70,1,72,110.99723007059792
6373,70,1,73,533.04652484133
6374,70,1,74,432.74549358057874
6375,70,1,75,431.46734687570955
6376,70,1,76,513.3472441541921
6377,70,1,77,496.6037161866785
6378,70,1,78,468.42199539714176
6379,70,1,79,78.33892981498259
6380,70,1,80,537.8015266924546
6381,70,1,81,520.0049212550373
6382,70,1,82,415.70760418618437
6383,70,1,83,458.69032028991677
6384,70,1,84,516.9812506369881
6385,70,1,85,506.1633100757851
6386,70,1,86,466.40349542673147
6387,70,1,87,414.60879087012
6388,70,1,88,427.9303462936998
6389,70,1,89,530.8621097088757
6390,70,1,90,246.39758291862725
6391,70,1,91,472.85647189819144
6392,70,1,92,514.3903877591473
6393,70,1,93,132.62992441652332
6394,70,1,94,177.95324880495184
6395,70,1,95,109.43563929169112
6396,70,1,96,519.1681409944192
6397,70,1,97,401.16438234319907
6398,70,1,98,496.5854751941557
6399,70,1,99,478.1722273289503
6400,70,2,0,480.5852101814051
6401,70,2,1,503.5933931119433
6402,70,2,2,430.4994541255394
6403,70,2,3,420.9350896178912
6404,70,2,4,491.5483916653586
6405,70,2,5,159.38588692673852
6406,70,2,6,159.59516923749592
6407,70,2,7,444.63269278415925
6408,70,2,8,461.28309619158614
6409,70,2,9,441.4581633761688
6410,70,2,10,429.5813094178926
6411,70,2,11,463.52943317544754
6412,70,2,12,518.395979443266
6413,70,2,13,529.8430275628278
6414,70,2,14,536.5635605666744
6415,70,2,15,416.5890941071684
6416,70,2,16,449.68560211284847
6417,70,2,17,529.7878551321486
6418,70,2,18,413.14375286114296
6419,70,2,19,426.6803897383241
6420,70,2,20,494.4993332927195
6421,70,2,21,420.1878663126324
6422,70,2,22,526.5344587639016
6423,70,2,23,164.20826857487302
6424,70,2,24,490.1960154789218
6425,70,2,25,470.652327920977
6426,70,2,26,489.52444789143055
6427,70,2,27,103.83073857441335
6428,70,2,28,515.503121527772
6429,70,2,29,167.03309105745765
6430,70,2,30,142.02223290618957
6431,70,2,31,422.7467586162808
6432,70,2,32,79.3078021510213
6433,70,2,33,444.2544127278809
6434,70,2,34,410.1605278007316
6435,70,2,35,538.4571355008009
6436,70,2,36,202.02233190773904
6437,70,2,37,447.24656310251163
6438,70,2,38,445.8515738285115
6439,70,2,39,442.67555458471674
6440,70,2,40,439.69676860258056
6441,70,2,41,469.1309972311934
6442,70,2,42,401.7780296736195
6443,70,2,43,392.2384762295996
6444,70,2,44,534.8452362795223
6445,70,2,45,220.94739170951192
6446,70,2,46,454.5244883136073
6447,70,2,47,411.5490638017107
6448,70,2,48,439.1943556744896
6449,70,2,49,394.53072919764014
6450,70,2,50,438.73828098220184
6451,70,2,51,428.7435168710359
6452,70,2,52,509.3559159076198
6453,70,2,53,440.69512600041156
6454,70,2,54,432.8317519283064
6455,70,2,55,431.4740043574983
6456,70,2,56,466.53517694214656
6457,70,2,57,436.48735043921187
6458,70,2,58,469.89134192805955
6459,70,2,59,411.73165448656243
6460,70,2,60,398.11712573427377
6461,70,2,61,171.76966282920972
6462,70,2,62,471.185505416814
6463,70,2,63,427.07126146965345
6464,70,2,64,532.6909243185684
6465,70,2,65,396.5398025494268
6466,70,2,66,413.2883910052019
6467,70,2,67,405.0711125169272
6468,70,2,68,406.32961585353905
6469,70,2,69,404.68012942333604
6470,70,2,70,407.66056035135597
6471,70,2,71,153.09274834291057
6472,70,2,72,212.223756127887
6473,70,2,73,400.9240345444804
6474,70,2,74,419.9319932617989
6475,70,2,75,534.8889709543895
6476,70,2,76,404.54618171870993
6477,70,2,77,486.56963352057085
6478,70,2,78,432.51327967147677
6479,70,2,79,472.88449803111877
6480,70,2,80,481.14875078575045
6481,70,2,81,141.06985695619306
6482,70,2,82,443.2082068049077
6483,70,2,83,478.34054998944885
6484,70,2,84,422.23571128678094
6485,70,2,85,414.41699489104525
6486,70,2,86,199.0650835049094
6487,70,2,87,220.7082126522185
6488,70,2,88,477.17794779656714
6489,70,2,89,424.11047205844125
6490,70,2,90,386.82271222583853
6491,70,2,91,209.72353415115
6492,70,2,92,159.99204915105173
6493,70,2,93,176.29918599600666
6494,70,2,94,432.0255938945024
6495,70,2,95,476.8850038549304
6496,70,2,96,469.9614014978482
6497,70,2,97,499.1197322300284
6498,70,2,98,455.25426448471285
6499,70,2,99,479.6211997275166
6500,70,3,0,445.417725919997
6501,70,3,1,465.3938974122977
6502,70,3,2,449.3224501054806
6503,70,3,3,435.34754882233
6504,70,3,4,416.67200552277194
6505,70,3,5,463.59776437286587
6506,70,3,6,432.7200856151087
6507,70,3,7,437.3138887626855
6508,70,3,8,472.7455612057075
6509,70,3,9,502.89978193804046
6510,70,3,10,453.8870786924102
6511,70,3,11,495.1557146455364
6512,70,3,12,501.7393453271361
6513,70,3,13,448.2394077971564
6514,70,3,14,457.22315273815286
6515,70,3,15,409.26275826660907
6516,70,3,16,414.6670062982142
6517,70,3,17,462.73256185392125
6518,70,3,18,502.0392996291348
6519,70,3,19,444.3492875734654
6520,70,3,20,439.09005451390016
6521,70,3,21,473.48469528091164
6522,70,3,22,474.24236655874324
6523,70,3,23,439.9309386516325
6524,70,3,24,496.1476937595758
6525,70,3,25,402.81794152220857
6526,70,3,26,437.29598576876674
6527,70,3,27,494.5092545516096
6528,70,3,28,438.77169193925147
6529,70,3,29,448.3940150695508
6530,70,3,30,402.8835846387929
6531,70,3,31,487.5550969514668
6532,70,3,32,447.6925603790068
6533,70,3,33,423.0458422572326
6534,70,3,34,473.20017027304556
6535,70,3,35,442.0966957779714
6536,70,3,36,462.44517312786377
6537,70,3,37,401.3300234827448
6538,70,3,38,454.28193863845064
6539,70,3,39,437.8257000363041
6540,70,3,40,446.99617535830134
6541,70,3,41,436.5993287702978
6542,70,3,42,474.31374885910213
6543,70,3,43,464.75830425405513
6544,70,3,44,488.65823704304216
6545,70,3,45,466.758180919563
6546,70,3,46,424.1163941190901
6547,70,3,47,456.42754954998884
6548,70,3,48,401.28581188135655
6549,70,3,49,444.0561937063597
6550,70,3,50,501.67398873815335
6551,70,3,51,502.70971877454974
6552,70,3,52,501.6767916639601
6553,70,3,53,407.7392117605868
6554,70,3,54,422.2501604584339
6555,70,3,55,453.2250729803107
6556,70,3,56,443.9604144852717
6557,70,3,57,452.73189646572274
6558,70,3,58,500.95377525149115
6559,70,3,59,454.85596261298946
6560,70,3,60,434.129073327883
6561,70,3,61,434.52821798480727
6562,70,3,62,490.6365549884082
6563,70,3,63,440.90612956912054
6564,70,3,64,457.88236168189707
6565,70,3,65,402.72285533320564
6566,70,3,66,456.9398192817968
6567,70,3,67,470.6224523203959
6568,70,3,68,494.57799547944927
6569,70,3,69,482.7373140184047
6570,70,3,70,396.05726655509557
6571,70,3,71,429.7458904631851
6572,70,3,72,439.5589568178543
6573,70,3,73,445.06205068916233
6574,70,3,74,433.99219101444675
6575,70,3,75,408.9119258434185
6576,70,3,76,442.90707582190805
6577,70,3,77,430.60858734737985
6578,70,3,78,460.9110677018277
6579,70,3,79,437.8690963838972
6580,70,3,80,453.2586986573637
6581,70,3,81,457.5191332685928
6582,70,3,82,446.382494059095
6583,70,3,83,428.5473693703709
6584,70,3,84,424.2868272679882
6585,70,3,85,412.0779915721375
6586,70,3,86,435.3773699968569
6587,70,3,87,411.55739798889334
6588,70,3,88,451.362610515077
6589,70,3,89,474.29499109291686
6590,70,3,90,502.0684569220168
6591,70,3,91,395.8157125882909
6592,70,3,92,457.7629737420998
6593,70,3,93,440.59860996810573
6594,70,3,94,434.4608358661928
6595,70,3,95,494.83624464648904
6596,70,3,96,495.285468846219
6597,70,3,97,446.0140262980439
6598,70,3,98,394.7504383740259
6599,70,3,99,458.05226383814545
6600,74,1,0,143.67157648923498
6601,74,1,1,161.70768873466275
6602,74,1,2,146.7651683196571
6603,74,1,3,160.08871446246232
6604,74,1,4,198.5712948118118
6605,74,1,5,133.96901799987995
6606,74,1,6,135.60220956247773
6607,74,1,7,130.25545477682257
6608,74,1,8,151.0715622599567
6609,74,1,9,112.64897592419533
6610,74,1,10,189.29614690473636
6611,74,1,11,112.38451858874485
6612,74,1,12,183.3843886203073
6613,74,1,13,130.1111042350117
6614,74,1,14,157.27324503872174
6615,74,1,15,119.19826341232084
6616,74,1,16,126.63056906931092
6617,74,1,17,112.37803860430385
6618,74,1,18,171.36707257282157
6619,74,1,19,162.24540568532902
6620,74,1,20,167.15671997311807
6621,74,1,21,103.66367592997734
6622,74,1,22,137.07333738150626
6623,74,1,23,146.80660783710908
6624,74,1,24,166.90701883250148
6625,74,1,25,159.7359007716748
6626,74,1,26,164.67389129689477
6627,74,1,27,175.37595438025207
6628,74,1,28,159.70439193677467
6629,74,1,29,174.59879122650887
6630,74,1,30,163.3128362934557
6631,74,1,31,138.69788186037772
6632,74,1,32,126.68330663604867
6633,74,1,33,189.27352642174236
6634,74,1,34,104.18682570682184
6635,74,1,35,186.6966703655468
6636,74,1,36,169.15123950927065
6637,74,1,37,161.57445140615522
6638,74,1,38,133.79072384166767
6639,74,1,39,145.32285148900635
6640,74,1,40,104.08772128047835
6641,74,1,41,144.96389978759626
6642,74,1,42,160.11459513409932
6643,74,1,43,186.99575750973653
6644,74,1,44,105.63392456193586
6645,74,1,45,126.41328393052328
6646,74,1,46,132.8373834215774
6647,74,1,47,169.3586108619203
6648,74,1,48,204.0561385238165
6649,74,1,49,150.7425477034083
6650,74,1,50,157.15261809397376
6651,74,1,51,127.6962610884372
6652,74,1,52,165.12886351375766
6653,74,1,53,98.85151215615247
6654,74,1,54,156.1181270696677
6655,74,1,55,135.65000629062448
6656,74,1,56,157.5668892111947
6657,74,1,57,105.8595971816778
6658,74,1,58,161.46946065550668
6659,74,1,59,127.16210574250209
6660,74,1,60,196.59256858807703
6661,74,1,61,147.35129046126957
6662,74,1,62,141.5244832287499
6663,74,1,63,135.2526769315364
6664,74,1,64,147.25851522551133
6665,74,1,65,161.35743662657887
6666,74,1,66,157.04733486162124
6667,74,1,67,140.70269081499322
6668,74,1,68,129.46650579178268
6669,74,1,69,148.5958945011187
6670,74,1,70,153.7624516635427
6671,74,1,71,152.0312711468343
6672,74,1,72,171.42663369501886
6673,74,1,73,118.27041388961504
6674,74,1,74,116.64186762300632
6675,74,1,75,136.7704885796557
6676,74,1,76,149.85758276835875
6677,74,1,77,170.59084283767737
6678,74,1,78,190.92629666557173
6679,74,1,79,143.60569113648768
6680,74,1,80,160.11206959576265
6681,74,1,81,163.62447521060778
6682,74,1,82,185.7890614706035
6683,74,1,83,184.6607052771653
6684,74,1,84,151.2608055901729
6685,74,1,85,147.2621222229136
6686,74,1,86,165.88945284316648
6687,74,1,87,139.80014744032837
6688,74,1,88,135.26786882041375
6689,74,1,89,191.33085245228557
6690,74,1,90,205.17158221949344
6691,74,1,91,205.23559014899507
6692,74,1,92,142.39764337909264
6693,74,1,93,152.6639172889552
6694,74,1,94,167.90993741416185
6695,74,1,95,129.50601514754072
6696,74,1,96,143.14214656098824
6697,74,1,97,130.86895872503618
6698,74,1,98,170.2156328458312
6699,74,1,99,143.58078045225943
6700,74,2,0,126.97931189693217
6701,74,2,1,392.90121554731996
6702,74,2,2,102.28938718590722
6703,74,2,3,139.7119840966669
6704,74,2,4,158.34389472894404
6705,74,2,5,113.74876359821607
6706,74,2,6,134.41759258223695
6707,74,2,7,95.88112715997998
6708,74,2,8,359.14322350904524
6709,74,2,9,249.3315550740667
6710,74,2,10,97.06342151662393
6711,74,2,11,392.0662307219462
6712,74,2,12,391.52910316575145
6713,74,2,13,130.40569633946745
6714,74,2,14,288.4902666799792
6715,74,2,15,116.45750978878144
6716,74,2,16,136.62415476372175
6717,74,2,17,105.93385939945465
6718,74,2,18,356.6843116316308
6719,74,2,19,338.90867996689457
6720,74,2,20,151.82333479603562
6721,74,2,21,104.55253608699063
6722,74,2,22,390.41720111456914
6723,74,2,23,144.686664824989
6724,74,2,24,91.79164388389958
6725,74,2,25,123.4937316356713
6726,74,2,26,214.51356966144164
6727,74,2,27,372.0531080547072
6728,74,2,28,122.80735564106232
6729,74,2,29,263.05624437098345
6730,74,2,30,146.13636432521207
6731,74,2,31,126.42255325085344
6732,74,2,32,110.06211023890455
6733,74,2,33,168.95845656691242
6734,74,2,34,106.48838863264982
6735,74,2,35,126.37711755578135
6736,74,2,36,150.4077858934102
6737,74,2,37,150.57716739558458
6738,74,2,38,391.1723521362426
6739,74,2,39,226.9855792884171
6740,74,2,40,170.7869618116113
6741,74,2,41,127.15019716009736
6742,74,2,42,144.96426151770055
6743,74,2,43,279.43314464357934
6744,74,2,44,156.7540372051479
6745,74,2,45,127.95226857916758
6746,74,2,46,116.6347304436958
6747,74,2,47,111.84541873263397
6748,74,2,48,98.66752521131541
6749,74,2,49,300.31883892059284
6750,74,2,50,156.05232004889928
6751,74,2,51,390.9089707791768
6752,74,2,52,134.1447775260784
6753,74,2,53,108.27408078165772
6754,74,2,54,156.68140662632416
6755,74,2,55,84.75697903009709
6756,74,2,56,124.22154449794294
6757,74,2,57,394.2004464268995
6758,74,2,58,218.65160525406716
6759,74,2,59,390.6196045348312
6760,74,2,60,390.70067664099327
6761,74,2,61,225.11156045103104
6762,74,2,62,104.6735819569551
6763,74,2,63,244.5067096872314
6764,74,2,64,197.36977448166078
6765,74,2,65,111.65967180664754
6766,74,2,66,338.86011362471913
6767,74,2,67,77.35003965310497
6768,74,2,68,211.49504428163507
6769,74,2,69,368.3108400591259
6770,74,2,70,153.2375229025159
6771,74,2,71,174.36899141235705
6772,74,2,72,153.02152006403205
6773,74,2,73,141.29958686253892
6774,74,2,74,155.33683456698537
6775,74,2,75,219.14235987216932
6776,74,2,76,318.43665901555806
6777,74,2,77,358.25486023076763
6778,74,2,78,365.04279095371976
6779,74,2,79,123.498329086166
6780,74,2,80,166.62602867005035
6781,74,2,81,102.37030631255944
6782,74,2,82,389.6352442109478
6783,74,2,83,118.30591353764007
6784,74,2,84,353.1614489401126
6785,74,2,85,216.44760553331562
6786,74,2,86,158.33763998860138
6787,74,2,87,360.82806846383215
6788,74,2,88,180.1147074398499
6789,74,2,89,200.96347585163144
6790,74,2,90,154.66876720063055
6791,74,2,91,119.37624381178708
6792,74,2,92,305.85741961430233
6793,74,2,93,109.717498409361
6794,74,2,94,163.99101903390132
6795,74,2,95,145.39555406337206
6796,74,2,96,241.0474005732102
6797,74,2,97,390.4924311248659
6798,74,2,98,143.690928969794
6799,74,2,99,107.5947219656901
6800,74,3,0,515.240328198354
6801,74,3,1,493.3143554801851
6802,74,3,2,528.0581224554916
6803,74,3,3,505.0147946953884
6804,74,3,4,495.14721125487745
6805,74,3,5,507.4661268899461
6806,74,3,6,512.2947748564922
6807,74,3,7,496.3436090432823
6808,74,3,8,313.9330924818649
6809,74,3,9,495.3623351817104
6810,74,3,10,512.9498866829741
6811,74,3,11,517.6531499379921
6812,74,3,12,522.7561087925824
6813,74,3,13,523.7408181829749
6814,74,3,14,511.8218899196199
6815,74,3,15,530.0973367924349
6816,74,3,16,387.68778582391684
6817,74,3,17,530.925718484305
6818,74,3,18,535.8055353542458
6819,74,3,19,525.090141951081
6820,74,3,20,515.1867497570026
6821,74,3,21,523.6517432663088
6822,74,3,22,517.4432060748262
6823,74,3,23,363.10601603004164
6824,74,3,24,524.7637761856114
6825,74,3,25,515.4959770681702
6826,74,3,26,493.6011747921357
6827,74,3,27,532.684914407202
6828,74,3,28,394.8900007626457
6829,74,3,29,512.7274540917099
6830,74,3,30,504.69874157544916
6831,74,3,31,525.4893448067942
6832,74,3,32,304.55089255962247
6833,74,3,33,532.8792385187234
6834,74,3,34,515.3796921523071
6835,74,3,35,508.4049313570877
6836,74,3,36,526.5233363020491
6837,74,3,37,515.7857548655122
6838,74,3,38,527.1744560793549
6839,74,3,39,518.1391389734499
6840,74,3,40,493.7214720903997
6841,74,3,41,511.7018044463398
6842,74,3,42,536.4595186987112
6843,74,3,43,488.47273114877214
6844,74,3,44,500.5776856115469
6845,74,3,45,513.889378982834
6846,74,3,46,511.2692888827324
6847,74,3,47,520.3048955750646
6848,74,3,48,517.9956681628149
6849,74,3,49,303.3584906377652
6850,74,3,50,519.2177088728321
6851,74,3,51,509.80846213995017
6852,74,3,52,332.2192698763036
6853,74,3,53,514.4993428178756
6854,74,3,54,519.7396863600983
6855,74,3,55,328.28673995317524
6856,74,3,56,514.4966092455447
6857,74,3,57,531.644183229506
6858,74,3,58,518.596128164545
6859,74,3,59,526.3310166977452
6860,74,3,60,505.20503356156445
6861,74,3,61,530.6629000536947
6862,74,3,62,530.2215198761969
6863,74,3,63,502.50826548589987
6864,74,3,64,364.1484826619487
6865,74,3,65,317.40010107296143
6866,74,3,66,494.54533688533
6867,74,3,67,511.1283835532827
6868,74,3,68,521.3726046116119
6869,74,3,69,508.826033812434
6870,74,3,70,526.8248882083047
6871,74,3,71,507.60788250525525
6872,74,3,72,492.05785185420945
6873,74,3,73,305.91594247394175
6874,74,3,74,515.1018791004593
6875,74,3,75,506.57409513062123
6876,74,3,76,514.2986962833429
6877,74,3,77,509.7485274845939
6878,74,3,78,520.1204347169033
6879,74,3,79,518.8983131964371
6880,74,3,80,515.570600814126
6881,74,3,81,528.4075679384422
6882,74,3,82,492.6461230510122
6883,74,3,83,515.4882241643803
6884,74,3,84,527.4219903145193
6885,74,3,85,533.0313971597863
6886,74,3,86,528.3007415099074
6887,74,3,87,525.7613364784609
6888,74,3,88,536.8285551140452
6889,74,3,89,524.7089934607351
6890,74,3,90,511.57097865846197
6891,74,3,91,516.5274438465091
6892,74,3,92,532.1199653375354
6893,74,3,93,520.8879966169583
6894,74,3,94,514.9067952364707
6895,74,3,95,530.1590848722069
6896,74,3,96,526.0936003143928
6897,74,3,97,333.6858865625788
6898,74,3,98,520.3245899376066
6899,74,3,99,525.1324091911966
6900,80,1,0,231.7300725592903
6901,80,1,1,107.22253381476415
6902,80,1,2,69.02782000569525
6903,80,1,3,350.54869654298477
6904,80,1,4,283.6867343384329
6905,80,1,5,64.46265960364954
6906,80,1,6,62.90777076531525
6907,80,1,7,64.28186282270111
6908,80,1,8,306.409544835388
6909,80,1,9,107.83086141959318
6910,80,1,10,111.73541071940784
6911,80,1,11,84.77393784892726
6912,80,1,12,104.7284012196159
6913,80,1,13,238.09074190852812
6914,80,1,14,302.1789142763754
6915,80,1,15,139.13132130305343
6916,80,1,16,97.52384294324924
6917,80,1,17,317.28437881116
6918,80,1,18,127.91892665725908
6919,80,1,19,114.84813654515038
6920,80,1,20,318.5543833956659
6921,80,1,21,74.20912559625614
6922,80,1,22,85.69291953961348
6923,80,1,23,64.05188594370198
6924,80,1,24,81.64203974081478
6925,80,1,25,130.28353951433462
6926,80,1,26,108.0764264698107
6927,80,1,27,270.8810226553699
6928,80,1,28,68.61394512917245
6929,80,1,29,96.05688624270297
6930,80,1,30,249.47021898517687
6931,80,1,31,113.70227118503078
6932,80,1,32,64.33780870646838
6933,80,1,33,74.86634595643282
6934,80,1,34,102.53471042254571
6935,80,1,35,94.30351714002227
6936,80,1,36,93.07049580083692
6937,80,1,37,96.12843899884473
6938,80,1,38,70.09018027179201
6939,80,1,39,106.53213619934317
6940,80,1,40,110.38324304423392
6941,80,1,41,64.33404440238148
6942,80,1,42,80.49126580609857
6943,80,1,43,78.07190354041019
6944,80,1,44,63.72792415537938
6945,80,1,45,100.19023029799327
6946,80,1,46,117.52369757283873
6947,80,1,47,98.19505275867374
6948,80,1,48,334.8087127326943
6949,80,1,49,340.8190371172701
6950,80,1,50,81.40565108947116
6951,80,1,51,98.68821981415199
6952,80,1,52,113.84377469971218
6953,80,1,53,78.43141198745548
6954,80,1,54,116.7538339133819
6955,80,1,55,63.13106471873245
6956,80,1,56,67.67806687996556
6957,80,1,57,91.11547652200201
6958,80,1,58,63.931158860958185
6959,80,1,59,197.1295904327102
6960,80,1,60,330.4907417680652
6961,80,1,61,67.19157099533271
6962,80,1,62,79.12497756279589
6963,80,1,63,85.0469973883543
6964,80,1,64,86.95666985840896
6965,80,1,65,221.90789995647918
6966,80,1,66,130.75991464950343
6967,80,1,67,330.5550963652068
6968,80,1,68,126.19326976629748
6969,80,1,69,64.55844731173642
6970,80,1,70,295.2166105908731
6971,80,1,71,112.24597436444266
6972,80,1,72,73.46157368680261
6973,80,1,73,87.02532868091279
6974,80,1,74,64.55653783433826
6975,80,1,75,64.36646358962713
6976,80,1,76,129.8395314828336
6977,80,1,77,358.7492122415951
6978,80,1,78,222.40904536329094
6979,80,1,79,65.33603149673543
6980,80,1,80,71.74044597683549
6981,80,1,81,104.67503823805974
6982,80,1,82,90.33698501230283
6983,80,1,83,81.94212132202287
6984,80,1,84,63.232410452826805
6985,80,1,85,137.05224936662972
6986,80,1,86,87.41195456766945
6987,80,1,87,89.32588330125829
6988,80,1,88,65.1570294787151
6989,80,1,89,88.78206414391285
6990,80,1,90,125.1832661508699
6991,80,1,91,91.36986282905393
6992,80,1,92,123.24067682881554
6993,80,1,93,64.66729331697893
6994,80,1,94,339.77397351601894
6995,80,1,95,84.82305440561855
6996,80,1,96,111.07832821525075
6997,80,1,97,121.00898082223188
6998,80,1,98,86.00787848606849
6999,80,1,99,99.31194560942549
7000,80,2,0,478.7374818859653
7001,80,2,1,326.6016673726717
7002,80,2,2,494.28466800292347
7003,80,2,3,350.1995082396472
7004,80,2,4,343.0629440066677
7005,80,2,5,321.41757444922683
7006,80,2,6,400.29287754363514
7007,80,2,7,334.72101631622314
7008,80,2,8,379.28845329446557
7009,80,2,9,443.898459198158
7010,80,2,10,316.76361734466303
7011,80,2,11,487.19068167829363
7012,80,2,12,342.329606001382
7013,80,2,13,319.0488910977384
7014,80,2,14,327.1700515678411
7015,80,2,15,321.17513313259707
7016,80,2,16,411.2262512462087
7017,80,2,17,315.61344290281204
7018,80,2,18,338.24950293897945
7019,80,2,19,358.6291215033136
7020,80,2,20,333.08731564573094
7021,80,2,21,331.750468792912
7022,80,2,22,459.92294414814154
7023,80,2,23,315.553452955537
7024,80,2,24,321.33410534464997
7025,80,2,25,476.3076361161234
7026,80,2,26,320.69551614952326
7027,80,2,27,524.8205496516111
7028,80,2,28,315.68241944957975
7029,80,2,29,312.2546750879156
7030,80,2,30,316.4211425781371
7031,80,2,31,314.39380682116877
7032,80,2,32,484.6989529104399
7033,80,2,33,343.26901847442525
7034,80,2,34,504.4375966179799
7035,80,2,35,434.8992377949566
7036,80,2,36,365.6917049790948
7037,80,2,37,316.52638796799795
7038,80,2,38,367.44607904379393
7039,80,2,39,335.9460767128982
7040,80,2,40,477.7701059231246
7041,80,2,41,328.8989002546449
7042,80,2,42,321.89366160645704
7043,80,2,43,347.7546381584973
7044,80,2,44,466.2194098583018
7045,80,2,45,474.9508365647601
7046,80,2,46,468.0473199979983
7047,80,2,47,478.5077752828728
7048,80,2,48,521.3645305695164
7049,80,2,49,321.56725568627473
7050,80,2,50,310.55115285776094
7051,80,2,51,449.9930593670117
7052,80,2,52,335.37454838825704
7053,80,2,53,474.2917909075575
7054,80,2,54,533.8819395006497
7055,80,2,55,320.2980492566002
7056,80,2,56,318.193022876224
7057,80,2,57,346.03127743943736
7058,80,2,58,315.7727199244262
7059,80,2,59,491.33947516612415
7060,80,2,60,388.86975467552884
7061,80,2,61,318.5025707870977
7062,80,2,62,435.56315557172667
7063,80,2,63,326.2263294744137
7064,80,2,64,530.751125430325
7065,80,2,65,317.9275199882396
7066,80,2,66,313.95236765934123
7067,80,2,67,522.1025032154323
7068,80,2,68,510.0443866269649
7069,80,2,69,318.24618823874874
7070,80,2,70,450.83774912767757
7071,80,2,71,337.5909575315632
7072,80,2,72,454.7011817497879
7073,80,2,73,329.8789706694822
7074,80,2,74,320.9599638927161
7075,80,2,75,460.72989624528395
7076,80,2,76,312.7527744409048
7077,80,2,77,327.3393434265786
7078,80,2,78,518.8355599759386
7079,80,2,79,363.88834813139243
7080,80,2,80,352.6064078806
7081,80,2,81,319.3042079422474
7082,80,2,82,468.2107696833282
7083,80,2,83,368.12308097451313
7084,80,2,84,316.8173331358008
7085,80,2,85,448.2416256938137
7086,80,2,86,475.0980279233199
7087,80,2,87,323.20122864813675
7088,80,2,88,314.43604748819155
7089,80,2,89,467.26417216809523
7090,80,2,90,317.198591562771
7091,80,2,91,343.76612086418345
7092,80,2,92,314.6622890325835
7093,80,2,93,321.4488262950479
7094,80,2,94,336.7137257090678
7095,80,2,95,316.97421723837965
7096,80,2,96,377.6491096088727
7097,80,2,97,517.0526675554578
7098,80,2,98,357.5761616681271
7099,80,2,99,320.93649319297566
7100,80,3,0,308.1964257763446
7101,80,3,1,498.40844917888654
7102,80,3,2,528.8277361056679
7103,80,3,3,244.97952434118406
7104,80,3,4,310.0614025493566
7105,80,3,5,332.98471165310065
7106,80,3,6,454.21421132134617
7107,80,3,7,498.63617029828293
7108,80,3,8,500.3951929343169
7109,80,3,9,280.3194530456215
7110,80,3,10,533.0846800136977
7111,80,3,11,495.461127850313
7112,80,3,12,512.7649653123046
7113,80,3,13,496.25976888876846
7114,80,3,14,488.28998360258095
7115,80,3,15,482.82967697705845
7116,80,3,16,317.67344604059974
7117,80,3,17,203.12718307496817
7118,80,3,18,497.7154604086662
7119,80,3,19,473.7052154044967
7120,80,3,20,506.87199624792237
7121,80,3,21,480.52446369926486
7122,80,3,22,438.3142709635638
7123,80,3,23,476.47213773422584
7124,80,3,24,513.1938493304981
7125,80,3,25,492.0356182560325
7126,80,3,26,528.3461446741225
7127,80,3,27,491.95856118785036
7128,80,3,28,499.5556402353317
7129,80,3,29,215.54948842569107
7130,80,3,30,483.43941430177983
7131,80,3,31,297.543513317257
7132,80,3,32,532.8043357251422
7133,80,3,33,478.209637708773
7134,80,3,34,227.9553984282367
7135,80,3,35,510.9938764885155
7136,80,3,36,477.431423397175
7137,80,3,37,512.1390150411121
7138,80,3,38,498.25472967179115
7139,80,3,39,331.26334245790287
7140,80,3,40,495.3127077772339
7141,80,3,41,489.01645189814457
7142,80,3,42,517.7407880915122
7143,80,3,43,471.99493680091985
7144,80,3,44,494.6099221128767
7145,80,3,45,470.97953208674477
7146,80,3,46,220.60303276707938
7147,80,3,47,510.17817106945927
7148,80,3,48,499.2776747038937
7149,80,3,49,522.4393504001517
7150,80,3,50,481.46267465711134
7151,80,3,51,468.44454434785064
7152,80,3,52,481.35296227745454
7153,80,3,53,534.0636721637198
7154,80,3,54,471.9091204502758
7155,80,3,55,156.36407112425482
7156,80,3,56,518.9579046541129
7157,80,3,57,532.2645355977091
7158,80,3,58,524.0988393273304
7159,80,3,59,475.2678215311612
7160,80,3,60,498.80195814061096
7161,80,3,61,527.3533644011134
7162,80,3,62,295.2916539874908
7163,80,3,63,474.90180725791606
7164,80,3,64,496.0385456747792
7165,80,3,65,498.7167255341665
7166,80,3,66,219.68915782138615
7167,80,3,67,494.34717973480167
7168,80,3,68,474.09236596233706
7169,80,3,69,506.31607127760185
7170,80,3,70,501.5077416106898
7171,80,3,71,438.1436423294977
7172,80,3,72,494.1221991077369
7173,80,3,73,478.4759883917843
7174,80,3,74,244.49511115248163
7175,80,3,75,295.247172262488
7176,80,3,76,501.7251537168494
7177,80,3,77,187.14060109636904
7178,80,3,78,489.96300342488985
7179,80,3,79,481.59241592591553
7180,80,3,80,492.3026229984447
7181,80,3,81,505.7894560330777
7182,80,3,82,462.37184763209996
7183,80,3,83,480.8640153108743
7184,80,3,84,500.28383296266026
7185,80,3,85,493.8722554199752
7186,80,3,86,503.99025719132936
7187,80,3,87,477.8749370346794
7188,80,3,88,319.99660025688155
7189,80,3,89,477.90308848735947
7190,80,3,90,534.6926953959853
7191,80,3,91,486.6012210902055
7192,80,3,92,525.4360716832933
7193,80,3,93,522.4973682220992
7194,80,3,94,459.01632968426486
7195,80,3,95,482.7515479732904
7196,80,3,96,517.5929772146296
7197,80,3,97,481.15154086809656
7198,80,3,98,473.9856371347974
7199,80,3,99,483.9277495290236
7200,82,1,0,83.60655921432513
7201,82,1,1,80.0411429251521
7202,82,1,2,68.88974660611447
7203,82,1,3,81.09035611758148
7204,82,1,4,87.02399008477356
7205,82,1,5,63.62375876480429
7206,82,1,6,105.14738126001825
7207,82,1,7,103.53789088696314
7208,82,1,8,76.38273538009045
7209,82,1,9,69.3633157960685
7210,82,1,10,76.55105214999645
7211,82,1,11,196.95093015141285
7212,82,1,12,68.2572982711012
7213,82,1,13,127.03968889519348
7214,82,1,14,71.68784248070271
7215,82,1,15,98.19992223474404
7216,82,1,16,250.3983819047646
7217,82,1,17,81.06871405316778
7218,82,1,18,65.52359665769265
7219,82,1,19,106.47933443528972
7220,82,1,20,130.91932590673326
7221,82,1,21,126.673465714648
7222,82,1,22,89.3696277363513
7223,82,1,23,77.75371487809333
7224,82,1,24,94.55526420271731
7225,82,1,25,98.90134773984852
7226,82,1,26,129.36999068834143
7227,82,1,27,66.63825220970077
7228,82,1,28,72.53769006457004
7229,82,1,29,90.6221728893848
7230,82,1,30,72.1161320387001
7231,82,1,31,79.74978643126411
7232,82,1,32,117.14091206953162
7233,82,1,33,80.44396576209418
7234,82,1,34,128.98340850920204
7235,82,1,35,93.13807568115334
7236,82,1,36,107.12549143043498
7237,82,1,37,83.30687692914836
7238,82,1,38,63.45512366735746
7239,82,1,39,89.12770472209783
7240,82,1,40,120.53692011303438
7241,82,1,41,111.67175517936957
7242,82,1,42,129.0825935024742
7243,82,1,43,155.17092658881137
7244,82,1,44,92.9982400811391
7245,82,1,45,79.49035206802364
7246,82,1,46,120.90256968421079
7247,82,1,47,85.93203409693821
7248,82,1,48,75.43578082993643
7249,82,1,49,83.39698029988301
7250,82,1,50,95.00292036837278
7251,82,1,51,144.75185120317647
7252,82,1,52,73.48971725225842
7253,82,1,53,111.01764368316631
7254,82,1,54,140.6339105658061
7255,82,1,55,84.18751226617721
7256,82,1,56,95.46477177127579
7257,82,1,57,125.38783493123904
7258,82,1,58,84.01984134271656
7259,82,1,59,64.17090783092647
7260,82,1,60,226.9441453847334
7261,82,1,61,136.0132574570583
7262,82,1,62,272.1966560552842
7263,82,1,63,92.26033034299532
7264,82,1,64,80.45920101011734
7265,82,1,65,99.02300434531082
7266,82,1,66,85.12645036092604
7267,82,1,67,105.20876278758035
7268,82,1,68,93.4807469960989
7269,82,1,69,105.63226145817538
7270,82,1,70,70.80343989856739
7271,82,1,71,207.39031028004024
7272,82,1,72,94.26282376246773
7273,82,1,73,89.03609232488382
7274,82,1,74,79.5011280152245
7275,82,1,75,277.0790974768984
7276,82,1,76,174.9696047786665
7277,82,1,77,78.59857050254939
7278,82,1,78,93.41858682504898
7279,82,1,79,63.65033587872711
7280,82,1,80,124.76168157508685
7281,82,1,81,139.6666971646579
7282,82,1,82,77.45816864528481
7283,82,1,83,74.81477986354452
7284,82,1,84,129.15460958112644
7285,82,1,85,80.64830773678595
7286,82,1,86,111.29230388680104
7287,82,1,87,90.16875814738388
7288,82,1,88,125.04229736958752
7289,82,1,89,65.27500578474962
7290,82,1,90,105.7386276989283
7291,82,1,91,93.23992246172085
7292,82,1,92,126.08857566135751
7293,82,1,93,128.5852738028713
7294,82,1,94,98.34284037947715
7295,82,1,95,71.48571081544782
7296,82,1,96,88.55047031662998
7297,82,1,97,80.43916632633483
7298,82,1,98,221.75796932002245
7299,82,1,99,86.35934944577193
7300,82,2,0,204.48353460146845
7301,82,2,1,187.9115918156159
7302,82,2,2,188.05532889608327
7303,82,2,3,204.60187294002958
7304,82,2,4,312.75589688260624
7305,82,2,5,161.11808785690292
7306,82,2,6,405.9488642646073
7307,82,2,7,179.32059231993145
7308,82,2,8,190.12906699229615
7309,82,2,9,160.1055873609534
7310,82,2,10,168.585550538449
7311,82,2,11,187.94330482312324
7312,82,2,12,194.1254971992801
7313,82,2,13,193.47225282323984
7314,82,2,14,336.18291533870587
7315,82,2,15,190.99618559223183
7316,82,2,16,155.62142273393346
7317,82,2,17,190.6668843743679
7318,82,2,18,205.73018252444788
7319,82,2,19,137.6718510049215
7320,82,2,20,377.2013289671041
7321,82,2,21,169.3185752400584
7322,82,2,22,186.27464527897075
7323,82,2,23,176.8300606988887
7324,82,2,24,409.17086039332736
7325,82,2,25,160.2375978361053
7326,82,2,26,196.82655500230666
7327,82,2,27,408.5940466353109
7328,82,2,28,404.3238597535566
7329,82,2,29,208.12083529628492
7330,82,2,30,191.57354375623646
7331,82,2,31,157.26350394789537
7332,82,2,32,502.55770804455517
7333,82,2,33,383.14340406629333
7334,82,2,34,502.1709800170799
7335,82,2,35,397.14588085954136
7336,82,2,36,203.69924250019577
7337,82,2,37,327.8519321917945
7338,82,2,38,399.21203414545374
7339,82,2,39,169.27824911092762
7340,82,2,40,320.4774709242937
7341,82,2,41,226.82853223757684
7342,82,2,42,161.62727846806766
7343,82,2,43,165.445074600507
7344,82,2,44,224.89092612375737
7345,82,2,45,148.90339821054525
7346,82,2,46,190.3667178712456
7347,82,2,47,206.03106487110045
7348,82,2,48,401.4828391214947
7349,82,2,49,191.27248887690962
7350,82,2,50,221.12542211492024
7351,82,2,51,220.75908219370064
7352,82,2,52,209.82146361769318
7353,82,2,53,367.487861061669
7354,82,2,54,365.09497483293904
7355,82,2,55,196.15683985555253
7356,82,2,56,163.06971831875288
7357,82,2,57,342.8506646988141
7358,82,2,58,363.4020196005801
7359,82,2,59,180.05931412453035
7360,82,2,60,195.66556098906162
7361,82,2,61,188.2964729264831
7362,82,2,62,367.59932811113134
7363,82,2,63,206.85327973991298
7364,82,2,64,200.69967283413567
7365,82,2,65,185.7825457719734
7366,82,2,66,192.1560890228842
7367,82,2,67,390.23603225421806
7368,82,2,68,222.99503159331297
7369,82,2,69,402.65694847026646
7370,82,2,70,179.03342998257244
7371,82,2,71,316.6950658223876
7372,82,2,72,167.35648783663262
7373,82,2,73,163.5086889071411
7374,82,2,74,363.90814141240315
7375,82,2,75,185.38212867679613
7376,82,2,76,398.65025608917904
7377,82,2,77,196.87778506400576
7378,82,2,78,171.89707130965544
7379,82,2,79,170.6542208773699
7380,82,2,80,197.4395521064426
7381,82,2,81,520.787317908411
7382,82,2,82,171.48495577943038
7383,82,2,83,160.93614300308678
7384,82,2,84,177.91107618485128
7385,82,2,85,182.5033659286404
7386,82,2,86,198.94769964644695
7387,82,2,87,155.45668407867913
7388,82,2,88,200.24269014614998
7389,82,2,89,136.41507593416875
7390,82,2,90,183.26274342661083
7391,82,2,91,337.4532714371561
7392,82,2,92,185.2006940203297
7393,82,2,93,179.4450808185563
7394,82,2,94,388.25666792496634
7395,82,2,95,169.04596518701322
7396,82,2,96,161.9208174592916
7397,82,2,97,187.66146596786768
7398,82,2,98,174.52200173458363
7399,82,2,99,227.85536871117802
7400,82,3,0,268.2583547978249
7401,82,3,1,322.3969772244498
7402,82,3,2,518.2799152510653
7403,82,3,3,325.9273539698595
7404,82,3,4,536.3921661308894
7405,82,3,5,290.64109968808077
7406,82,3,6,270.6132158911825
7407,82,3,7,272.66483075488753
7408,82,3,8,280.3490504690701
7409,82,3,9,520.9683254069205
7410,82,3,10,502.38448926171964
7411,82,3,11,278.5372422545592
7412,82,3,12,294.72469148995486
7413,82,3,13,281.5025811896979
7414,82,3,14,279.36585435846587
7415,82,3,15,350.4951070194896
7416,82,3,16,353.24340024851557
7417,82,3,17,513.5028278648119
7418,82,3,18,330.5805444643893
7419,82,3,19,280.39080914211195
7420,82,3,20,270.8109509144831
7421,82,3,21,269.54644524984127
7422,82,3,22,267.09346734745964
7423,82,3,23,267.21071603953516
7424,82,3,24,303.06617579507235
7425,82,3,25,266.12970043441675
7426,82,3,26,324.68307403628114
7427,82,3,27,488.13845931600156
7428,82,3,28,363.58513445342106
7429,82,3,29,262.0445514261319
7430,82,3,30,298.9707803994366
7431,82,3,31,279.64863253544587
7432,82,3,32,297.33635165088276
7433,82,3,33,261.9131718363322
7434,82,3,34,289.3110517310278
7435,82,3,35,360.11961101108415
7436,82,3,36,351.49220097448784
7437,82,3,37,265.9886992580264
7438,82,3,38,353.4454918854328
7439,82,3,39,298.038344315497
7440,82,3,40,524.7688591300504
7441,82,3,41,309.6261617023164
7442,82,3,42,295.25645681589117
7443,82,3,43,343.93103269249
7444,82,3,44,287.39324592422224
7445,82,3,45,278.0585690473292
7446,82,3,46,501.89178949958773
7447,82,3,47,349.6462062168373
7448,82,3,48,502.62511902129785
7449,82,3,49,318.030566421523
7450,82,3,50,503.00442035240326
7451,82,3,51,268.79645967088425
7452,82,3,52,270.4118057520849
7453,82,3,53,303.2497911567431
7454,82,3,54,381.02758782458665
7455,82,3,55,305.44457641363454
7456,82,3,56,270.05776393320645
7457,82,3,57,291.32595225526615
7458,82,3,58,295.6025929472598
7459,82,3,59,502.9645679025903
7460,82,3,60,328.020116363917
7461,82,3,61,271.24582231671553
7462,82,3,62,269.55570645805176
7463,82,3,63,296.00709589021966
7464,82,3,64,512.9010044331776
7465,82,3,65,342.1432620865584
7466,82,3,66,271.3238988025661
7467,82,3,67,289.53797999064477
7468,82,3,68,318.06782936920945
7469,82,3,69,310.63430732342096
7470,82,3,70,272.60253345929164
7471,82,3,71,333.64353295082054
7472,82,3,72,307.7480746905678
7473,82,3,73,493.3245550819725
7474,82,3,74,333.14678633230403
7475,82,3,75,269.7188249048106
7476,82,3,76,312.22864883814043
7477,82,3,77,315.9343534727171
7478,82,3,78,260.6143189656157
7479,82,3,79,272.0138125287358
7480,82,3,80,283.4956422150505
7481,82,3,81,272.3893206769363
7482,82,3,82,296.2252329808798
7483,82,3,83,381.7574469744175
7484,82,3,84,267.33706442876263
7485,82,3,85,298.166028570365
7486,82,3,86,282.7168352045855
7487,82,3,87,503.2180468716025
7488,82,3,88,263.84642833327064
7489,82,3,89,281.1807940723381
7490,82,3,90,283.34607866709433
7491,82,3,91,284.03011950891414
7492,82,3,92,280.40857563724603
7493,82,3,93,508.9586927455039
7494,82,3,94,330.62074272864027
7495,82,3,95,347.42135335067906
7496,82,3,96,275.7504741851873
7497,82,3,97,264.06728847742374
7498,82,3,98,286.4766031571861
7499,82,3,99,299.1947943112501
7500,84,1,0,117.36451800246371
7501,84,1,1,253.74512358661468
7502,84,1,2,84.46689750230824
7503,84,1,3,231.45622307760058
7504,84,1,4,229.88487653865727
7505,84,1,5,229.4832749858592
7506,84,1,6,237.50006856305725
7507,84,1,7,270.490676059574
7508,84,1,8,229.8594666156304
7509,84,1,9,233.59205170059246
7510,84,1,10,235.06853047772833
7511,84,1,11,223.21675198044574
7512,84,1,12,227.8819316117542
7513,84,1,13,253.57678375549781
7514,84,1,14,231.7614022716932
7515,84,1,15,228.6506680592793
7516,84,1,16,225.13493199970054
7517,84,1,17,261.1863260582024
7518,84,1,18,67.71275823738017
7519,84,1,19,229.07865931820476
7520,84,1,20,222.35539413170633
7521,84,1,21,229.5479669298091
7522,84,1,22,235.1504368660865
7523,84,1,23,239.37231497255038
7524,84,1,24,227.87861487171554
7525,84,1,25,230.75261176428805
7526,84,1,26,227.18345701850603
7527,84,1,27,248.48121063018783
7528,84,1,28,233.9976476534876
7529,84,1,29,226.33963669755417
7530,84,1,30,222.74679599686618
7531,84,1,31,227.07093825345018
7532,84,1,32,230.996149856987
7533,84,1,33,224.30696618876013
7534,84,1,34,231.6496801489217
7535,84,1,35,231.35159297894364
7536,84,1,36,249.0633604646375
7537,84,1,37,92.62500910304232
7538,84,1,38,228.5892948346287
7539,84,1,39,231.11608596054685
7540,84,1,40,226.65862785007144
7541,84,1,41,85.89517708124323
7542,84,1,42,237.36560543380324
7543,84,1,43,231.08568234946821
7544,84,1,44,231.1695053981369
7545,84,1,45,135.1072538722145
7546,84,1,46,223.09918773433415
7547,84,1,47,227.6238026837033
7548,84,1,48,232.48965070808612
7549,84,1,49,237.55311077171248
7550,84,1,50,122.96255350422844
7551,84,1,51,250.24164083708538
7552,84,1,52,71.30540269413794
7553,84,1,53,233.7194279384387
7554,84,1,54,236.89918596770462
7555,84,1,55,234.7159416074299
7556,84,1,56,236.0448694514199
7557,84,1,57,226.44075861539469
7558,84,1,58,234.38260917775017
7559,84,1,59,261.2212311181356
7560,84,1,60,235.56012181207555
7561,84,1,61,238.40842342574487
7562,84,1,62,240.6394142868982
7563,84,1,63,258.8659586287668
7564,84,1,64,236.70470316413358
7565,84,1,65,227.18103104049237
7566,84,1,66,238.34916930572672
7567,84,1,67,234.50571231386894
7568,84,1,68,230.78166283463932
7569,84,1,69,224.61015061525845
7570,84,1,70,108.37569008248121
7571,84,1,71,227.33805264834456
7572,84,1,72,274.8721709813244
7573,84,1,73,227.94784217452218
7574,84,1,74,251.27817421887616
7575,84,1,75,233.23213136790864
7576,84,1,76,241.9040456965718
7577,84,1,77,231.3977317929844
7578,84,1,78,230.06816044170614
7579,84,1,79,229.8788262028084
7580,84,1,80,230.4327483194905
7581,84,1,81,230.1080190784475
7582,84,1,82,239.27419026332882
7583,84,1,83,74.28075311597303
7584,84,1,84,270.2453539490835
7585,84,1,85,267.5497483471137
7586,84,1,86,119.61871759567782
7587,84,1,87,230.51009237778368
7588,84,1,88,228.8581790038582
7589,84,1,89,232.70757292572415
7590,84,1,90,231.82437612394867
7591,84,1,91,233.22219654623507
7592,84,1,92,233.2416095023296
7593,84,1,93,252.06875850480853
7594,84,1,94,225.9906829391826
7595,84,1,95,235.94405481990736
7596,84,1,96,227.37759433528157
7597,84,1,97,246.61527480333578
7598,84,1,98,236.3041016957147
7599,84,1,99,227.43451844375235
7600,84,2,0,377.5864413114897
7601,84,2,1,374.4108779507489
7602,84,2,2,372.0148810652549
7603,84,2,3,184.66637738311738
7604,84,2,4,371.6849002601458
7605,84,2,5,372.378636597365
7606,84,2,6,371.3834658273244
7607,84,2,7,232.03428950029453
7608,84,2,8,372.5718645082241
7609,84,2,9,370.8748663024649
7610,84,2,10,384.84579894665075
7611,84,2,11,203.0971097439765
7612,84,2,12,373.246695916609
7613,84,2,13,373.6149038060611
7614,84,2,14,372.47589115520606
7615,84,2,15,185.2301399864917
7616,84,2,16,373.72850831274627
7617,84,2,17,369.5812869420445
7618,84,2,18,388.1099124017922
7619,84,2,19,372.1057769088332
7620,84,2,20,209.02046918352454
7621,84,2,21,375.8542248713725
7622,84,2,22,374.63975672436294
7623,84,2,23,389.27292733912617
7624,84,2,24,201.22974067334042
7625,84,2,25,374.3440377620042
7626,84,2,26,371.8620653221404
7627,84,2,27,371.9056317433085
7628,84,2,28,375.8593777704968
7629,84,2,29,375.56109337772085
7630,84,2,30,379.8037101317164
7631,84,2,31,204.91753387504457
7632,84,2,32,372.67124988492134
7633,84,2,33,375.00379760308334
7634,84,2,34,387.23808178329415
7635,84,2,35,375.3313844402145
7636,84,2,36,377.9891811825871
7637,84,2,37,372.660696826376
7638,84,2,38,227.89929212723888
7639,84,2,39,375.18839289057956
7640,84,2,40,382.3655247559684
7641,84,2,41,221.1273217668397
7642,84,2,42,389.34082078403185
7643,84,2,43,210.58573768392083
7644,84,2,44,372.8970813716764
7645,84,2,45,196.09673737667592
7646,84,2,46,372.1987757967068
7647,84,2,47,212.99831370886253
7648,84,2,48,373.7463142059204
7649,84,2,49,373.6275654235555
7650,84,2,50,375.95486767920056
7651,84,2,51,210.3827406765637
7652,84,2,52,371.7335272482554
7653,84,2,53,201.92236673705253
7654,84,2,54,372.94484414155266
7655,84,2,55,371.39424100149404
7656,84,2,56,173.5737801115129
7657,84,2,57,373.0005491644898
7658,84,2,58,192.96618577258462
7659,84,2,59,375.6845398789798
7660,84,2,60,373.22148671343194
7661,84,2,61,197.2259706277093
7662,84,2,62,374.5517570610173
7663,84,2,63,380.2376216666963
7664,84,2,64,372.5890095785078
7665,84,2,65,219.12787858726657
7666,84,2,66,376.1630444323745
7667,84,2,67,373.0683273104913
7668,84,2,68,371.74770927960566
7669,84,2,69,372.28279805917026
7670,84,2,70,374.6233840584183
7671,84,2,71,382.1092606798525
7672,84,2,72,371.3708164368454
7673,84,2,73,372.0604587850784
7674,84,2,74,394.3144977738896
7675,84,2,75,371.39855941368575
7676,84,2,76,212.10452863156863
7677,84,2,77,374.5982513658485
7678,84,2,78,375.75749638691315
7679,84,2,79,377.5828014026035
7680,84,2,80,192.71698952455836
7681,84,2,81,203.8055822466715
7682,84,2,82,372.1491324861815
7683,84,2,83,206.70496324549993
7684,84,2,84,228.93726274836956
7685,84,2,85,387.16028677855263
7686,84,2,86,231.48838996572147
7687,84,2,87,204.81425516651504
7688,84,2,88,377.83008008445415
7689,84,2,89,372.79934702823533
7690,84,2,90,371.36357820325674
7691,84,2,91,372.3543954199354
7692,84,2,92,371.49296752730453
7693,84,2,93,373.06589937583186
7694,84,2,94,371.4730697558452
7695,84,2,95,390.6713172088972
7696,84,2,96,372.29647885268173
7697,84,2,97,218.4790435591893
7698,84,2,98,372.8785483897285
7699,84,2,99,193.6845651643207
7700,84,3,0,489.951784979423
7701,84,3,1,469.8549058067516
7702,84,3,2,499.6292674474167
7703,84,3,3,522.8540427476315
7704,84,3,4,520.0167820891023
7705,84,3,5,372.76232574763577
7706,84,3,6,534.3342206264895
7707,84,3,7,501.8465980382147
7708,84,3,8,479.34827966604155
7709,84,3,9,487.6064607365391
7710,84,3,10,487.57965266578515
7711,84,3,11,534.1237803060088
7712,84,3,12,510.4411963085786
7713,84,3,13,508.2436744195593
7714,84,3,14,370.83079820353294
7715,84,3,15,474.4655019158152
7716,84,3,16,518.0914487983424
7717,84,3,17,516.8246748857042
7718,84,3,18,526.2977694242901
7719,84,3,19,500.62448064141273
7720,84,3,20,536.5763261871579
7721,84,3,21,519.7856773086105
7722,84,3,22,497.97166365112327
7723,84,3,23,499.4517050912433
7724,84,3,24,530.8448933212521
7725,84,3,25,505.4714575431768
7726,84,3,26,532.5547567696012
7727,84,3,27,528.2187258773566
7728,84,3,28,532.1895969713854
7729,84,3,29,517.2445400763999
7730,84,3,30,474.5463326166094
7731,84,3,31,486.52072238488574
7732,84,3,32,509.47147387153365
7733,84,3,33,505.7716437875069
7734,84,3,34,523.5774947494983
7735,84,3,35,525.9988870982351
7736,84,3,36,478.3884275196318
7737,84,3,37,512.6478648698483
7738,84,3,38,517.8137242750521
7739,84,3,39,530.6022178170788
7740,84,3,40,533.7969241879347
7741,84,3,41,526.9473673758524
7742,84,3,42,508.6674859856515
7743,84,3,43,373.27973421268774
7744,84,3,44,510.380453877517
7745,84,3,45,372.91583508166013
7746,84,3,46,507.67267632016905
7747,84,3,47,371.5022724569137
7748,84,3,48,527.4138757425983
7749,84,3,49,501.67747311750304
7750,84,3,50,472.20975594265065
7751,84,3,51,506.80019845548475
7752,84,3,52,535.8263978538088
7753,84,3,53,499.89378214886347
7754,84,3,54,508.23438786052145
7755,84,3,55,521.6274238818557
7756,84,3,56,484.15940670310533
7757,84,3,57,513.8657790899817
7758,84,3,58,507.3691194001847
7759,84,3,59,508.85721496048785
7760,84,3,60,535.3576624737108
7761,84,3,61,484.659314804111
7762,84,3,62,534.9910844423257
7763,84,3,63,500.63792630982766
7764,84,3,64,495.0659675812576
7765,84,3,65,499.8062271032758
7766,84,3,66,531.2608796191737
7767,84,3,67,352.4370282283867
7768,84,3,68,519.9643066242533
7769,84,3,69,531.0990948738576
7770,84,3,70,350.56439877291206
7771,84,3,71,528.6220947399155
7772,84,3,72,499.8886072571828
7773,84,3,73,497.865025264903
7774,84,3,74,494.66112627221855
7775,84,3,75,503.7438765572846
7776,84,3,76,532.2096234859905
7777,84,3,77,507.6753038038521
7778,84,3,78,472.3445699856778
7779,84,3,79,526.2534498069767
7780,84,3,80,526.249264642517
7781,84,3,81,498.4951637456246
7782,84,3,82,524.2703580751094
7783,84,3,83,521.8185123723256
7784,84,3,84,534.7720081072687
7785,84,3,85,502.161446246726
7786,84,3,86,478.35017442378273
7787,84,3,87,529.0624139454877
7788,84,3,88,370.87759001144815
7789,84,3,89,470.83952050029535
7790,84,3,90,528.2437624700569
7791,84,3,91,358.43315370393174
7792,84,3,92,482.2133512383068
7793,84,3,93,525.4395256132516
7794,84,3,94,372.15058019900056
7795,84,3,95,359.8213656153745
7796,84,3,96,469.7663218939705
7797,84,3,97,533.1070555007182
7798,84,3,98,522.2970674999416
7799,84,3,99,535.8970983566768
7800,86,1,0,110.5494965619946
7801,86,1,1,120.80335953577062
7802,86,1,2,144.58318647130164
7803,86,1,3,97.52480867554164
7804,86,1,4,135.62878475743025
7805,86,1,5,139.30551704850822
7806,86,1,6,88.33561789293634
7807,86,1,7,88.13215833338045
7808,86,1,8,97.95868371689299
7809,86,1,9,88.31233541679768
7810,86,1,10,128.39568909305953
7811,86,1,11,87.68516815464112
7812,86,1,12,87.86372738533001
7813,86,1,13,317.0871738125769
7814,86,1,14,78.04764497793234
7815,86,1,15,87.43993909247904
7816,86,1,16,351.14964623877404
7817,86,1,17,78.0428453200597
7818,86,1,18,134.3294763987667
7819,86,1,19,143.86052478239566
7820,86,1,20,273.43653893885926
7821,86,1,21,142.4766087473859
7822,86,1,22,87.23166528912375
7823,86,1,23,101.76876485918966
7824,86,1,24,141.17498580728747
7825,86,1,25,132.4419561134644
7826,86,1,26,87.68199011538745
7827,86,1,27,90.15668760152326
7828,86,1,28,87.80691025632062
7829,86,1,29,63.78179456011378
7830,86,1,30,95.42456425533837
7831,86,1,31,380.4028153869575
7832,86,1,32,130.31937675423055
7833,86,1,33,307.26828588303965
7834,86,1,34,86.9758806403731
7835,86,1,35,87.67996653752411
7836,86,1,36,88.16518912627022
7837,86,1,37,79.26352964921327
7838,86,1,38,332.7917740483057
7839,86,1,39,80.90378079585977
7840,86,1,40,66.54351923167697
7841,86,1,41,72.54738971342401
7842,86,1,42,137.0584312162882
7843,86,1,43,88.06215338267637
7844,86,1,44,132.54369391792886
7845,86,1,45,327.4683766740342
7846,86,1,46,245.28540186733204
7847,86,1,47,108.63830169531687
7848,86,1,48,144.38303683236853
7849,86,1,49,99.71014690323518
7850,86,1,50,149.97773059840506
7851,86,1,51,85.23144031169775
7852,86,1,52,321.6727840986672
7853,86,1,53,87.62301392529015
7854,86,1,54,101.58208827788029
7855,86,1,55,83.56141311068512
7856,86,1,56,97.69603550956117
7857,86,1,57,95.66165435698693
7858,86,1,58,87.21814745034797
7859,86,1,59,87.50309164759769
7860,86,1,60,90.72707607144793
7861,86,1,61,111.56765917981895
7862,86,1,62,332.00756881508397
7863,86,1,63,130.0413546016974
7864,86,1,64,87.98068439875091
7865,86,1,65,115.60542950346135
7866,86,1,66,151.18742849339608
7867,86,1,67,391.6087333413702
7868,86,1,68,89.27635676636865
7869,86,1,69,317.05918105363327
7870,86,1,70,87.41377620553713
7871,86,1,71,117.24310063433717
7872,86,1,72,152.6866909437477
7873,86,1,73,358.4245556444236
7874,86,1,74,93.73451480750668
7875,86,1,75,73.98062037881246
7876,86,1,76,355.3856013883443
7877,86,1,77,99.226943550384
7878,86,1,78,102.334263426382
7879,86,1,79,92.65361886289983
7880,86,1,80,87.16016767159171
7881,86,1,81,99.1542567126577
7882,86,1,82,87.64241549405159
7883,86,1,83,87.24441659259307
7884,86,1,84,101.90740809799269
7885,86,1,85,87.72821571949319
7886,86,1,86,87.24042746288194
7887,86,1,87,397.80451135188525
7888,86,1,88,87.56726725684464
7889,86,1,89,136.87283079447792
7890,86,1,90,134.96241416009912
7891,86,1,91,74.48895427179482
7892,86,1,92,87.37055596655513
7893,86,1,93,71.00019762301446
7894,86,1,94,304.5624636411806
7895,86,1,95,107.69589081462446
7896,86,1,96,95.19456932970832
7897,86,1,97,353.026453295331
7898,86,1,98,300.9465422086419
7899,86,1,99,88.29539409372612
7900,86,2,0,294.15060377995655
7901,86,2,1,346.0790820249302
7902,86,2,2,338.2999233856657
7903,86,2,3,345.92338841895463
7904,86,2,4,293.67923737332836
7905,86,2,5,307.68993132506336
7906,86,2,6,296.97260520253104
7907,86,2,7,254.31927774209763
7908,86,2,8,311.7303718911022
7909,86,2,9,267.77343087644294
7910,86,2,10,252.76054357313262
7911,86,2,11,292.99644326576504
7912,86,2,12,313.1767477588728
7913,86,2,13,303.13655135897864
7914,86,2,14,293.9147582315587
7915,86,2,15,279.0419800114664
7916,86,2,16,336.33689972071664
7917,86,2,17,338.8499370084136
7918,86,2,18,300.4324026282328
7919,86,2,19,319.4980608776746
7920,86,2,20,276.751422417117
7921,86,2,21,288.18333990247646
7922,86,2,22,340.9538132365611
7923,86,2,23,302.8156969767233
7924,86,2,24,246.8631940793756
7925,86,2,25,300.69173176021235
7926,86,2,26,268.32221515059007
7927,86,2,27,281.57669708363653
7928,86,2,28,298.61834631612504
7929,86,2,29,331.77528082379666
7930,86,2,30,347.2507732327964
7931,86,2,31,276.0288315175604
7932,86,2,32,289.42790817718276
7933,86,2,33,281.28169570511125
7934,86,2,34,339.7932338402762
7935,86,2,35,343.2120767755796
7936,86,2,36,314.73067038959744
7937,86,2,37,275.7936831716754
7938,86,2,38,306.1437770133586
7939,86,2,39,305.23016160239894
7940,86,2,40,305.9395886896317
7941,86,2,41,311.2924832635909
7942,86,2,42,345.9800376480328
7943,86,2,43,309.08357407509607
7944,86,2,44,293.521733128137
7945,86,2,45,291.89351553693507
7946,86,2,46,310.20695504594323
7947,86,2,47,252.59413187648937
7948,86,2,48,339.9840825370421
7949,86,2,49,286.3491468272704
7950,86,2,50,261.64904824735333
7951,86,2,51,312.4949946423512
7952,86,2,52,295.29793990765086
7953,86,2,53,275.23375809271624
7954,86,2,54,295.8029293199837
7955,86,2,55,287.1663131886356
7956,86,2,56,266.78746927224023
7957,86,2,57,292.99104927017214
7958,86,2,58,290.7189279850873
7959,86,2,59,353.3413151006246
7960,86,2,60,352.70373015359195
7961,86,2,61,254.2561313999691
7962,86,2,62,331.78598492208613
7963,86,2,63,265.9714647715426
7964,86,2,64,306.2396386411339
7965,86,2,65,342.2147032236557
7966,86,2,66,306.9574379011991
7967,86,2,67,319.5798491913143
7968,86,2,68,301.63318933039227
7969,86,2,69,247.5463264594508
7970,86,2,70,338.3081710998007
7971,86,2,71,307.1181321465558
7972,86,2,72,301.0821394598886
7973,86,2,73,302.29032066219895
7974,86,2,74,288.2561134099651
7975,86,2,75,307.710415413446
7976,86,2,76,302.1642457804528
7977,86,2,77,264.7159476277845
7978,86,2,78,278.21468337567
7979,86,2,79,281.82331570122113
7980,86,2,80,334.8050541569595
7981,86,2,81,302.24370077146017
7982,86,2,82,323.959428062584
7983,86,2,83,292.887287646725
7984,86,2,84,275.7981508172392
7985,86,2,85,290.7411426194654
7986,86,2,86,315.9582687152234
7987,86,2,87,310.67126577374194
7988,86,2,88,347.0837116999015
7989,86,2,89,247.46074260329434
7990,86,2,90,316.79261845077735
7991,86,2,91,292.1527940261179
7992,86,2,92,318.35047801263363
7993,86,2,93,264.3196758111275
7994,86,2,94,294.3631374685076
7995,86,2,95,298.5393693416861
7996,86,2,96,303.9560520026816
7997,86,2,97,277.70841735742385
7998,86,2,98,324.69323708238244
7999,86,2,99,268.11081237532176
8000,86,3,0,162.07095913986413
8001,86,3,1,238.71527078343087
8002,86,3,2,333.21012588942824
8003,86,3,3,530.1936772794418
8004,86,3,4,284.4380657472421
8005,86,3,5,184.8643821592104
8006,86,3,6,198.17752749007602
8007,86,3,7,285.66232075329384
8008,86,3,8,224.58225228729455
8009,86,3,9,358.1451805841059
8010,86,3,10,520.0648458568103
8011,86,3,11,220.06817038100567
8012,86,3,12,168.47496106490334
8013,86,3,13,162.5758822033052
8014,86,3,14,213.13307209977887
8015,86,3,15,219.49274188883155
8016,86,3,16,529.4840149690182
8017,86,3,17,307.54599424803826
8018,86,3,18,515.9148686139519
8019,86,3,19,194.78392401686543
8020,86,3,20,225.18074113103793
8021,86,3,21,170.80084723539255
8022,86,3,22,228.77580390995257
8023,86,3,23,244.37597535830702
8024,86,3,24,195.16512231376672
8025,86,3,25,247.63364313287096
8026,86,3,26,235.6560280455214
8027,86,3,27,204.45733342661424
8028,86,3,28,250.90803445524833
8029,86,3,29,508.4942175226145
8030,86,3,30,497.77578973650543
8031,86,3,31,534.805166603896
8032,86,3,32,510.4908429507927
8033,86,3,33,179.82928848705674
8034,86,3,34,225.5669842158256
8035,86,3,35,238.95765876411494
8036,86,3,36,261.3152125262112
8037,86,3,37,217.61953345671347
8038,86,3,38,213.22819493561056
8039,86,3,39,169.6978137704476
8040,86,3,40,180.34833862839636
8041,86,3,41,178.38762576389152
8042,86,3,42,225.5093699223488
8043,86,3,43,524.9834342893623
8044,86,3,44,167.8521888477076
8045,86,3,45,503.8621836592901
8046,86,3,46,203.8642145812357
8047,86,3,47,158.35722910244021
8048,86,3,48,177.24892572253418
8049,86,3,49,256.43988712678174
8050,86,3,50,302.12595334352534
8051,86,3,51,349.42409128894457
8052,86,3,52,216.13348831403363
8053,86,3,53,528.2877882457109
8054,86,3,54,221.76907301472875
8055,86,3,55,217.14329242244258
8056,86,3,56,177.02671995061573
8057,86,3,57,316.49265939024485
8058,86,3,58,239.62024188861471
8059,86,3,59,195.79675261358383
8060,86,3,60,211.56272758045372
8061,86,3,61,212.48559414497024
8062,86,3,62,217.36827033572416
8063,86,3,63,266.30409666022626
8064,86,3,64,286.20421066554167
8065,86,3,65,266.7467546275666
8066,86,3,66,513.1649546731935
8067,86,3,67,210.2000313428272
8068,86,3,68,208.7793870687709
8069,86,3,69,252.46090770053544
8070,86,3,70,202.6946463609707
8071,86,3,71,509.69496074945044
8072,86,3,72,184.34687149475255
8073,86,3,73,243.5227976800045
8074,86,3,74,259.5715715515186
8075,86,3,75,232.18667894389304
8076,86,3,76,491.5477803842892
8077,86,3,77,222.01523503283843
8078,86,3,78,172.49368121664565
8079,86,3,79,193.90783305368723
8080,86,3,80,519.3489242786808
8081,86,3,81,525.8960693137019
8082,86,3,82,286.86808182636264
8083,86,3,83,255.31640087498374
8084,86,3,84,198.23763389845212
8085,86,3,85,524.6342021127949
8086,86,3,86,218.27057791168377
8087,86,3,87,217.00415089927995
8088,86,3,88,155.72773055122573
8089,86,3,89,223.50672086781427
8090,86,3,90,324.84789659234264
8091,86,3,91,219.9383384178
8092,86,3,92,310.8558163257266
8093,86,3,93,224.5025788845779
8094,86,3,94,277.3455945095101
8095,86,3,95,257.4946445548734
8096,86,3,96,180.24183787478793
8097,86,3,97,203.01573014609437
8098,86,3,98,293.5827009820238
8099,86,3,99,203.8862849120266
8100,90,1,0,324.86567661689867
8101,90,1,1,81.96409264917776
8102,90,1,2,63.71523732775576
8103,90,1,3,119.37353192389439
8104,90,1,4,277.126358986529
8105,90,1,5,298.7816489747804
8106,90,1,6,92.92928235801419
8107,90,1,7,344.16097110508963
8108,90,1,8,384.3396985230453
8109,90,1,9,350.6731047440366
8110,90,1,10,247.60892197799265
8111,90,1,11,419.34797948823234
8112,90,1,12,152.6302558077907
8113,90,1,13,247.16165808670715
8114,90,1,14,124.87669120159038
8115,90,1,15,67.95425906778709
8116,90,1,16,95.94508362737218
8117,90,1,17,131.9600440979872
8118,90,1,18,86.21889124628636
8119,90,1,19,78.07222878389824
8120,90,1,20,375.43330930478663
8121,90,1,21,398.4404815143557
8122,90,1,22,330.9609270435518
8123,90,1,23,116.21985025359695
8124,90,1,24,356.2782674913447
8125,90,1,25,381.41295263944784
8126,90,1,26,137.83691704586735
8127,90,1,27,76.75031489776141
8128,90,1,28,141.91431952066708
8129,90,1,29,83.3439225224065
8130,90,1,30,381.7395899529023
8131,90,1,31,270.4116819005352
8132,90,1,32,330.18243628752015
8133,90,1,33,344.44521007882054
8134,90,1,34,131.99823334823074
8135,90,1,35,82.04397557939149
8136,90,1,36,300.1765672094931
8137,90,1,37,130.796753873099
8138,90,1,38,110.27832088004939
8139,90,1,39,265.33559028472877
8140,90,1,40,135.9735469868368
8141,90,1,41,345.9373175752071
8142,90,1,42,125.05438347221943
8143,90,1,43,63.490549241841606
8144,90,1,44,80.57753336089804
8145,90,1,45,312.35986390999113
8146,90,1,46,395.29718447336097
8147,90,1,47,113.89953026197716
8148,90,1,48,74.67232548005236
8149,90,1,49,140.7278030736522
8150,90,1,50,119.52350769196195
8151,90,1,51,88.87911501868447
8152,90,1,52,97.63499944214983
8153,90,1,53,407.8293030623693
8154,90,1,54,103.3403847675032
8155,90,1,55,109.2074312901233
8156,90,1,56,77.37816596738676
8157,90,1,57,280.88989006132124
8158,90,1,58,267.21425223264777
8159,90,1,59,117.57797173904112
8160,90,1,60,70.21226225577703
8161,90,1,61,118.74575526156546
8162,90,1,62,72.1263877942396
8163,90,1,63,140.2401905366595
8164,90,1,64,366.2632572493581
8165,90,1,65,65.16739123485654
8166,90,1,66,78.43830386495537
8167,90,1,67,131.88989974070347
8168,90,1,68,345.661545290705
8169,90,1,69,121.18356305475982
8170,90,1,70,251.2310620103412
8171,90,1,71,267.79642759406056
8172,90,1,72,282.4066801900138
8173,90,1,73,111.6600000807572
8174,90,1,74,115.55964531796022
8175,90,1,75,70.66502415853921
8176,90,1,76,151.37108526345696
8177,90,1,77,401.6338080853619
8178,90,1,78,118.0028936990502
8179,90,1,79,158.03388805975354
8180,90,1,80,359.0136019564312
8181,90,1,81,395.8790209634459
8182,90,1,82,105.76819353694164
8183,90,1,83,144.86374949788146
8184,90,1,84,343.6743611402135
8185,90,1,85,117.95086790382527
8186,90,1,86,346.2127376227915
8187,90,1,87,71.55415819478748
8188,90,1,88,151.13885248567394
8189,90,1,89,385.2849260622727
8190,90,1,90,140.30798651700815
8191,90,1,91,345.1616283235937
8192,90,1,92,384.426254742658
8193,90,1,93,356.5083429694093
8194,90,1,94,382.9162642889077
8195,90,1,95,118.83287457515951
8196,90,1,96,151.30082557510218
8197,90,1,97,79.95601536913895
8198,90,1,98,306.1434048867355
8199,90,1,99,345.34201857659434
8200,90,2,0,65.27590065590343
8201,90,2,1,85.36947480014759
8202,90,2,2,517.7843504316132
8203,90,2,3,220.2015383305461
8204,90,2,4,516.7303979985373
8205,90,2,5,84.61692353633946
8206,90,2,6,96.5366755973969
8207,90,2,7,203.91151299237424
8208,90,2,8,143.80082367567277
8209,90,2,9,134.99652794885608
8210,90,2,10,69.42082034205167
8211,90,2,11,117.5607558862166
8212,90,2,12,336.76896254455755
8213,90,2,13,66.3685295294309
8214,90,2,14,96.26379646433556
8215,90,2,15,85.05967398871603
8216,90,2,16,352.3756742991412
8217,90,2,17,219.76005869020722
8218,90,2,18,114.53288482419117
8219,90,2,19,156.24150877608105
8220,90,2,20,139.041684733872
8221,90,2,21,96.16660056880686
8222,90,2,22,73.17753698842783
8223,90,2,23,393.42181276314506
8224,90,2,24,161.79902685208143
8225,90,2,25,218.38006620097218
8226,90,2,26,229.53625553220826
8227,90,2,27,170.6706684974172
8228,90,2,28,95.04102708406239
8229,90,2,29,99.13698374389756
8230,90,2,30,82.16830037288084
8231,90,2,31,120.57462957951626
8232,90,2,32,64.98462106901025
8233,90,2,33,145.334704804599
8234,90,2,34,171.01040623077517
8235,90,2,35,346.36500947828057
8236,90,2,36,97.0432681534041
8237,90,2,37,69.48252609343923
8238,90,2,38,169.76861327661464
8239,90,2,39,173.96398070344483
8240,90,2,40,65.74644765120907
8241,90,2,41,90.410743392409
8242,90,2,42,517.4363810292105
8243,90,2,43,517.550933721381
8244,90,2,44,137.51655037603945
8245,90,2,45,131.4422655633606
8246,90,2,46,338.29989441225183
8247,90,2,47,148.5994636814593
8248,90,2,48,101.23812261727336
8249,90,2,49,116.00363431385854
8250,90,2,50,109.1362132025435
8251,90,2,51,103.1596350392207
8252,90,2,52,128.7572339577754
8253,90,2,53,124.46034246678381
8254,90,2,54,155.88127639406096
8255,90,2,55,190.23878607821786
8256,90,2,56,67.43155537705921
8257,90,2,57,152.153897861689
8258,90,2,58,394.79270082832676
8259,90,2,59,87.85198580350342
8260,90,2,60,385.50016760337957
8261,90,2,61,62.605008910039174
8262,90,2,62,81.52093167033473
8263,90,2,63,63.02179213239144
8264,90,2,64,72.42665088631857
8265,90,2,65,149.138228925341
8266,90,2,66,78.70426571839944
8267,90,2,67,141.70502271915655
8268,90,2,68,201.20261124165447
8269,90,2,69,113.39851360077613
8270,90,2,70,70.54456629791412
8271,90,2,71,73.06470510736797
8272,90,2,72,89.58724176071028
8273,90,2,73,63.018926581218494
8274,90,2,74,87.49652697464971
8275,90,2,75,101.68017104548174
8276,90,2,76,66.38186702476757
8277,90,2,77,213.84421168251424
8278,90,2,78,185.74364789274173
8279,90,2,79,70.93350494724045
8280,90,2,80,137.65922525115974
8281,90,2,81,64.78988090080145
8282,90,2,82,91.63355461114936
8283,90,2,83,163.0229097862677
8284,90,2,84,110.90928635855803
8285,90,2,85,101.82821078886988
8286,90,2,86,75.03431256606432
8287,90,2,87,115.96346847764075
8288,90,2,88,231.07611834343612
8289,90,2,89,68.29364245921956
8290,90,2,90,103.83809836028126
8291,90,2,91,95.21767227011424
8292,90,2,92,92.51783749051745
8293,90,2,93,79.71484966938539
8294,90,2,94,63.40742315528717
8295,90,2,95,77.14724905697895
8296,90,2,96,154.68385169490531
8297,90,2,97,176.12490660447773
8298,90,2,98,62.1838082667488
8299,90,2,99,98.24350692778701
8300,90,3,0,338.17146529645476
8301,90,3,1,357.66719371385653
8302,90,3,2,517.6619039992746
8303,90,3,3,365.95479534252917
8304,90,3,4,516.9581456872844
8305,90,3,5,517.5106872035507
8306,90,3,6,337.1227309540358
8307,90,3,7,511.0966634864908
8308,90,3,8,516.9661547726758
8309,90,3,9,517.8905941165937
8310,90,3,10,536.5578166298309
8311,90,3,11,517.052259117566
8312,90,3,12,517.7101540712712
8313,90,3,13,351.94899475289606
8314,90,3,14,521.779132290286
8315,90,3,15,517.6862757603412
8316,90,3,16,517.9364695542821
8317,90,3,17,516.5120868504426
8318,90,3,18,517.4824439235549
8319,90,3,19,517.6829507305548
8320,90,3,20,516.4907985112617
8321,90,3,21,339.4399653374633
8322,90,3,22,517.1738076395892
8323,90,3,23,356.81492568213383
8324,90,3,24,340.58110555604156
8325,90,3,25,524.0313238216133
8326,90,3,26,517.0853433062103
8327,90,3,27,342.11491093719906
8328,90,3,28,516.4650196261973
8329,90,3,29,500.23321910899205
8330,90,3,30,289.67992373739025
8331,90,3,31,331.40476336868085
8332,90,3,32,516.299770388014
8333,90,3,33,516.8916018498543
8334,90,3,34,334.5258833735447
8335,90,3,35,517.323228584295
8336,90,3,36,517.2719482793997
8337,90,3,37,343.0920479371252
8338,90,3,38,532.1580016400437
8339,90,3,39,335.59021044808617
8340,90,3,40,516.9857497564674
8341,90,3,41,517.3036935402413
8342,90,3,42,346.9917521262316
8343,90,3,43,513.533397065727
8344,90,3,44,242.19633171135123
8345,90,3,45,501.15272566898324
8346,90,3,46,514.0558918259895
8347,90,3,47,386.67473629255886
8348,90,3,48,310.59457612155535
8349,90,3,49,528.0035746854846
8350,90,3,50,354.10253589630696
8351,90,3,51,517.5521445261286
8352,90,3,52,339.1520407873406
8353,90,3,53,517.4745558634918
8354,90,3,54,341.3449795398125
8355,90,3,55,515.947240609544
8356,90,3,56,517.1263409089045
8357,90,3,57,347.0270618538725
8358,90,3,58,516.3740803030724
8359,90,3,59,323.9856587114959
8360,90,3,60,530.7894621918941
8361,90,3,61,515.9627084258399
8362,90,3,62,517.0494854621751
8363,90,3,63,517.4405642748512
8364,90,3,64,515.2277369923522
8365,90,3,65,261.93688126694104
8366,90,3,66,333.1260435662772
8367,90,3,67,517.1476477211754
8368,90,3,68,288.40353841770906
8369,90,3,69,285.9307652310836
8370,90,3,70,511.84216341065286
8371,90,3,71,346.8721267698594
8372,90,3,72,536.6725545645722
8373,90,3,73,521.0598100972101
8374,90,3,74,517.1790957534779
8375,90,3,75,517.4984581279089
8376,90,3,76,334.53319152683025
8377,90,3,77,382.29230075126594
8378,90,3,78,517.7913089443051
8379,90,3,79,511.21618484341343
8380,90,3,80,329.8088622036362
8381,90,3,81,519.051581408131
8382,90,3,82,360.25846331009404
8383,90,3,83,516.5408126751025
8384,90,3,84,517.6195002507297
8385,90,3,85,517.8786230800071
8386,90,3,86,526.878782993354
8387,90,3,87,522.5674358936275
8388,90,3,88,517.4950849327867
8389,90,3,89,361.5441229735863
8390,90,3,90,517.360478354869
8391,90,3,91,509.43950483293037
8392,90,3,92,512.757483796162
8393,90,3,93,518.814657541568
8394,90,3,94,517.3503528886065
8395,90,3,95,516.7812839777246
8396,90,3,96,334.12258714723725
8397,90,3,97,517.6437575594194
8398,90,3,98,330.89665452866615
8399,90,3,99,286.9962029319035
8400,91,1,0,468.70516780627725
8401,91,1,1,532.6705841020954
8402,91,1,2,190.677707392288
8403,91,1,3,167.27875678883123
8404,91,1,4,228.63448253776653
8405,91,1,5,521.6285957687649
8406,91,1,6,457.5833963447324
8407,91,1,7,450.5901136165602
8408,91,1,8,67.14157522325414
8409,91,1,9,391.4185710572846
8410,91,1,10,95.89099841825124
8411,91,1,11,489.26485471830034
8412,91,1,12,149.34428597163443
8413,91,1,13,489.82374283821497
8414,91,1,14,443.5995913856614
8415,91,1,15,159.035202802813
8416,91,1,16,168.8692732458005
8417,91,1,17,164.441832093155
8418,91,1,18,530.6479380399956
8419,91,1,19,217.49491781165625
8420,91,1,20,498.22934566212007
8421,91,1,21,487.3098874560775
8422,91,1,22,445.9695570067074
8423,91,1,23,156.76840396642322
8424,91,1,24,508.8549073180663
8425,91,1,25,174.92624196470717
8426,91,1,26,528.0203544370318
8427,91,1,27,167.56568635735817
8428,91,1,28,204.92238382440664
8429,91,1,29,474.0543942765909
8430,91,1,30,151.40221797204947
8431,91,1,31,467.5552888163706
8432,91,1,32,442.3399139764182
8433,91,1,33,538.9515315542677
8434,91,1,34,149.54155295600475
8435,91,1,35,76.0931139195287
8436,91,1,36,137.16051497154268
8437,91,1,37,469.5688815695194
8438,91,1,38,529.5450704870711
8439,91,1,39,154.1512173831062
8440,91,1,40,201.88236502601234
8441,91,1,41,209.081441996935
8442,91,1,42,476.2368951143761
8443,91,1,43,150.5648419558514
8444,91,1,44,489.08409571828463
8445,91,1,45,523.0632677173318
8446,91,1,46,192.39525922219633
8447,91,1,47,160.28599870830516
8448,91,1,48,169.2259469889408
8449,91,1,49,453.7392409494257
8450,91,1,50,147.2837237169431
8451,91,1,51,81.57642102272294
8452,91,1,52,163.05656944295876
8453,91,1,53,483.40440589813477
8454,91,1,54,227.235189847443
8455,91,1,55,456.8253646047348
8456,91,1,56,498.35758790124646
8457,91,1,57,186.18391554243868
8458,91,1,58,214.493477865912
8459,91,1,59,213.76769451871942
8460,91,1,60,156.95226434238282
8461,91,1,61,91.33668608500788
8462,91,1,62,464.5092090046648
8463,91,1,63,172.4925200491537
8464,91,1,64,513.9844561509634
8465,91,1,65,160.8567793860823
8466,91,1,66,148.72239697450206
8467,91,1,67,486.8313770268918
8468,91,1,68,184.24110726829005
8469,91,1,69,524.9082177893564
8470,91,1,70,143.57048605335086
8471,91,1,71,528.4095149173952
8472,91,1,72,490.63074126387136
8473,91,1,73,69.72434884834952
8474,91,1,74,444.48764766911563
8475,91,1,75,418.36171299104853
8476,91,1,76,155.42080460272177
8477,91,1,77,501.4063868254072
8478,91,1,78,503.82667225328726
8479,91,1,79,518.9806667120815
8480,91,1,80,156.10107703462523
8481,91,1,81,164.9712599307249
8482,91,1,82,474.68487924004063
8483,91,1,83,513.8708512662745
8484,91,1,84,155.32794721552628
8485,91,1,85,173.71145811447425
8486,91,1,86,448.7701101571849
8487,91,1,87,449.5192335363078
8488,91,1,88,169.57209056587678
8489,91,1,89,464.4982637302848
8490,91,1,90,165.0994254266637
8491,91,1,91,446.061311203113
8492,91,1,92,532.5028176889338
8493,91,1,93,455.9910880795777
8494,91,1,94,535.6801412541668
8495,91,1,95,540.3903208085497
8496,91,1,96,146.86937287644656
8497,91,1,97,442.3623047190363
8498,91,1,98,529.3933015478752
8499,91,1,99,158.97218904716888
8500,91,2,0,513.0527601855337
8501,91,2,1,475.94077859018347
8502,91,2,2,141.21568281809647
8503,91,2,3,148.35676000704072
8504,91,2,4,424.6651035008855
8505,91,2,5,497.43769204964445
8506,91,2,6,482.35295015532813
8507,91,2,7,521.0799444148008
8508,91,2,8,381.2968964993214
8509,91,2,9,454.3200191048202
8510,91,2,10,216.2697932098278
8511,91,2,11,127.81269182999425
8512,91,2,12,488.3334909927789
8513,91,2,13,164.25547229177647
8514,91,2,14,159.90627221625178
8515,91,2,15,154.87955524796564
8516,91,2,16,443.3015691479876
8517,91,2,17,175.92241270779843
8518,91,2,18,182.7009974147289
8519,91,2,19,191.47316940690456
8520,91,2,20,469.8278621949277
8521,91,2,21,123.99083783023482
8522,91,2,22,532.1540489688548
8523,91,2,23,449.6020084488473
8524,91,2,24,164.87798270616824
8525,91,2,25,501.8101857057387
8526,91,2,26,449.6349146284442
8527,91,2,27,474.944951346512
8528,91,2,28,456.05428630288895
8529,91,2,29,524.7171855676526
8530,91,2,30,534.1783045296428
8531,91,2,31,458.34290220639883
8532,91,2,32,531.0164663338821
8533,91,2,33,513.9724695023721
8534,91,2,34,131.9104379109542
8535,91,2,35,395.0216897735947
8536,91,2,36,218.6183935074541
8537,91,2,37,498.2244629951493
8538,91,2,38,502.59426671793295
8539,91,2,39,408.30821289883687
8540,91,2,40,148.23321193985763
8541,91,2,41,486.1051895423406
8542,91,2,42,144.7981958662603
8543,91,2,43,501.07436108063735
8544,91,2,44,148.30421749017745
8545,91,2,45,381.20896289956903
8546,91,2,46,442.01243907164627
8547,91,2,47,441.1417421660776
8548,91,2,48,114.87065450597825
8549,91,2,49,395.7007969535509
8550,91,2,50,399.3130352284871
8551,91,2,51,188.04658719848328
8552,91,2,52,495.19316095508555
8553,91,2,53,448.3390967288844
8554,91,2,54,505.6554516055625
8555,91,2,55,205.3105142100209
8556,91,2,56,451.0549144093845
8557,91,2,57,512.312554114744
8558,91,2,58,527.9030208518286
8559,91,2,59,152.718949764199
8560,91,2,60,513.9191906999993
8561,91,2,61,197.4285621732621
8562,91,2,62,139.876148730947
8563,91,2,63,477.05768496798345
8564,91,2,64,460.4109137128704
8565,91,2,65,379.16504082891754
8566,91,2,66,134.62508873476347
8567,91,2,67,172.93177200248033
8568,91,2,68,468.86821424488886
8569,91,2,69,382.8666608625188
8570,91,2,70,519.5614573710927
8571,91,2,71,438.4723975440549
8572,91,2,72,445.2771571094738
8573,91,2,73,148.19223876768376
8574,91,2,74,528.7928519181903
8575,91,2,75,487.95076029410825
8576,91,2,76,392.2492176057706
8577,91,2,77,510.6579983567665
8578,91,2,78,529.9857230404743
8579,91,2,79,493.7288129269618
8580,91,2,80,500.5002245261853
8581,91,2,81,142.9601490906184
8582,91,2,82,472.70590957033687
8583,91,2,83,429.0956408748786
8584,91,2,84,494.4677885585504
8585,91,2,85,386.63671246117184
8586,91,2,86,520.200490794751
8587,91,2,87,475.62422173830936
8588,91,2,88,115.15529198188248
8589,91,2,89,518.7223142602982
8590,91,2,90,226.67756414609633
8591,91,2,91,530.0569804678873
8592,91,2,92,490.9090535275615
8593,91,2,93,459.15561088791986
8594,91,2,94,458.1086255820476
8595,91,2,95,498.3958365865905
8596,91,2,96,404.0431436155218
8597,91,2,97,136.83078756463834
8598,91,2,98,486.1052594482774
8599,91,2,99,516.214492517721
8600,91,3,0,155.24281578139124
8601,91,3,1,453.989986293136
8602,91,3,2,490.42566944442393
8603,91,3,3,135.74384348464193
8604,91,3,4,67.285967166181
8605,91,3,5,375.7354227996884
8606,91,3,6,521.8941521949022
8607,91,3,7,388.2988444362755
8608,91,3,8,140.8376853169206
8609,91,3,9,383.8879930326186
8610,91,3,10,131.21952795384067
8611,91,3,11,63.467421005176206
8612,91,3,12,85.36708625893161
8613,91,3,13,383.544507303006
8614,91,3,14,64.71370932513292
8615,91,3,15,517.0108619971192
8616,91,3,16,152.55499505454998
8617,91,3,17,419.79030790930545
8618,91,3,18,116.18153669261172
8619,91,3,19,149.53160096579197
8620,91,3,20,95.29951912727512
8621,91,3,21,408.62341805527865
8622,91,3,22,534.063869535505
8623,91,3,23,399.95635069165627
8624,91,3,24,147.2568620425071
8625,91,3,25,399.05457631029066
8626,91,3,26,402.282552938657
8627,91,3,27,443.421458010589
8628,91,3,28,131.56795986701297
8629,91,3,29,379.2654474035969
8630,91,3,30,393.55536267305035
8631,91,3,31,429.7162740940084
8632,91,3,32,404.8200136725302
8633,91,3,33,408.85332542545785
8634,91,3,34,83.8250458544459
8635,91,3,35,427.27838067713657
8636,91,3,36,83.82291009751135
8637,91,3,37,473.9853337890719
8638,91,3,38,410.20448587060883
8639,91,3,39,127.14261558517214
8640,91,3,40,125.8493486526201
8641,91,3,41,121.05903834775599
8642,91,3,42,447.98932321882694
8643,91,3,43,135.7141000604228
8644,91,3,44,429.053647130835
8645,91,3,45,388.8621077737329
8646,91,3,46,534.3853262866025
8647,91,3,47,378.02661399126004
8648,91,3,48,89.8913280826277
8649,91,3,49,125.46224379529444
8650,91,3,50,145.09762583737412
8651,91,3,51,526.6544260368645
8652,91,3,52,452.29774823793707
8653,91,3,53,401.5021717112261
8654,91,3,54,460.19475029135987
8655,91,3,55,134.735915145914
8656,91,3,56,137.4716439005682
8657,91,3,57,439.8696224365716
8658,91,3,58,383.3452644665888
8659,91,3,59,419.85488145864844
8660,91,3,60,473.3866257648834
8661,91,3,61,394.85152312303177
8662,91,3,62,423.77069023474206
8663,91,3,63,505.65239349266864
8664,91,3,64,424.98490245012783
8665,91,3,65,464.28216205542844
8666,91,3,66,154.91667237812328
8667,91,3,67,533.6446785084955
8668,91,3,68,529.6908760396972
8669,91,3,69,362.3257719599075
8670,91,3,70,378.243428531017
8671,91,3,71,79.33073401724937
8672,91,3,72,441.03599651955784
8673,91,3,73,102.77600274301626
8674,91,3,74,154.1198168686248
8675,91,3,75,63.35399442813977
8676,91,3,76,86.98792156655296
8677,91,3,77,440.1078769038275
8678,91,3,78,495.4779855871201
8679,91,3,79,464.5157637387137
8680,91,3,80,428.9573642526657
8681,91,3,81,196.75940251904214
8682,91,3,82,361.19571400881847
8683,91,3,83,61.66330313481557
8684,91,3,84,184.05931997355336
8685,91,3,85,136.6729448492503
8686,91,3,86,446.2564747936074
8687,91,3,87,107.52298318337795
8688,91,3,88,504.2758930004291
8689,91,3,89,419.37867148417837
8690,91,3,90,393.31152559112587
8691,91,3,91,134.40999380698284
8692,91,3,92,368.10564644900234
8693,91,3,93,168.85403116445656
8694,91,3,94,474.4333205792114
8695,91,3,95,160.06212328714466
8696,91,3,96,103.69471718160051
8697,91,3,97,506.402910304147
8698,91,3,98,437.96465315674504
8699,91,3,99,468.50318831534264
8700,92,1,0,331.8234045264379
8701,92,1,1,270.21759960227297
8702,92,1,2,293.93167502144746
8703,92,1,3,405.2044881393154
8704,92,1,4,425.61672876694024
8705,92,1,5,292.92039260877795
8706,92,1,6,81.99129165299412
8707,92,1,7,72.49866110482071
8708,92,1,8,287.6065911820262
8709,92,1,9,340.83239844566367
8710,92,1,10,82.4070728385266
8711,92,1,11,244.23256405098837
8712,92,1,12,410.2056375540196
8713,92,1,13,237.90416687857604
8714,92,1,14,388.6177555467772
8715,92,1,15,61.75720679209192
8716,92,1,16,254.2201914038293
8717,92,1,17,91.70923076781398
8718,92,1,18,357.9911366396901
8719,92,1,19,332.4368053376217
8720,92,1,20,357.36182804993723
8721,92,1,21,243.83290565928255
8722,92,1,22,294.8342778763294
8723,92,1,23,370.62417587563755
8724,92,1,24,72.78584173984368
8725,92,1,25,350.2756466090666
8726,92,1,26,82.1041260820659
8727,92,1,27,96.47662985521733
8728,92,1,28,285.6186191610097
8729,92,1,29,282.0072764808037
8730,92,1,30,381.5316585955963
8731,92,1,31,273.739551317423
8732,92,1,32,368.7729011560937
8733,92,1,33,84.97552182170888
8734,92,1,34,407.4136375074845
8735,92,1,35,259.0830779702753
8736,92,1,36,325.291813037256
8737,92,1,37,118.29142419566067
8738,92,1,38,308.2846875760412
8739,92,1,39,241.52780107231564
8740,92,1,40,335.80271764671386
8741,92,1,41,324.2788039685666
8742,92,1,42,328.2221989500483
8743,92,1,43,336.5668268686737
8744,92,1,44,78.93063166303665
8745,92,1,45,283.8878396296214
8746,92,1,46,254.6797962852293
8747,92,1,47,329.2262949553268
8748,92,1,48,423.00003157386334
8749,92,1,49,249.15191033084656
8750,92,1,50,82.79425908535917
8751,92,1,51,368.0714439511732
8752,92,1,52,310.76405442647723
8753,92,1,53,72.3579334908389
8754,92,1,54,300.9699983126379
8755,92,1,55,95.93087605831852
8756,92,1,56,87.73013341101966
8757,92,1,57,228.36684351758555
8758,92,1,58,297.96701158285094
8759,92,1,59,230.66653490314607
8760,92,1,60,336.115651912055
8761,92,1,61,365.5207617766616
8762,92,1,62,69.46178708675109
8763,92,1,63,312.0926603518561
8764,92,1,64,365.7872538562737
8765,92,1,65,82.68795304041056
8766,92,1,66,317.09136084105114
8767,92,1,67,375.12512361186884
8768,92,1,68,427.2618754856375
8769,92,1,69,259.6862930808796
8770,92,1,70,297.15765616604205
8771,92,1,71,268.53567322295515
8772,92,1,72,341.115948459523
8773,92,1,73,403.7611137270642
8774,92,1,74,83.9453950543706
8775,92,1,75,386.21193760218074
8776,92,1,76,356.6578498471287
8777,92,1,77,259.86811290356513
8778,92,1,78,266.57515312154226
8779,92,1,79,330.1834358988106
8780,92,1,80,84.82111852336152
8781,92,1,81,82.4570787418485
8782,92,1,82,360.6985461727707
8783,92,1,83,336.12416895880517
8784,92,1,84,70.92092783928605
8785,92,1,85,72.44994833195747
8786,92,1,86,79.66790348870877
8787,92,1,87,83.84830705226803
8788,92,1,88,317.0011589187083
8789,92,1,89,359.29567975836716
8790,92,1,90,115.08761743425126
8791,92,1,91,373.4187253298918
8792,92,1,92,323.44704382886346
8793,92,1,93,333.0446613079457
8794,92,1,94,82.13825977383804
8795,92,1,95,347.3617713262329
8796,92,1,96,410.03893977407057
8797,92,1,97,117.10788632774847
8798,92,1,98,320.7232177972044
8799,92,1,99,350.1528769179331
8800,92,2,0,516.6743085406926
8801,92,2,1,493.3096265920888
8802,92,2,2,484.5062233697111
8803,92,2,3,303.5216449223794
8804,92,2,4,537.4991463538327
8805,92,2,5,489.76853124051587
8806,92,2,6,525.8291747246318
8807,92,2,7,489.821522438418
8808,92,2,8,530.5071405156652
8809,92,2,9,476.5748936184175
8810,92,2,10,531.7184761733746
8811,92,2,11,501.7324703554624
8812,92,2,12,482.84202783071333
8813,92,2,13,492.18729774668043
8814,92,2,14,506.6584635855585
8815,92,2,15,486.4020854547438
8816,92,2,16,474.74120022662004
8817,92,2,17,528.7547201080193
8818,92,2,18,491.9343590623842
8819,92,2,19,503.4810891003148
8820,92,2,20,505.5998755219202
8821,92,2,21,505.5273638329212
8822,92,2,22,320.060283289329
8823,92,2,23,518.4763273740591
8824,92,2,24,516.5699087445392
8825,92,2,25,493.13222897821345
8826,92,2,26,473.36616512662636
8827,92,2,27,503.34714076371057
8828,92,2,28,371.60461747725225
8829,92,2,29,492.9238513309832
8830,92,2,30,512.4934995422067
8831,92,2,31,296.901188689116
8832,92,2,32,322.2928705303627
8833,92,2,33,472.6689887542102
8834,92,2,34,492.4987218537191
8835,92,2,35,515.9178208627458
8836,92,2,36,523.6770488263804
8837,92,2,37,492.4435708339891
8838,92,2,38,316.9597448730553
8839,92,2,39,312.5542490053711
8840,92,2,40,304.2061891834319
8841,92,2,41,492.3468939477392
8842,92,2,42,517.1150006657954
8843,92,2,43,314.1463129634783
8844,92,2,44,513.1126038002864
8845,92,2,45,300.3530065481439
8846,92,2,46,492.2112086733755
8847,92,2,47,487.3482171277741
8848,92,2,48,333.70914486363836
8849,92,2,49,507.4774000564479
8850,92,2,50,511.16769325245957
8851,92,2,51,492.25422449773623
8852,92,2,52,488.7363384434318
8853,92,2,53,298.99249090568543
8854,92,2,54,487.2938196259298
8855,92,2,55,485.2190925685668
8856,92,2,56,512.8095270058527
8857,92,2,57,490.6343928252386
8858,92,2,58,523.5435164490248
8859,92,2,59,492.1831613312383
8860,92,2,60,519.1619448274981
8861,92,2,61,519.5265738431444
8862,92,2,62,519.4305331611351
8863,92,2,63,491.3617719393426
8864,92,2,64,522.0396860973984
8865,92,2,65,533.9053148938979
8866,92,2,66,492.22022694881457
8867,92,2,67,314.1812992125509
8868,92,2,68,322.9167841858498
8869,92,2,69,489.0933264256111
8870,92,2,70,493.2468361843321
8871,92,2,71,510.4236729161564
8872,92,2,72,527.7182372659794
8873,92,2,73,493.7720531911895
8874,92,2,74,535.0552941664276
8875,92,2,75,501.78922366849406
8876,92,2,76,494.8522530807933
8877,92,2,77,304.3947477035504
8878,92,2,78,499.812835416749
8879,92,2,79,300.4542970379009
8880,92,2,80,323.82445801227016
8881,92,2,81,493.0293728424475
8882,92,2,82,329.66222335135075
8883,92,2,83,290.13947220881056
8884,92,2,84,504.4523716817391
8885,92,2,85,536.5658311158438
8886,92,2,86,345.20834021089667
8887,92,2,87,497.7410451053876
8888,92,2,88,312.7107996464443
8889,92,2,89,491.8277809845572
8890,92,2,90,528.0983778073622
8891,92,2,91,302.1475155689909
8892,92,2,92,356.1698242537794
8893,92,2,93,324.0798662184952
8894,92,2,94,536.5936297503791
8895,92,2,95,492.1159961393282
8896,92,2,96,495.7954250610666
8897,92,2,97,486.06201478569335
8898,92,2,98,496.11597535599003
8899,92,2,99,492.0968274243817
8900,92,3,0,528.696807476086
8901,92,3,1,497.55216961413305
8902,92,3,2,481.1568286344364
8903,92,3,3,477.44215706749253
8904,92,3,4,485.11061561707487
8905,92,3,5,526.2696780645515
8906,92,3,6,492.88150581611654
8907,92,3,7,482.84647994551733
8908,92,3,8,492.6497027154896
8909,92,3,9,491.4670681670396
8910,92,3,10,492.04474727907217
8911,92,3,11,492.26188403464835
8912,92,3,12,517.2226798500133
8913,92,3,13,492.2110497591995
8914,92,3,14,272.770790049563
8915,92,3,15,479.6078481097656
8916,92,3,16,249.4006601613257
8917,92,3,17,486.93506288930513
8918,92,3,18,300.5084934918256
8919,92,3,19,487.16483164126066
8920,92,3,20,356.3801039814315
8921,92,3,21,535.1219274478009
8922,92,3,22,475.4503786143507
8923,92,3,23,519.3655971688779
8924,92,3,24,509.8232410893059
8925,92,3,25,493.1457076353048
8926,92,3,26,524.6250001633032
8927,92,3,27,329.94065874541974
8928,92,3,28,476.16457322901056
8929,92,3,29,311.16531254551273
8930,92,3,30,530.735587964596
8931,92,3,31,496.85844763522545
8932,92,3,32,351.00336034816047
8933,92,3,33,525.6247294924816
8934,92,3,34,480.6055503674993
8935,92,3,35,489.4104776835299
8936,92,3,36,293.6407559236136
8937,92,3,37,487.28226355354235
8938,92,3,38,492.19365421316087
8939,92,3,39,498.8434998861224
8940,92,3,40,527.0007699824746
8941,92,3,41,510.59346721087155
8942,92,3,42,491.0632967419298
8943,92,3,43,530.6781669459119
8944,92,3,44,532.7855333700323
8945,92,3,45,479.93814983443383
8946,92,3,46,480.4960823681408
8947,92,3,47,505.8315906415074
8948,92,3,48,311.61302079001297
8949,92,3,49,308.41338769131335
8950,92,3,50,471.78975787736437
8951,92,3,51,497.59146577311
8952,92,3,52,536.4001199590464
8953,92,3,53,494.7854956190711
8954,92,3,54,301.08594778409054
8955,92,3,55,490.8492324354719
8956,92,3,56,491.46746812767685
8957,92,3,57,492.1116733261393
8958,92,3,58,530.9305789680577
8959,92,3,59,520.471601280268
8960,92,3,60,506.56609845939096
8961,92,3,61,302.83075858132105
8962,92,3,62,494.3105403398687
8963,92,3,63,492.17995185749686
8964,92,3,64,309.012209161993
8965,92,3,65,535.1108643225905
8966,92,3,66,498.56517316115026
8967,92,3,67,494.0125481967384
8968,92,3,68,513.1339761409758
8969,92,3,69,482.7263644997269
8970,92,3,70,484.53982788845514
8971,92,3,71,321.23260411132355
8972,92,3,72,303.3269141622745
8973,92,3,73,322.0231729552892
8974,92,3,74,281.5479025639898
8975,92,3,75,492.63753324684143
8976,92,3,76,500.2862742471194
8977,92,3,77,530.1339569516699
8978,92,3,78,531.4799461554547
8979,92,3,79,496.5216988157656
8980,92,3,80,494.99565949692834
8981,92,3,81,333.9239317583066
8982,92,3,82,303.3798509311178
8983,92,3,83,496.1470816890674
8984,92,3,84,479.0695016001183
8985,92,3,85,485.0143958770598
8986,92,3,86,501.3737556515672
8987,92,3,87,296.5268033448987
8988,92,3,88,494.97634973935703
8989,92,3,89,501.0074478500886
8990,92,3,90,500.90446966631083
8991,92,3,91,516.3063208692527
8992,92,3,92,364.6127560860808
8993,92,3,93,534.3787149095552
8994,92,3,94,481.1939629689715
8995,92,3,95,506.6500460561239
8996,92,3,96,297.73306109267924
8997,92,3,97,507.169328679355
8998,92,3,98,301.23554816523125
8999,92,3,99,303.3933082290301
9000,94,1,0,141.28354744720693
9001,94,1,1,105.72783042551951
9002,94,1,2,163.01264893248836
9003,94,1,3,112.81840583676372
9004,94,1,4,175.7777514592776
9005,94,1,5,146.4190890668815
9006,94,1,6,105.69589111169452
9007,94,1,7,150.0089195922692
9008,94,1,8,204.3685989744747
9009,94,1,9,144.3420046610305
9010,94,1,10,157.8094668635433
9011,94,1,11,146.86887605116024
9012,94,1,12,104.17408967078761
9013,94,1,13,185.40909340135408
9014,94,1,14,118.145760285912
9015,94,1,15,133.3616826488803
9016,94,1,16,152.60134131105028
9017,94,1,17,126.70982767847156
9018,94,1,18,117.25528799540014
9019,94,1,19,167.95298180420153
9020,94,1,20,167.08787855918203
9021,94,1,21,165.50792249942498
9022,94,1,22,152.8638649023685
9023,94,1,23,138.99376578043302
9024,94,1,24,127.18306580634211
9025,94,1,25,98.47040143392708
9026,94,1,26,167.12660785056963
9027,94,1,27,141.17281496784543
9028,94,1,28,136.01860202240604
9029,94,1,29,137.7177374394606
9030,94,1,30,147.71701392717392
9031,94,1,31,203.38963135256068
9032,94,1,32,205.03136165542867
9033,94,1,33,162.853942003759
9034,94,1,34,159.2105697388759
9035,94,1,35,138.17853337201086
9036,94,1,36,145.31626108567895
9037,94,1,37,99.05162772322859
9038,94,1,38,137.02685745483342
9039,94,1,39,112.62202241326425
9040,94,1,40,104.66519755887715
9041,94,1,41,105.36322489967117
9042,94,1,42,175.355550350518
9043,94,1,43,141.57906593863774
9044,94,1,44,112.8959039651386
9045,94,1,45,165.25721577051368
9046,94,1,46,146.6456126328519
9047,94,1,47,150.7931150860971
9048,94,1,48,183.30324485568474
9049,94,1,49,133.00204620903853
9050,94,1,50,157.6477044327702
9051,94,1,51,149.64534821186865
9052,94,1,52,145.63511640287044
9053,94,1,53,145.30010403884503
9054,94,1,54,154.4066162336907
9055,94,1,55,103.8135612949841
9056,94,1,56,151.41414450906206
9057,94,1,57,161.71038343196753
9058,94,1,58,143.44978201779017
9059,94,1,59,158.1749839622962
9060,94,1,60,127.58953278173915
9061,94,1,61,147.91109266215025
9062,94,1,62,145.66282264022777
9063,94,1,63,175.52500044067864
9064,94,1,64,132.342057307037
9065,94,1,65,98.94580430864622
9066,94,1,66,189.29509432621407
9067,94,1,67,153.05979140750128
9068,94,1,68,137.64350261652362
9069,94,1,69,128.30861165244934
9070,94,1,70,133.20808851821232
9071,94,1,71,162.86944866323566
9072,94,1,72,204.39882327970776
9073,94,1,73,197.19781170930534
9074,94,1,74,156.7772766224657
9075,94,1,75,191.24250786167377
9076,94,1,76,137.20149232778905
9077,94,1,77,159.0316122495318
9078,94,1,78,144.58693447586182
9079,94,1,79,205.04350673424184
9080,94,1,80,162.55103388474444
9081,94,1,81,119.00022468947517
9082,94,1,82,164.6643712626595
9083,94,1,83,104.26464689400649
9084,94,1,84,97.4912781287872
9085,94,1,85,135.9221843448652
9086,94,1,86,154.65376974245717
9087,94,1,87,193.09068747906673
9088,94,1,88,97.85401734015565
9089,94,1,89,150.79459282250582
9090,94,1,90,157.22649562803045
9091,94,1,91,111.95884461095808
9092,94,1,92,145.79769643019426
9093,94,1,93,155.83176364932294
9094,94,1,94,160.96476898152002
9095,94,1,95,161.96942197174772
9096,94,1,96,190.96441446084845
9097,94,1,97,161.12217322063123
9098,94,1,98,137.13878833426483
9099,94,1,99,162.28137722269173
9100,94,2,0,122.56149429928904
9101,94,2,1,101.90401564960634
9102,94,2,2,108.48511035047197
9103,94,2,3,110.38265419965
9104,94,2,4,69.5694375792892
9105,94,2,5,107.1114168870262
9106,94,2,6,156.7459985003421
9107,94,2,7,69.43498772387147
9108,94,2,8,82.70813580500145
9109,94,2,9,154.9499094334366
9110,94,2,10,93.43312524123803
9111,94,2,11,146.2599405645378
9112,94,2,12,117.96928081059413
9113,94,2,13,164.8499889639727
9114,94,2,14,97.50481328137516
9115,94,2,15,129.32160680432432
9116,94,2,16,101.31818092400417
9117,94,2,17,161.9408291229597
9118,94,2,18,188.44449730746993
9119,94,2,19,161.35303741359292
9120,94,2,20,85.07132424872037
9121,94,2,21,67.0077438753727
9122,94,2,22,162.23681265788187
9123,94,2,23,168.7706802243559
9124,94,2,24,101.8683019190684
9125,94,2,25,83.08178823324366
9126,94,2,26,89.43419910135334
9127,94,2,27,151.39952786939602
9128,94,2,28,88.01188505384718
9129,94,2,29,152.1031442440674
9130,94,2,30,63.08666243031106
9131,94,2,31,157.976454066458
9132,94,2,32,101.71846175835749
9133,94,2,33,81.01513588305062
9134,94,2,34,127.38727202418632
9135,94,2,35,153.1914578233123
9136,94,2,36,162.4839523860608
9137,94,2,37,100.06222107562206
9138,94,2,38,76.51146170647412
9139,94,2,39,75.38299599590712
9140,94,2,40,127.4697209220529
9141,94,2,41,76.08755113627417
9142,94,2,42,93.34991877765093
9143,94,2,43,153.18772774184913
9144,94,2,44,160.7723266556977
9145,94,2,45,87.49851115960982
9146,94,2,46,141.4083862006194
9147,94,2,47,79.29067267983746
9148,94,2,48,91.27183236493822
9149,94,2,49,86.32872993845409
9150,94,2,50,80.86623261439235
9151,94,2,51,81.75614171079926
9152,94,2,52,104.68236159854878
9153,94,2,53,82.01977209418054
9154,94,2,54,81.78557564955075
9155,94,2,55,133.01533999206944
9156,94,2,56,80.59725139270112
9157,94,2,57,159.7880252733666
9158,94,2,58,64.68331663354961
9159,94,2,59,151.46263217307313
9160,94,2,60,165.05631630630776
9161,94,2,61,174.26002670210778
9162,94,2,62,172.69415120813082
9163,94,2,63,109.77335228507037
9164,94,2,64,67.19364363485187
9165,94,2,65,84.11294159771957
9166,94,2,66,106.72023230418436
9167,94,2,67,160.16064440680532
9168,94,2,68,165.33602390209305
9169,94,2,69,109.0077501702299
9170,94,2,70,162.51196482944792
9171,94,2,71,63.42073380105819
9172,94,2,72,102.60265474578789
9173,94,2,73,88.54420011605576
9174,94,2,74,118.50433947395035
9175,94,2,75,132.66714412085477
9176,94,2,76,206.7834013035345
9177,94,2,77,193.59676330079435
9178,94,2,78,82.24826961327769
9179,94,2,79,64.70232396801846
9180,94,2,80,159.61336763404316
9181,94,2,81,172.5756792799389
9182,94,2,82,159.45076592833658
9183,94,2,83,144.86524342296408
9184,94,2,84,154.00727114760235
9185,94,2,85,67.93392740875262
9186,94,2,86,96.5515908813654
9187,94,2,87,134.11218744402763
9188,94,2,88,136.50895650569015
9189,94,2,89,66.54929669301195
9190,94,2,90,79.64999004104473
9191,94,2,91,114.75356040194158
9192,94,2,92,82.98761248622021
9193,94,2,93,90.28070397036805
9194,94,2,94,81.3756934660744
9195,94,2,95,77.21408632297805
9196,94,2,96,117.35601130880696
9197,94,2,97,166.45870264556103
9198,94,2,98,80.06140196181195
9199,94,2,99,113.69451144948576
9200,94,3,0,511.6810782582415
9201,94,3,1,457.62680723432504
9202,94,3,2,458.96862699688575
9203,94,3,3,297.53419609390386
9204,94,3,4,317.34003328722065
9205,94,3,5,291.4004685139191
9206,94,3,6,420.1036028055271
9207,94,3,7,242.17720093152437
9208,94,3,8,342.80815178051205
9209,94,3,9,458.46357960228033
9210,94,3,10,344.153645701943
9211,94,3,11,454.11975148891213
9212,94,3,12,358.01835455166815
9213,94,3,13,433.51016741505117
9214,94,3,14,463.28038108738883
9215,94,3,15,360.15141078586663
9216,94,3,16,484.81691880567575
9217,94,3,17,522.5951975692174
9218,94,3,18,324.80961388486946
9219,94,3,19,462.9647956469249
9220,94,3,20,462.4555307176878
9221,94,3,21,459.2480241498409
9222,94,3,22,306.28306364181594
9223,94,3,23,508.17885024158977
9224,94,3,24,422.26448591350095
9225,94,3,25,343.4342206801087
9226,94,3,26,475.2475260451334
9227,94,3,27,378.0766366051822
9228,94,3,28,408.06057369931005
9229,94,3,29,437.80631919387014
9230,94,3,30,310.2040622637055
9231,94,3,31,455.62892920136403
9232,94,3,32,295.66423480305014
9233,94,3,33,311.58053889771764
9234,94,3,34,488.36322101797253
9235,94,3,35,491.99709957947226
9236,94,3,36,343.57716027154396
9237,94,3,37,325.3168145764173
9238,94,3,38,419.8932494070225
9239,94,3,39,459.0296711300797
9240,94,3,40,326.56341091977686
9241,94,3,41,490.6391510949935
9242,94,3,42,298.256262923554
9243,94,3,43,500.7993975245778
9244,94,3,44,313.8166773668676
9245,94,3,45,480.77739429476077
9246,94,3,46,369.1238269337571
9247,94,3,47,503.0508898003915
9248,94,3,48,338.1814305954298
9249,94,3,49,478.484616298315
9250,94,3,50,513.1943902240049
9251,94,3,51,454.36175458338874
9252,94,3,52,462.7685229116292
9253,94,3,53,525.3846183985567
9254,94,3,54,435.28177013649685
9255,94,3,55,272.98461581984543
9256,94,3,56,414.8272064746292
9257,94,3,57,500.30103524344236
9258,94,3,58,312.7545171212132
9259,94,3,59,460.8825654724413
9260,94,3,60,304.1631836551401
9261,94,3,61,502.00409575410816
9262,94,3,62,508.8192110349858
9263,94,3,63,497.19130702236066
9264,94,3,64,438.0539385052684
9265,94,3,65,535.7316462245439
9266,94,3,66,367.64523710227826
9267,94,3,67,302.4597446817552
9268,94,3,68,513.7032694195092
9269,94,3,69,498.23719441208715
9270,94,3,70,493.45060857191186
9271,94,3,71,515.1036422416407
9272,94,3,72,308.7863813752681
9273,94,3,73,535.7014795913516
9274,94,3,74,439.9262979455456
9275,94,3,75,377.2592449621272
9276,94,3,76,317.71623752929327
9277,94,3,77,430.521749445463
9278,94,3,78,462.09975705199946
9279,94,3,79,485.40975583535896
9280,94,3,80,440.10058175911814
9281,94,3,81,446.89217769844976
9282,94,3,82,449.25922358971826
9283,94,3,83,533.7105708739182
9284,94,3,84,471.5422455877577
9285,94,3,85,534.4301227717195
9286,94,3,86,532.1752746985381
9287,94,3,87,315.0497770776012
9288,94,3,88,339.6580966396337
9289,94,3,89,493.064301341659
9290,94,3,90,454.35399772996067
9291,94,3,91,532.8325692164017
9292,94,3,92,347.5691220164534
9293,94,3,93,526.4258375697545
9294,94,3,94,287.0861546724673
9295,94,3,95,444.4760630444182
9296,94,3,96,531.6966033750067
9297,94,3,97,428.63263854226443
9298,94,3,98,452.6959700298351
9299,94,3,99,304.9418684606492
9300,99,1,0,201.2034676027547
9301,99,1,1,106.379782201843
9302,99,1,2,89.89114751744903
9303,99,1,3,192.9451547794646
9304,99,1,4,199.10412359012295
9305,99,1,5,93.87254514920917
9306,99,1,6,185.14626018082512
9307,99,1,7,112.4572556692758
9308,99,1,8,211.73437316988762
9309,99,1,9,199.38865764847003
9310,99,1,10,190.66612510254987
9311,99,1,11,197.51470248308084
9312,99,1,12,189.15444304513775
9313,99,1,13,67.15254994885217
9314,99,1,14,216.0145598386372
9315,99,1,15,186.9977121861976
9316,99,1,16,235.1504484187625
9317,99,1,17,117.09843483346638
9318,99,1,18,106.20060629093955
9319,99,1,19,105.23924207262966
9320,99,1,20,102.9515745973883
9321,99,1,21,86.44594601453461
9322,99,1,22,476.0707779027165
9323,99,1,23,195.0721920150108
9324,99,1,24,126.97638910027284
9325,99,1,25,201.86865255469004
9326,99,1,26,121.177988500643
9327,99,1,27,90.99893496294729
9328,99,1,28,188.7396451880513
9329,99,1,29,250.62141310064152
9330,99,1,30,124.0050456525082
9331,99,1,31,394.8157169829469
9332,99,1,32,114.80937277880837
9333,99,1,33,117.75254819361044
9334,99,1,34,189.36081275659134
9335,99,1,35,114.14623703470959
9336,99,1,36,86.5168522578448
9337,99,1,37,111.29153936172256
9338,99,1,38,219.0278910191724
9339,99,1,39,193.68957730691685
9340,99,1,40,188.94966101199543
9341,99,1,41,101.83050844910343
9342,99,1,42,193.8726898210091
9343,99,1,43,65.42187401895637
9344,99,1,44,193.52094344564307
9345,99,1,45,239.06413351159932
9346,99,1,46,98.03800039905983
9347,99,1,47,202.4760732019325
9348,99,1,48,122.89332916491146
9349,99,1,49,202.65437358491616
9350,99,1,50,184.6399336981234
9351,99,1,51,204.66954042008726
9352,99,1,52,95.14309471607815
9353,99,1,53,122.09815718089332
9354,99,1,54,202.93685689946733
9355,99,1,55,187.48858495464552
9356,99,1,56,196.35252156868054
9357,99,1,57,83.84057003879613
9358,99,1,58,227.85358305950496
9359,99,1,59,221.165061515826
9360,99,1,60,108.73980911930217
9361,99,1,61,196.04521654950167
9362,99,1,62,189.84533283257568
9363,99,1,63,150.1597283084055
9364,99,1,64,96.75092451264445
9365,99,1,65,213.52685879723717
9366,99,1,66,198.52156657436456
9367,99,1,67,118.80938883431578
9368,99,1,68,187.90669870343598
9369,99,1,69,98.00620727283706
9370,99,1,70,212.79880023946777
9371,99,1,71,73.91142636310659
9372,99,1,72,98.6916081438248
9373,99,1,73,208.7201334947844
9374,99,1,74,392.2684979569845
9375,99,1,75,70.02549430159168
9376,99,1,76,120.02495767165837
9377,99,1,77,111.44171948311248
9378,99,1,78,128.40813487424978
9379,99,1,79,102.41618691906378
9380,99,1,80,112.76266566649201
9381,99,1,81,192.12409443005808
9382,99,1,82,199.73238020768787
9383,99,1,83,107.60410062732893
9384,99,1,84,190.40468145649936
9385,99,1,85,79.47997422145724
9386,99,1,86,119.92473338489509
9387,99,1,87,94.91168111011818
9388,99,1,88,188.77026451274233
9389,99,1,89,190.12205755322805
9390,99,1,90,129.93790100799467
9391,99,1,91,216.09888674113068
9392,99,1,92,195.4013463534647
9393,99,1,93,88.38430045184795
9394,99,1,94,124.64143719626595
9395,99,1,95,116.67650398205804
9396,99,1,96,204.47777504001513
9397,99,1,97,200.95696719552623
9398,99,1,98,87.16706563942377
9399,99,1,99,203.69223786980038
9400,99,2,0,209.8992122556298
9401,99,2,1,196.98679061045516
9402,99,2,2,237.74161223848546
9403,99,2,3,200.9605056570217
9404,99,2,4,186.74705817211526
9405,99,2,5,107.41342453346769
9406,99,2,6,200.59039055211798
9407,99,2,7,236.7848185018498
9408,99,2,8,235.43351525929575
9409,99,2,9,234.63612667845084
9410,99,2,10,187.63845665587735
9411,99,2,11,96.09953264810416
9412,99,2,12,220.18538320630313
9413,99,2,13,221.6877295829012
9414,99,2,14,189.47481313967194
9415,99,2,15,242.07404266243114
9416,99,2,16,189.1902241560661
9417,99,2,17,197.17363947114578
9418,99,2,18,189.819447221916
9419,99,2,19,193.79669763700883
9420,99,2,20,234.81156920839487
9421,99,2,21,124.10110369731073
9422,99,2,22,196.9849270584165
9423,99,2,23,191.265050306757
9424,99,2,24,208.5487008659494
9425,99,2,25,226.0730037019767
9426,99,2,26,199.89332219145578
9427,99,2,27,189.60172384773017
9428,99,2,28,215.72407714213833
9429,99,2,29,233.9270313988224
9430,99,2,30,231.77584391745688
9431,99,2,31,193.95677059985536
9432,99,2,32,195.31303697225215
9433,99,2,33,211.44286936731766
9434,99,2,34,195.19452975662355
9435,99,2,35,196.62891723315
9436,99,2,36,189.01184101039726
9437,99,2,37,188.92979452962848
9438,99,2,38,238.17699407656207
9439,99,2,39,233.9913991779227
9440,99,2,40,190.0811334052146
9441,99,2,41,191.34407828443435
9442,99,2,42,188.37465133567218
9443,99,2,43,186.76644363877259
9444,99,2,44,218.50178527133403
9445,99,2,45,235.00584677613284
9446,99,2,46,205.85835165491974
9447,99,2,47,192.72407495598088
9448,99,2,48,196.27346537815907
9449,99,2,49,196.10894239208966
9450,99,2,50,187.45753046621473
9451,99,2,51,195.9091886922854
9452,99,2,52,72.10397033349503
9453,99,2,53,207.04537933353706
9454,99,2,54,199.58222340667385
9455,99,2,55,199.90474684147134
9456,99,2,56,230.36180146059272
9457,99,2,57,193.4504587321181
9458,99,2,58,209.51893544464357
9459,99,2,59,188.6247707709216
9460,99,2,60,201.88488419559133
9461,99,2,61,203.20930990336802
9462,99,2,62,190.71423047451862
9463,99,2,63,220.38398641880968
9464,99,2,64,232.7805528069286
9465,99,2,65,190.54267670195455
9466,99,2,66,196.36172648890266
9467,99,2,67,186.80463940349446
9468,99,2,68,191.20382350243796
9469,99,2,69,197.2176201709038
9470,99,2,70,227.26354008085707
9471,99,2,71,193.03999547382716
9472,99,2,72,202.85080615220937
9473,99,2,73,238.46696533143614
9474,99,2,74,194.25337357832382
9475,99,2,75,193.1042420080367
9476,99,2,76,189.26572395727857
9477,99,2,77,227.11246596169428
9478,99,2,78,69.01898319989115
9479,99,2,79,225.21205170450088
9480,99,2,80,185.67193008811546
9481,99,2,81,105.03399165676697
9482,99,2,82,234.7336196518223
9483,99,2,83,100.03924919648308
9484,99,2,84,200.41891755284314
9485,99,2,85,204.71413105424455
9486,99,2,86,188.66906195600941
9487,99,2,87,217.03095506412566
9488,99,2,88,233.85205119533254
9489,99,2,89,143.2777649126585
9490,99,2,90,240.67149524768016
9491,99,2,91,189.03748815332563
9492,99,2,92,230.23750949132892
9493,99,2,93,190.39359490950523
9494,99,2,94,231.7175543161902
9495,99,2,95,197.59311430365173
9496,99,2,96,202.2575154296065
9497,99,2,97,198.52552329041842
9498,99,2,98,195.93745652244596
9499,99,2,99,191.78449262132025
9500,99,3,0,448.9909292743997
9501,99,3,1,444.99372753365355
9502,99,3,2,454.2114896516996
9503,99,3,3,432.8729428554024
9504,99,3,4,460.0174938267812
9505,99,3,5,455.0574376088542
9506,99,3,6,460.0507957932999
9507,99,3,7,503.1296666841951
9508,99,3,8,469.18960087918384
9509,99,3,9,436.86625504541905
9510,99,3,10,445.60675034301505
9511,99,3,11,444.1443589201626
9512,99,3,12,410.45397396019735
9513,99,3,13,445.4416222697542
9514,99,3,14,435.3881203161034
9515,99,3,15,416.8022903908287
9516,99,3,16,394.7059124349381
9517,99,3,17,395.6008961609397
9518,99,3,18,488.0041813597758
9519,99,3,19,430.5304863711936
9520,99,3,20,448.49307340670265
9521,99,3,21,405.43088853246996
9522,99,3,22,394.8467695598288
9523,99,3,23,422.82874156548047
9524,99,3,24,442.62297722086373
9525,99,3,25,425.5678794939263
9526,99,3,26,446.85161958060127
9527,99,3,27,462.1841660035984
9528,99,3,28,453.6126138389648
9529,99,3,29,413.6007475005714
9530,99,3,30,416.58914093716766
9531,99,3,31,466.4391301324762
9532,99,3,32,438.1016693157173
9533,99,3,33,487.63498226299305
9534,99,3,34,455.428226145044
9535,99,3,35,450.78291209210056
9536,99,3,36,484.8691554343997
9537,99,3,37,456.2418563285799
9538,99,3,38,445.61216038616084
9539,99,3,39,471.91494408359034
9540,99,3,40,473.5973250533939
9541,99,3,41,442.73572366746606
9542,99,3,42,436.25006348950376
9543,99,3,43,490.1404757195508
9544,99,3,44,450.13811556567845
9545,99,3,45,452.3747950858961
9546,99,3,46,458.9779562706136
9547,99,3,47,461.9390999520323
9548,99,3,48,494.4076691098063
9549,99,3,49,481.85383699759063
9550,99,3,50,455.04420105811596
9551,99,3,51,437.2368281710883
9552,99,3,52,452.06265770006274
9553,99,3,53,428.68447102366844
9554,99,3,54,502.6092700303029
9555,99,3,55,439.12533692771285
9556,99,3,56,487.38855298492564
9557,99,3,57,448.33276076144483
9558,99,3,58,424.63084405304124
9559,99,3,59,459.6025377971455
9560,99,3,60,436.15184578659256
9561,99,3,61,457.03708399303946
9562,99,3,62,444.2531658340998
9563,99,3,63,434.340393410466
9564,99,3,64,395.70419662914276
9565,99,3,65,451.9856589608966
9566,99,3,66,453.35503429752947
9567,99,3,67,462.6660293320028
9568,99,3,68,473.27086310838666
9569,99,3,69,432.9015317700406
9570,99,3,70,492.0300900664336
9571,99,3,71,396.51658721172214
9572,99,3,72,432.7840552293734
9573,99,3,73,395.5074986439805
9574,99,3,74,450.09785788016063
9575,99,3,75,409.6391994855102
9576,99,3,76,409.21735221532094
9577,99,3,77,454.05893268049846
9578,99,3,78,409.8216665329345
9579,99,3,79,456.78102444883814
9580,99,3,80,444.9552998196639
9581,99,3,81,424.462883216193
9582,99,3,82,461.8089327317607
9583,99,3,83,447.75397541681207
9584,99,3,84,459.192096597917
9585,99,3,85,442.7107918855751
9586,99,3,86,409.37539298879074
9587,99,3,87,412.1711928929287
9588,99,3,88,459.6529791544497
9589,99,3,89,469.95315730915223
9590,99,3,90,489.4873499544126
9591,99,3,91,488.71143134155506
9592,99,3,92,448.38502712111904
9593,99,3,93,445.59263529389364
9594,99,3,94,488.21702470557136
9595,99,3,95,423.9622322283244
9596,99,3,96,448.9917567783642
9597,99,3,97,430.748828853367
9598,99,3,98,433.34452081017116
9599,99,3,99,495.86793692250603
9600,104,1,0,369.35238756134083
9601,104,1,1,111.80070295187932
9602,104,1,2,439.3258045850326
9603,104,1,3,356.40152064846757
9604,104,1,4,407.3504933179529
9605,104,1,5,387.8801968462119
9606,104,1,6,145.97613327902488
9607,104,1,7,339.80373807070686
9608,104,1,8,350.29113965217806
9609,104,1,9,351.62923558880965
9610,104,1,10,382.3045131170199
9611,104,1,11,373.78399685063226
9612,104,1,12,346.56790771752406
9613,104,1,13,377.5934950263337
9614,104,1,14,420.8392613404668
9615,104,1,15,189.11632021086075
9616,104,1,16,235.85142039946464
9617,104,1,17,456.25980743661074
9618,104,1,18,344.2901072003831
9619,104,1,19,429.5293295407537
9620,104,1,20,344.69778911287125
9621,104,1,21,394.68169262565686
9622,104,1,22,185.63533499038374
9623,104,1,23,437.17195514140803
9624,104,1,24,62.39497532763107
9625,104,1,25,194.05542950561914
9626,104,1,26,167.27530030912033
9627,104,1,27,70.44146826606773
9628,104,1,28,352.9854218631304
9629,104,1,29,377.90205794966164
9630,104,1,30,404.21716672290296
9631,104,1,31,146.77731046810501
9632,104,1,32,130.87820825503087
9633,104,1,33,267.49139971925166
9634,104,1,34,346.8766929179963
9635,104,1,35,345.1422321359317
9636,104,1,36,178.24899604899056
9637,104,1,37,160.40609928525535
9638,104,1,38,415.61342710741013
9639,104,1,39,373.8666291955088
9640,104,1,40,354.38142682870495
9641,104,1,41,349.29644534040926
9642,104,1,42,353.36649024924793
9643,104,1,43,383.2776334471719
9644,104,1,44,433.55344520956083
9645,104,1,45,146.9967340098187
9646,104,1,46,430.3259243354218
9647,104,1,47,405.0012826453987
9648,104,1,48,81.27958574086375
9649,104,1,49,131.92194249072458
9650,104,1,50,382.2901869805534
9651,104,1,51,430.58829107571967
9652,104,1,52,396.739014450227
9653,104,1,53,158.81631065299197
9654,104,1,54,249.05312634766287
9655,104,1,55,146.4158282080387
9656,104,1,56,160.94282502228347
9657,104,1,57,410.66131272841756
9658,104,1,58,430.6853099827305
9659,104,1,59,351.6148585526256
9660,104,1,60,377.4829584103333
9661,104,1,61,127.82426590713092
9662,104,1,62,258.3900373494304
9663,104,1,63,264.467937137408
9664,104,1,64,77.00474532480308
9665,104,1,65,412.8291362275913
9666,104,1,66,435.28415416316295
9667,104,1,67,351.95661228917896
9668,104,1,68,343.2061941293151
9669,104,1,69,367.535825170812
9670,104,1,70,138.12617378617207
9671,104,1,71,377.8459030165782
9672,104,1,72,345.2619939333208
9673,104,1,73,369.6404454470547
9674,104,1,74,90.18317401258962
9675,104,1,75,189.75334483407914
9676,104,1,76,241.64878598876882
9677,104,1,77,351.8467224726624
9678,104,1,78,351.068366456503
9679,104,1,79,185.54853914703298
9680,104,1,80,266.9173235089599
9681,104,1,81,207.1464390715494
9682,104,1,82,98.52147856445038
9683,104,1,83,405.1497509808702
9684,104,1,84,373.2052107203647
9685,104,1,85,116.42111369063811
9686,104,1,86,359.47475068303606
9687,104,1,87,271.73724936433365
9688,104,1,88,347.27402502788084
9689,104,1,89,271.5013442383414
9690,104,1,90,355.67498994482696
9691,104,1,91,411.37430794139607
9692,104,1,92,350.784675070093
9693,104,1,93,269.3600516096017
9694,104,1,94,406.360596918806
9695,104,1,95,341.2196147982506
9696,104,1,96,431.0726055563735
9697,104,1,97,429.16690034206863
9698,104,1,98,396.2160077018936
9699,104,1,99,160.6026844477825
9700,104,2,0,126.88474527512219
9701,104,2,1,139.24959464078046
9702,104,2,2,201.30118898740108
9703,104,2,3,166.47380366435547
9704,104,2,4,147.12770079963892
9705,104,2,5,143.24992102811777
9706,104,2,6,153.86598857372363
9707,104,2,7,90.66033878355078
9708,104,2,8,66.43890024395388
9709,104,2,9,122.15307746602096
9710,104,2,10,173.21616065704885
9711,104,2,11,142.7133702667781
9712,104,2,12,78.27013422893488
9713,104,2,13,137.3648885933966
9714,104,2,14,180.69116705693608
9715,104,2,15,178.8890105032371
9716,104,2,16,208.3065922948549
9717,104,2,17,192.96224225984233
9718,104,2,18,127.56632179443265
9719,104,2,19,445.74915322995605
9720,104,2,20,180.57284830462183
9721,104,2,21,163.83361213620276
9722,104,2,22,160.34629248463762
9723,104,2,23,189.71265864796854
9724,104,2,24,177.3394094087062
9725,104,2,25,193.2485311202174
9726,104,2,26,163.18458601625863
9727,104,2,27,183.3819835301793
9728,104,2,28,154.40379395092603
9729,104,2,29,151.7378460173068
9730,104,2,30,124.23223627027953
9731,104,2,31,185.74322334142937
9732,104,2,32,142.96449136097647
9733,104,2,33,163.92490839400145
9734,104,2,34,184.90276963953173
9735,104,2,35,91.83461951416504
9736,104,2,36,144.02605167611338
9737,104,2,37,77.60497180440282
9738,104,2,38,116.14595007481279
9739,104,2,39,195.16172465911097
9740,104,2,40,157.43721276308997
9741,104,2,41,182.17696650586376
9742,104,2,42,165.6039619923504
9743,104,2,43,70.17681371012259
9744,104,2,44,123.31831919114218
9745,104,2,45,68.51795978097559
9746,104,2,46,122.5377470175918
9747,104,2,47,143.26715276201043
9748,104,2,48,190.78974163962755
9749,104,2,49,150.0611359158828
9750,104,2,50,180.71134101655628
9751,104,2,51,153.48341886859137
9752,104,2,52,192.5607823716703
9753,104,2,53,137.4589811601058
9754,104,2,54,200.7419463290351
9755,104,2,55,165.91691148849497
9756,104,2,56,118.99788000454866
9757,104,2,57,193.25774806207184
9758,104,2,58,165.9766811935986
9759,104,2,59,191.4669912175298
9760,104,2,60,153.17673963377135
9761,104,2,61,175.1450870042908
9762,104,2,62,110.23271531443058
9763,104,2,63,130.9660471263639
9764,104,2,64,177.5878519540394
9765,104,2,65,190.94967480850812
9766,104,2,66,194.01368022917362
9767,104,2,67,175.9175030534634
9768,104,2,68,122.51617008507449
9769,104,2,69,173.38205888110423
9770,104,2,70,224.6681581841372
9771,104,2,71,188.3913583024482
9772,104,2,72,144.9564015801522
9773,104,2,73,159.69363465997998
9774,104,2,74,152.4873668969378
9775,104,2,75,114.9564039756447
9776,104,2,76,116.73640999951934
9777,104,2,77,144.32248255327482
9778,104,2,78,109.18832320763151
9779,104,2,79,184.46602551687732
9780,104,2,80,207.49494161101444
9781,104,2,81,135.01368686129467
9782,104,2,82,116.1828765227721
9783,104,2,83,118.78601162433804
9784,104,2,84,441.9661882243544
9785,104,2,85,152.75894371667314
9786,104,2,86,176.25421659890276
9787,104,2,87,105.50367043978977
9788,104,2,88,142.7986434731477
9789,104,2,89,181.37535387003777
9790,104,2,90,196.63301510434914
9791,104,2,91,188.91271599859874
9792,104,2,92,62.46809423864812
9793,104,2,93,162.5535554585711
9794,104,2,94,222.93277050535764
9795,104,2,95,153.52656260284192
9796,104,2,96,113.36763258449034
9797,104,2,97,100.41042972445815
9798,104,2,98,195.49394615391702
9799,104,2,99,193.80672967948155
9800,104,3,0,357.79230645947484
9801,104,3,1,348.1488429218493
9802,104,3,2,359.89121975831017
9803,104,3,3,340.43201141341984
9804,104,3,4,321.74429956504986
9805,104,3,5,374.0518995859019
9806,104,3,6,354.0194214185886
9807,104,3,7,319.13073171344587
9808,104,3,8,373.13051442208524
9809,104,3,9,374.7510411629522
9810,104,3,10,382.8185301144274
9811,104,3,11,342.1244281498876
9812,104,3,12,506.68824986138577
9813,104,3,13,347.82878606042885
9814,104,3,14,354.4710261649846
9815,104,3,15,321.2186981946361
9816,104,3,16,329.3062130820568
9817,104,3,17,344.325769439742
9818,104,3,18,320.5579998484692
9819,104,3,19,333.45505553290474
9820,104,3,20,343.0512791988247
9821,104,3,21,343.3039232692469
9822,104,3,22,332.1666507891027
9823,104,3,23,373.8921690090847
9824,104,3,24,351.3100495322479
9825,104,3,25,358.5992487598671
9826,104,3,26,331.7252538406295
9827,104,3,27,380.5204260104214
9828,104,3,28,348.34578232774396
9829,104,3,29,328.7079455929379
9830,104,3,30,339.54644108465453
9831,104,3,31,343.5776263361662
9832,104,3,32,357.8504070393649
9833,104,3,33,376.28434805434875
9834,104,3,34,535.3485705606013
9835,104,3,35,361.3358988860194
9836,104,3,36,337.46185618875904
9837,104,3,37,520.0213916205703
9838,104,3,38,321.87953055892973
9839,104,3,39,522.9665931748259
9840,104,3,40,511.9283830404294
9841,104,3,41,338.08241708195453
9842,104,3,42,337.07563324863526
9843,104,3,43,380.2554121852119
9844,104,3,44,352.9522333100178
9845,104,3,45,351.5450014111521
9846,104,3,46,507.6532260538098
9847,104,3,47,379.5056715884906
9848,104,3,48,347.8249493670146
9849,104,3,49,515.5233680571923
9850,104,3,50,340.66024640693115
9851,104,3,51,349.50725554863067
9852,104,3,52,351.2844468766411
9853,104,3,53,337.24488074321954
9854,104,3,54,379.9152751260306
9855,104,3,55,343.0102297686783
9856,104,3,56,374.493508402702
9857,104,3,57,319.63735539770323
9858,104,3,58,351.5484959240665
9859,104,3,59,356.32000582310417
9860,104,3,60,378.9822515147615
9861,104,3,61,324.357490586231
9862,104,3,62,515.1075501221292
9863,104,3,63,331.65168984995375
9864,104,3,64,323.3556475130875
9865,104,3,65,512.6804413028739
9866,104,3,66,521.7608705849913
9867,104,3,67,529.9651533548273
9868,104,3,68,345.9495817530775
9869,104,3,69,332.5556373478267
9870,104,3,70,327.2914609415537
9871,104,3,71,352.8383938975386
9872,104,3,72,370.8892752616964
9873,104,3,73,365.1081422862234
9874,104,3,74,529.1061205622877
9875,104,3,75,328.1174761101544
9876,104,3,76,345.96753046422174
9877,104,3,77,320.09605154240313
9878,104,3,78,327.4255357908248
9879,104,3,79,367.1623598629067
9880,104,3,80,336.604946165165
9881,104,3,81,523.3424099101046
9882,104,3,82,346.9917274838648
9883,104,3,83,339.3700682208987
9884,104,3,84,354.8255813076744
9885,104,3,85,529.9497668372737
9886,104,3,86,376.47621181681194
9887,104,3,87,346.31731227241266
9888,104,3,88,348.03833466482496
9889,104,3,89,329.2288670708951
9890,104,3,90,345.7404646546069
9891,104,3,91,361.49780543860777
9892,104,3,92,348.98773113457264
9893,104,3,93,334.7210564352444
9894,104,3,94,514.2200958247992
9895,104,3,95,344.6246138549319
9896,104,3,96,362.9624196420347
9897,104,3,97,381.01331308421265
9898,104,3,98,319.98309677396287
9899,104,3,99,383.7039320069986
9900,105,1,0,290.0081800727606
9901,105,1,1,318.9836103281267
9902,105,1,2,284.1837873485317
9903,105,1,3,262.2505070988618
9904,105,1,4,81.73543472759904
9905,105,1,5,244.58588615801807
9906,105,1,6,279.8462207743602
9907,105,1,7,291.9717951828803
9908,105,1,8,143.40131418643807
9909,105,1,9,263.23889962609684
9910,105,1,10,251.9293200968703
9911,105,1,11,312.21613892688134
9912,105,1,12,302.0588407316153
9913,105,1,13,76.30465225685914
9914,105,1,14,68.71717698935025
9915,105,1,15,258.1249822029721
9916,105,1,16,308.8291523956062
9917,105,1,17,269.4375795758891
9918,105,1,18,265.13322283418427
9919,105,1,19,95.30083188630347
9920,105,1,20,68.18551623409269
9921,105,1,21,290.22912740673115
9922,105,1,22,286.16439876250416
9923,105,1,23,284.7665502189264
9924,105,1,24,87.2305017486779
9925,105,1,25,262.1120784997414
9926,105,1,26,263.60264377386443
9927,105,1,27,306.4937871571503
9928,105,1,28,314.4790384779054
9929,105,1,29,96.09127072351482
9930,105,1,30,258.3952694983875
9931,105,1,31,283.4332025567214
9932,105,1,32,97.86431977082083
9933,105,1,33,267.02431773657577
9934,105,1,34,255.1650435982396
9935,105,1,35,268.4135674356236
9936,105,1,36,70.1771726059271
9937,105,1,37,273.2062635280336
9938,105,1,38,258.6364494142114
9939,105,1,39,277.3011980437097
9940,105,1,40,282.5415383379401
9941,105,1,41,69.26925621959806
9942,105,1,42,262.1898617067357
9943,105,1,43,276.27046841069847
9944,105,1,44,256.7654781033851
9945,105,1,45,263.0784732001116
9946,105,1,46,82.42391203504552
9947,105,1,47,63.485394571602626
9948,105,1,48,245.9121780451209
9949,105,1,49,247.62870066798567
9950,105,1,50,235.1639378585065
9951,105,1,51,263.966792818329
9952,105,1,52,260.2857193680318
9953,105,1,53,253.78232930297207
9954,105,1,54,85.54617535790571
9955,105,1,55,250.12709563744272
9956,105,1,56,311.3130661959511
9957,105,1,57,81.93382721040653
9958,105,1,58,294.2021107691106
9959,105,1,59,263.955691555081
9960,105,1,60,273.5661759319945
9961,105,1,61,312.2647200009651
9962,105,1,62,249.43044415510641
9963,105,1,63,295.45991028708295
9964,105,1,64,297.8941923272613
9965,105,1,65,66.78214989170634
9966,105,1,66,335.99663815649075
9967,105,1,67,95.88261150614554
9968,105,1,68,299.7984947980247
9969,105,1,69,301.4746747469152
9970,105,1,70,108.30607565043022
9971,105,1,71,271.2903137823766
9972,105,1,72,247.97565440537187
9973,105,1,73,87.86299568911352
9974,105,1,74,248.64680520786342
9975,105,1,75,276.5008984720471
9976,105,1,76,259.871589066971
9977,105,1,77,272.7145856500893
9978,105,1,78,339.9054946620634
9979,105,1,79,243.51979196630236
9980,105,1,80,83.69113203567707
9981,105,1,81,63.95433216432722
9982,105,1,82,275.36476519759844
9983,105,1,83,235.27855167568245
9984,105,1,84,94.21903893450559
9985,105,1,85,72.13323464498008
9986,105,1,86,308.4252140132312
9987,105,1,87,264.7290075585991
9988,105,1,88,334.6873558894267
9989,105,1,89,320.3685235327842
9990,105,1,90,301.53216769565205
9991,105,1,91,315.21117631617784
9992,105,1,92,65.53369593469803
9993,105,1,93,328.3753653744513
9994,105,1,94,243.45477948749257
9995,105,1,95,63.63788129436265
9996,105,1,96,274.60518815250805
9997,105,1,97,306.236832084439
9998,105,1,98,260.9430841790128
9999,105,1,99,285.6101111801216
10000,105,2,0,371.8246144969236
10001,105,2,1,389.05206377828364
10002,105,2,2,374.5397136632999
10003,105,2,3,350.60513390769614
10004,105,2,4,367.46598436034776
10005,105,2,5,352.7165556485528
10006,105,2,6,363.7144232939227
10007,105,2,7,463.9887894453612
10008,105,2,8,361.9964104179519
10009,105,2,9,398.6109677205634
10010,105,2,10,473.4999718775372
10011,105,2,11,348.88702116853165
10012,105,2,12,413.37429468552693
10013,105,2,13,380.9574080905845
10014,105,2,14,357.99070689574404
10015,105,2,15,344.046107583409
10016,105,2,16,412.1629442329057
10017,105,2,17,381.98465647434153
10018,105,2,18,346.6273655035025
10019,105,2,19,359.1136553275591
10020,105,2,20,357.2108351166428
10021,105,2,21,349.4062389688421
10022,105,2,22,356.4032520788308
10023,105,2,23,434.3836196373352
10024,105,2,24,427.75196385135905
10025,105,2,25,437.92790917877164
10026,105,2,26,435.8026998575312
10027,105,2,27,331.3734780845445
10028,105,2,28,364.14629027316596
10029,105,2,29,353.63431420232666
10030,105,2,30,351.94322564671
10031,105,2,31,363.3754959368456
10032,105,2,32,361.5345856944293
10033,105,2,33,421.47247021093233
10034,105,2,34,362.73114313405836
10035,105,2,35,367.58214023649174
10036,105,2,36,355.57279869353357
10037,105,2,37,430.13991512066195
10038,105,2,38,409.86956885464537
10039,105,2,39,427.8109664233816
10040,105,2,40,378.1624458165797
10041,105,2,41,351.24863446720485
10042,105,2,42,453.9743687277152
10043,105,2,43,430.57127479820963
10044,105,2,44,370.53923920102613
10045,105,2,45,395.11424111299544
10046,105,2,46,411.184475126434
10047,105,2,47,361.2214109697354
10048,105,2,48,335.90060205729793
10049,105,2,49,331.60064249493564
10050,105,2,50,453.03270198209725
10051,105,2,51,353.85941129789626
10052,105,2,52,355.0239795093638
10053,105,2,53,354.1211004158478
10054,105,2,54,463.1412968891139
10055,105,2,55,368.0377436671209
10056,105,2,56,408.7593752237049
10057,105,2,57,352.5883462688613
10058,105,2,58,431.6399267984829
10059,105,2,59,386.65397343220957
10060,105,2,60,405.01992327960016
10061,105,2,61,362.4507291685502
10062,105,2,62,446.3942800615284
10063,105,2,63,409.9184462043381
10064,105,2,64,367.90029691518083
10065,105,2,65,443.8064788432325
10066,105,2,66,464.06541261570294
10067,105,2,67,380.41060188943624
10068,105,2,68,394.9646734323068
10069,105,2,69,358.3730825034364
10070,105,2,70,404.2384873273026
10071,105,2,71,363.4217635850375
10072,105,2,72,351.07102836270565
10073,105,2,73,347.4261189946448
10074,105,2,74,337.118327850421
10075,105,2,75,345.9095658236173
10076,105,2,76,444.9452303381993
10077,105,2,77,405.1268067534216
10078,105,2,78,385.7146996531413
10079,105,2,79,380.36147389414884
10080,105,2,80,340.6912558388541
10081,105,2,81,371.5426730546958
10082,105,2,82,367.01360355486264
10083,105,2,83,343.25469064645597
10084,105,2,84,385.7128480591312
10085,105,2,85,471.90545875269277
10086,105,2,86,408.772680008144
10087,105,2,87,379.11957995277294
10088,105,2,88,449.3162292224893
10089,105,2,89,369.6856524450847
10090,105,2,90,346.4424282038663
10091,105,2,91,384.3833655817606
10092,105,2,92,452.08315243929695
10093,105,2,93,355.2468153517106
10094,105,2,94,409.0961633873316
10095,105,2,95,356.18467914189165
10096,105,2,96,376.62818021538556
10097,105,2,97,363.8012423682953
10098,105,2,98,350.72936995171125
10099,105,2,99,334.8594615809495
10100,105,3,0,497.804764303661
10101,105,3,1,524.614030148486
10102,105,3,2,466.19572090428704
10103,105,3,3,513.8465846870032
10104,105,3,4,457.610454149548
10105,105,3,5,513.8707615039062
10106,105,3,6,460.26550528208145
10107,105,3,7,513.7359129287692
10108,105,3,8,466.036703401695
10109,105,3,9,456.2819445561058
10110,105,3,10,502.80634009629534
10111,105,3,11,463.65994796501883
10112,105,3,12,443.1893004303959
10113,105,3,13,461.82169060270127
10114,105,3,14,509.4802083689319
10115,105,3,15,480.4316774929259
10116,105,3,16,497.73682365218383
10117,105,3,17,448.98773750798415
10118,105,3,18,517.4948880289453
10119,105,3,19,490.03327812365353
10120,105,3,20,450.9218642773442
10121,105,3,21,496.5339156034389
10122,105,3,22,276.1886469569124
10123,105,3,23,454.1252133733633
10124,105,3,24,361.5043909366889
10125,105,3,25,491.9946547453651
10126,105,3,26,482.90555017274824
10127,105,3,27,477.0351211679963
10128,105,3,28,508.64212878657895
10129,105,3,29,522.4369504832727
10130,105,3,30,293.4908064539553
10131,105,3,31,499.1896415680237
10132,105,3,32,492.4539944359916
10133,105,3,33,452.8292971316039
10134,105,3,34,536.6691223332413
10135,105,3,35,458.1997288351701
10136,105,3,36,454.48913756749374
10137,105,3,37,453.96072013859697
10138,105,3,38,507.2509962210533
10139,105,3,39,486.5091413247491
10140,105,3,40,273.63181682663406
10141,105,3,41,519.9735401490841
10142,105,3,42,490.2155999141069
10143,105,3,43,506.2751846976723
10144,105,3,44,472.3646167523097
10145,105,3,45,489.18925581821424
10146,105,3,46,470.4154307097703
10147,105,3,47,465.0820733430475
10148,105,3,48,523.41873231462
10149,105,3,49,496.1921883576771
10150,105,3,50,485.71577659737017
10151,105,3,51,480.7202683631599
10152,105,3,52,467.0672432646459
10153,105,3,53,508.53190205091425
10154,105,3,54,457.06240967483814
10155,105,3,55,480.630246470139
10156,105,3,56,513.7689654995896
10157,105,3,57,473.7859809148648
10158,105,3,58,493.88778644030776
10159,105,3,59,526.1793569975972
10160,105,3,60,469.9648862791423
10161,105,3,61,518.4915711705362
10162,105,3,62,500.9185054546813
10163,105,3,63,521.6373798768733
10164,105,3,64,529.0785267777879
10165,105,3,65,531.3829266955372
10166,105,3,66,470.3391869218007
10167,105,3,67,445.78028462430785
10168,105,3,68,302.066216413578
10169,105,3,69,443.5525278699282
10170,105,3,70,306.2276845923121
10171,105,3,71,496.87787047760503
10172,105,3,72,488.3576292520181
10173,105,3,73,507.3088121637629
10174,105,3,74,447.03482496684046
10175,105,3,75,472.66616830054903
10176,105,3,76,508.56535990230395
10177,105,3,77,354.62899887024736
10178,105,3,78,464.28953840807566
10179,105,3,79,483.9374812768876
10180,105,3,80,523.1644509931045
10181,105,3,81,483.67579633552253
10182,105,3,82,473.95476542454685
10183,105,3,83,476.6936654757495
10184,105,3,84,511.3538124456569
10185,105,3,85,498.85386751304196
10186,105,3,86,525.8237088984442
10187,105,3,87,487.00545203446967
10188,105,3,88,508.5934335961148
10189,105,3,89,484.20048766394746
10190,105,3,90,501.84032909164245
10191,105,3,91,517.4582203864534
10192,105,3,92,463.56714386989336
10193,105,3,93,507.9816287513543
10194,105,3,94,499.07642524374387
10195,105,3,95,481.9056133897185
10196,105,3,96,452.9799223872379
10197,105,3,97,512.9535882596182
10198,105,3,98,510.70703445550646
10199,105,3,99,469.8170893987579
10200,109,1,0,155.25138353635006
10201,109,1,1,119.21662986243877
10202,109,1,2,161.36506390925493
10203,109,1,3,147.942637306864
10204,109,1,4,176.0596230698915
10205,109,1,5,182.9687358996563
10206,109,1,6,111.63024032056768
10207,109,1,7,140.2877175007898
10208,109,1,8,98.35384763521003
10209,109,1,9,189.8551678790483
10210,109,1,10,110.25035491190658
10211,109,1,11,186.32928469925082
10212,109,1,12,187.53197968609712
10213,109,1,13,140.66210149340012
10214,109,1,14,160.2800850842667
10215,109,1,15,130.17474386957056
10216,109,1,16,197.84427791006095
10217,109,1,17,170.81894416992228
10218,109,1,18,125.08008255196354
10219,109,1,19,147.54208941915877
10220,109,1,20,119.32452131385243
10221,109,1,21,163.92834774614096
10222,109,1,22,187.0921551852806
10223,109,1,23,169.37867904005
10224,109,1,24,112.62699225931644
10225,109,1,25,155.67979386957538
10226,109,1,26,146.2325761249446
10227,109,1,27,151.0250571048539
10228,109,1,28,155.85952894190547
10229,109,1,29,152.47102546987003
10230,109,1,30,155.86017683539495
10231,109,1,31,158.50390653982188
10232,109,1,32,141.8994008734378
10233,109,1,33,155.30671077977104
10234,109,1,34,127.29987916314109
10235,109,1,35,98.50236590886907
10236,109,1,36,161.0351155537548
10237,109,1,37,151.4364207144813
10238,109,1,38,149.82581452047054
10239,109,1,39,105.27114375125534
10240,109,1,40,142.2012309970168
10241,109,1,41,142.84828484664814
10242,109,1,42,144.06483398841817
10243,109,1,43,175.8798781018012
10244,109,1,44,183.33614116749797
10245,109,1,45,146.71494803123772
10246,109,1,46,155.84654761053812
10247,109,1,47,162.10053285111596
10248,109,1,48,152.99661446812297
10249,109,1,49,143.3989533446529
10250,109,1,50,154.7104578361029
10251,109,1,51,164.57670273939792
10252,109,1,52,170.8327372594221
10253,109,1,53,111.24319558065487
10254,109,1,54,155.0765894465989
10255,109,1,55,111.47921857508824
10256,109,1,56,150.37524641708438
10257,109,1,57,149.1051527969524
10258,109,1,58,119.53160968793433
10259,109,1,59,173.8479133816841
10260,109,1,60,111.73012138169025
10261,109,1,61,167.00373406291013
10262,109,1,62,112.87569656895575
10263,109,1,63,112.48626899907958
10264,109,1,64,126.77453082569312
10265,109,1,65,154.95689851965096
10266,109,1,66,112.90271588789817
10267,109,1,67,172.7171332951078
10268,109,1,68,105.22635117102347
10269,109,1,69,145.21207369205098
10270,109,1,70,191.28798877109344
10271,109,1,71,105.59447051920246
10272,109,1,72,150.10816308952067
10273,109,1,73,182.96583049267318
10274,109,1,74,166.892804955481
10275,109,1,75,138.64219650719477
10276,109,1,76,144.56181492240464
10277,109,1,77,157.43750126956
10278,109,1,78,189.90722723636634
10279,109,1,79,141.588170320361
10280,109,1,80,136.77571455279366
10281,109,1,81,191.52329596608237
10282,109,1,82,138.53240061315043
10283,109,1,83,157.49104130454717
10284,109,1,84,151.489276751945
10285,109,1,85,169.47384256045075
10286,109,1,86,161.1708751707784
10287,109,1,87,146.35666319701627
10288,109,1,88,138.36470968282194
10289,109,1,89,98.64499965521942
10290,109,1,90,133.61634849260946
10291,109,1,91,191.00227534994707
10292,109,1,92,115.45087436903195
10293,109,1,93,156.56442741606364
10294,109,1,94,166.67322000950693
10295,109,1,95,117.4578234931992
10296,109,1,96,137.43878497043735
10297,109,1,97,162.58990598085708
10298,109,1,98,145.30105398789365
10299,109,1,99,126.68315990536601
10300,109,2,0,504.8385266902039
10301,109,2,1,513.0714523770176
10302,109,2,2,514.3981915185361
10303,109,2,3,98.38009481896927
10304,109,2,4,492.0931119340395
10305,109,2,5,201.5445362848386
10306,109,2,6,208.46815347626057
10307,109,2,7,83.51143325144476
10308,109,2,8,499.19393089129056
10309,109,2,9,535.0007789564222
10310,109,2,10,487.7381400269232
10311,109,2,11,215.9204013971554
10312,109,2,12,514.9697389270871
10313,109,2,13,370.7510667194165
10314,109,2,14,192.25780729000942
10315,109,2,15,215.5870501238332
10316,109,2,16,179.08556902423624
10317,109,2,17,508.5003472061649
10318,109,2,18,198.48248335474196
10319,109,2,19,141.72722211164228
10320,109,2,20,369.06768729725906
10321,109,2,21,160.27979425333254
10322,109,2,22,198.05455748364082
10323,109,2,23,62.90394701024697
10324,109,2,24,200.56887312579988
10325,109,2,25,206.17420727425633
10326,109,2,26,504.30837228692866
10327,109,2,27,163.78545129957917
10328,109,2,28,344.7976364776965
10329,109,2,29,504.13585650723604
10330,109,2,30,355.35858110342804
10331,109,2,31,500.83719343450014
10332,109,2,32,534.6877582674998
10333,109,2,33,203.69173349912532
10334,109,2,34,188.86901728569944
10335,109,2,35,156.38579443149752
10336,109,2,36,65.14836175041876
10337,109,2,37,352.146494137662
10338,109,2,38,338.19856009595486
10339,109,2,39,350.55810111190607
10340,109,2,40,516.8129312639446
10341,109,2,41,347.63962902487316
10342,109,2,42,504.52650233292087
10343,109,2,43,528.8348511430178
10344,109,2,44,349.29058234161664
10345,109,2,45,525.2209183089303
10346,109,2,46,311.1206085871655
10347,109,2,47,488.39584984210154
10348,109,2,48,160.45015107540178
10349,109,2,49,181.44530231364388
10350,109,2,50,109.35754414149193
10351,109,2,51,93.12843400335011
10352,109,2,52,346.3972110602672
10353,109,2,53,504.75506624256064
10354,109,2,54,341.95602355298405
10355,109,2,55,340.7310378622298
10356,109,2,56,97.19974715443367
10357,109,2,57,353.1849027391602
10358,109,2,58,531.6701977588804
10359,109,2,59,500.54015485073575
10360,109,2,60,352.7917153767
10361,109,2,61,164.8227171739346
10362,109,2,62,528.8155173971713
10363,109,2,63,211.10548036336613
10364,109,2,64,188.48576316753176
10365,109,2,65,504.11316883324616
10366,109,2,66,390.8644476638818
10367,109,2,67,190.60121297749947
10368,109,2,68,517.3410482137133
10369,109,2,69,518.7818774876993
10370,109,2,70,534.3089675237389
10371,109,2,71,231.64557491777248
10372,109,2,72,504.02378991565456
10373,109,2,73,201.2356131109847
10374,109,2,74,528.2047288165335
10375,109,2,75,523.1144219682814
10376,109,2,76,77.8814651386457
10377,109,2,77,226.76683920642918
10378,109,2,78,130.35474333667995
10379,109,2,79,398.7561237247199
10380,109,2,80,354.29731068175386
10381,109,2,81,527.668494898102
10382,109,2,82,332.96812616367157
10383,109,2,83,175.65542676869612
10384,109,2,84,504.2592280313321
10385,109,2,85,243.7421887111276
10386,109,2,86,327.47212692951507
10387,109,2,87,330.9890130290495
10388,109,2,88,187.1507500432389
10389,109,2,89,334.5519796819908
10390,109,2,90,204.69424969977658
10391,109,2,91,499.2512997450176
10392,109,2,92,175.98128182668
10393,109,2,93,193.24843692949833
10394,109,2,94,345.26437160802715
10395,109,2,95,504.77099402963506
10396,109,2,96,325.1045708954908
10397,109,2,97,162.01008652564062
10398,109,2,98,91.19502178853052
10399,109,2,99,536.5813919802896
10400,109,3,0,504.61517545916746
10401,109,3,1,523.0305654821653
10402,109,3,2,359.2577209042578
10403,109,3,3,374.63724713174656
10404,109,3,4,521.824074729912
10405,109,3,5,518.818779315832
10406,109,3,6,526.3235944024344
10407,109,3,7,87.30320030143388
10408,109,3,8,127.82619638507515
10409,109,3,9,484.90900343690976
10410,109,3,10,350.0797994973478
10411,109,3,11,365.60304030248625
10412,109,3,12,362.114536009962
10413,109,3,13,532.3691247323308
10414,109,3,14,397.032471831836
10415,109,3,15,318.2971468728072
10416,109,3,16,383.4756043831977
10417,109,3,17,334.61891938369394
10418,109,3,18,310.9405550993663
10419,109,3,19,475.1635760382373
10420,109,3,20,278.47471780228943
10421,109,3,21,339.33395535147463
10422,109,3,22,530.7458160587003
10423,109,3,23,348.3476966688901
10424,109,3,24,504.608235364377
10425,109,3,25,501.70613717804434
10426,109,3,26,325.4315155990651
10427,109,3,27,389.2186887577793
10428,109,3,28,344.9106935549259
10429,109,3,29,371.7983289912261
10430,109,3,30,307.0913466736494
10431,109,3,31,519.2460786412347
10432,109,3,32,503.8321753523461
10433,109,3,33,531.4905818924551
10434,109,3,34,357.8966921723872
10435,109,3,35,222.1407978614828
10436,109,3,36,351.9217366106188
10437,109,3,37,519.3506162220519
10438,109,3,38,521.3548724121723
10439,109,3,39,492.7551467266097
10440,109,3,40,107.71522241311293
10441,109,3,41,206.73115607886498
10442,109,3,42,499.9316871330404
10443,109,3,43,340.6665049722407
10444,109,3,44,399.64021721014393
10445,109,3,45,388.68646293221934
10446,109,3,46,358.1792685298303
10447,109,3,47,526.1329909266556
10448,109,3,48,504.22553851520274
10449,109,3,49,192.63710282288503
10450,109,3,50,336.3302190201227
10451,109,3,51,503.8634289908025
10452,109,3,52,508.96371421344855
10453,109,3,53,112.52686983585984
10454,109,3,54,500.1479785605281
10455,109,3,55,398.28095247628437
10456,109,3,56,501.6354526093958
10457,109,3,57,67.68414953613761
10458,109,3,58,366.11438051150117
10459,109,3,59,533.8561554557498
10460,109,3,60,337.0228837546456
10461,109,3,61,300.73570444221883
10462,109,3,62,523.8668758501569
10463,109,3,63,536.2408302560144
10464,109,3,64,335.6214228679164
10465,109,3,65,352.9387920510864
10466,109,3,66,524.6252229612475
10467,109,3,67,517.5480921966473
10468,109,3,68,63.77427502911735
10469,109,3,69,307.8785377414046
10470,109,3,70,503.3165161529542
10471,109,3,71,341.3132049946538
10472,109,3,72,385.7403586281765
10473,109,3,73,525.1240319017766
10474,109,3,74,315.3771431446859
10475,109,3,75,504.60100288485967
10476,109,3,76,323.0442369725908
10477,109,3,77,528.796149891635
10478,109,3,78,213.2944712174337
10479,109,3,79,360.68737165510845
10480,109,3,80,374.79265393811255
10481,109,3,81,107.58141578656016
10482,109,3,82,226.06453115029558
10483,109,3,83,503.7865978365368
10484,109,3,84,504.1302220360326
10485,109,3,85,120.44994326068644
10486,109,3,86,81.75795570194595
10487,109,3,87,353.67694835973356
10488,109,3,88,342.88669034888056
10489,109,3,89,162.39614271213617
10490,109,3,90,350.304253419185
10491,109,3,91,525.1272850862506
10492,109,3,92,321.58917523636126
10493,109,3,93,528.9305349096301
10494,109,3,94,530.0294497630514
10495,109,3,95,355.8431675207275
10496,109,3,96,137.78252225883202
10497,109,3,97,282.69844066396786
10498,109,3,98,358.40501580447864
10499,109,3,99,379.5621702867725
10500,111,1,0,128.48318759513688
10501,111,1,1,136.97676966504716
10502,111,1,2,154.43530756762956
10503,111,1,3,127.1622706744223
10504,111,1,4,116.61428676780197
10505,111,1,5,166.6430545136419
10506,111,1,6,160.39115169549615
10507,111,1,7,191.27030005168248
10508,111,1,8,130.09903037156423
10509,111,1,9,165.38968824840757
10510,111,1,10,144.88028153727143
10511,111,1,11,127.61878510655173
10512,111,1,12,172.72857021537686
10513,111,1,13,170.2362418923785
10514,111,1,14,205.58320626422886
10515,111,1,15,175.7593162564698
10516,111,1,16,175.16480328743688
10517,111,1,17,166.85285287685696
10518,111,1,18,132.81273175305998
10519,111,1,19,152.48737382807553
10520,111,1,20,143.0482643949121
10521,111,1,21,191.1850238224361
10522,111,1,22,185.0987581473817
10523,111,1,23,127.17675706929744
10524,111,1,24,160.02644810145554
10525,111,1,25,148.42452097224125
10526,111,1,26,158.77480474854192
10527,111,1,27,142.13152715209364
10528,111,1,28,136.5567756516389
10529,111,1,29,137.1723555449914
10530,111,1,30,156.46768882951815
10531,111,1,31,155.71094470607375
10532,111,1,32,161.4198630220369
10533,111,1,33,155.3714615224105
10534,111,1,34,147.91107838232273
10535,111,1,35,203.48363638872198
10536,111,1,36,198.01023358174498
10537,111,1,37,132.63644495297288
10538,111,1,38,175.83961304034506
10539,111,1,39,146.18187581764522
10540,111,1,40,157.45895248499787
10541,111,1,41,146.27430041080564
10542,111,1,42,167.60655688564242
10543,111,1,43,135.45119990040345
10544,111,1,44,165.22256918124015
10545,111,1,45,126.48730804984287
10546,111,1,46,152.64829352337986
10547,111,1,47,137.66052770164444
10548,111,1,48,98.1822977130074
10549,111,1,49,169.46750485999297
10550,111,1,50,162.7624826543391
10551,111,1,51,166.00467442956312
10552,111,1,52,182.64359085622084
10553,111,1,53,150.47316391981934
10554,111,1,54,175.35359508922198
10555,111,1,55,161.83199727831823
10556,111,1,56,189.5426958540162
10557,111,1,57,175.7835338563504
10558,111,1,58,204.11391323907904
10559,111,1,59,145.2832928583311
10560,111,1,60,115.47773068874017
10561,111,1,61,145.18673399549803
10562,111,1,62,133.37194506002274
10563,111,1,63,183.33134793648549
10564,111,1,64,147.82347810531067
10565,111,1,65,140.72120323667372
10566,111,1,66,155.6636609720243
10567,111,1,67,114.40701282202045
10568,111,1,68,109.78612627737593
10569,111,1,69,203.91665281608428
10570,111,1,70,146.79934217766265
10571,111,1,71,104.21772032564053
10572,111,1,72,144.98578381999616
10573,111,1,73,152.08178377766342
10574,111,1,74,149.61212982873573
10575,111,1,75,112.95064117582885
10576,111,1,76,205.03616155259252
10577,111,1,77,160.59627465501234
10578,111,1,78,127.972840352781
10579,111,1,79,146.74708828645703
10580,111,1,80,205.22698200405856
10581,111,1,81,143.6741530747835
10582,111,1,82,105.50072803009708
10583,111,1,83,159.0131878295965
10584,111,1,84,191.01127555512585
10585,111,1,85,156.1525740925796
10586,111,1,86,184.52698101157088
10587,111,1,87,149.5739467816277
10588,111,1,88,141.7006252711882
10589,111,1,89,174.94992653886644
10590,111,1,90,97.420201396124
10591,111,1,91,145.14905221316562
10592,111,1,92,166.95058750730735
10593,111,1,93,149.64511500738496
10594,111,1,94,154.18384767609462
10595,111,1,95,128.20723745338947
10596,111,1,96,105.76502442349367
10597,111,1,97,164.7115371260702
10598,111,1,98,169.35099145351614
10599,111,1,99,134.59362213167293
10600,111,2,0,382.86671030934446
10601,111,2,1,407.9790675462798
10602,111,2,2,384.45457134750643
10603,111,2,3,398.6242356566758
10604,111,2,4,436.93733110974716
10605,111,2,5,417.13196587683586
10606,111,2,6,218.27280590005364
10607,111,2,7,438.14184452179313
10608,111,2,8,382.64881340502217
10609,111,2,9,381.3638281223431
10610,111,2,10,232.35166499356376
10611,111,2,11,426.7502383621917
10612,111,2,12,396.8449461706023
10613,111,2,13,92.16839145152016
10614,111,2,14,381.4037023021965
10615,111,2,15,440.28677184290837
10616,111,2,16,423.56160353105054
10617,111,2,17,435.65587891470756
10618,111,2,18,414.70434595300645
10619,111,2,19,383.44592185476654
10620,111,2,20,381.3768135712563
10621,111,2,21,110.32858200399296
10622,111,2,22,382.63144939362263
10623,111,2,23,389.5641698361739
10624,111,2,24,390.72838904381615
10625,111,2,25,437.1576382237902
10626,111,2,26,440.06891360810266
10627,111,2,27,441.4494389478091
10628,111,2,28,438.8346691298013
10629,111,2,29,71.9560224696688
10630,111,2,30,409.1036245833536
10631,111,2,31,407.42681019230935
10632,111,2,32,387.051269951609
10633,111,2,33,392.60447957125047
10634,111,2,34,386.20547234499077
10635,111,2,35,387.9222256410193
10636,111,2,36,386.31542622042446
10637,111,2,37,112.12734687306975
10638,111,2,38,81.1614980988411
10639,111,2,39,443.9830851890931
10640,111,2,40,86.37583971739873
10641,111,2,41,438.807319583242
10642,111,2,42,231.64993793295383
10643,111,2,43,436.7171790356424
10644,111,2,44,381.172098059959
10645,111,2,45,434.2036339558189
10646,111,2,46,396.3271269778187
10647,111,2,47,381.56820451086514
10648,111,2,48,444.71915174484513
10649,111,2,49,382.75274100882814
10650,111,2,50,383.47684505088677
10651,111,2,51,441.89071428568445
10652,111,2,52,378.26658960645614
10653,111,2,53,193.2999794153715
10654,111,2,54,408.83846184626117
10655,111,2,55,388.94245325703827
10656,111,2,56,431.35075971938005
10657,111,2,57,401.25298382367504
10658,111,2,58,444.75931930342523
10659,111,2,59,384.44514785447814
10660,111,2,60,380.13469622456006
10661,111,2,61,429.4093412207909
10662,111,2,62,399.3420458319394
10663,111,2,63,393.0349130425969
10664,111,2,64,384.1429930188043
10665,111,2,65,441.9616467183364
10666,111,2,66,412.91823014065767
10667,111,2,67,435.0724733057284
10668,111,2,68,381.6328287582069
10669,111,2,69,385.8686200253482
10670,111,2,70,145.65755575711304
10671,111,2,71,382.2508845982562
10672,111,2,72,380.773110455872
10673,111,2,73,408.1588755879028
10674,111,2,74,388.78359826431944
10675,111,2,75,384.61734896962923
10676,111,2,76,193.56978134155213
10677,111,2,77,435.82410272046826
10678,111,2,78,417.9400519259218
10679,111,2,79,430.0659721261702
10680,111,2,80,393.63720946015826
10681,111,2,81,417.72020144989085
10682,111,2,82,221.0823145482986
10683,111,2,83,386.8951222326841
10684,111,2,84,380.5134559680139
10685,111,2,85,410.88854517931406
10686,111,2,86,412.21048881022585
10687,111,2,87,388.5913684493957
10688,111,2,88,382.28366360043987
10689,111,2,89,386.92398559008745
10690,111,2,90,211.0242883543262
10691,111,2,91,392.3662346999445
10692,111,2,92,218.56609220934925
10693,111,2,93,444.70378170903797
10694,111,2,94,418.6446710462406
10695,111,2,95,444.3367478390092
10696,111,2,96,380.45902744303845
10697,111,2,97,385.2945729454699
10698,111,2,98,428.21739532446327
10699,111,2,99,383.1354276602144
10700,111,3,0,435.0820593882849
10701,111,3,1,462.4063895676369
10702,111,3,2,423.0617108110008
10703,111,3,3,443.3996251813841
10704,111,3,4,478.3471386737126
10705,111,3,5,402.681981224006
10706,111,3,6,491.2696720918096
10707,111,3,7,434.55078645584433
10708,111,3,8,411.2339682689462
10709,111,3,9,424.81391909919284
10710,111,3,10,435.51013644337286
10711,111,3,11,469.70331986026656
10712,111,3,12,383.59630556495875
10713,111,3,13,417.00101262622115
10714,111,3,14,430.1193796179411
10715,111,3,15,532.9636268667529
10716,111,3,16,440.44709885947253
10717,111,3,17,483.54916315188154
10718,111,3,18,486.05931341332786
10719,111,3,19,485.7174730643475
10720,111,3,20,423.2858543305047
10721,111,3,21,516.9143142450275
10722,111,3,22,519.1520456441447
10723,111,3,23,529.4863371907801
10724,111,3,24,423.28270462128563
10725,111,3,25,394.95677695730404
10726,111,3,26,497.5609796331685
10727,111,3,27,439.76603586090914
10728,111,3,28,453.2953802336381
10729,111,3,29,512.765422902991
10730,111,3,30,480.58309562704704
10731,111,3,31,442.52029555942494
10732,111,3,32,407.12067526646956
10733,111,3,33,409.80896000128655
10734,111,3,34,467.69166466358735
10735,111,3,35,498.47591162738655
10736,111,3,36,426.9788622656116
10737,111,3,37,416.4773533792125
10738,111,3,38,398.41459875847187
10739,111,3,39,456.4475539822298
10740,111,3,40,391.47769924333716
10741,111,3,41,433.20430974583013
10742,111,3,42,411.9648890712258
10743,111,3,43,429.38523447603905
10744,111,3,44,424.75262401981195
10745,111,3,45,383.23047049180286
10746,111,3,46,518.7014796558345
10747,111,3,47,411.31476455756564
10748,111,3,48,534.4555729721407
10749,111,3,49,434.22364071791293
10750,111,3,50,399.845992366024
10751,111,3,51,411.3441454632571
10752,111,3,52,474.4219022100753
10753,111,3,53,416.1630469700584
10754,111,3,54,366.71186957812256
10755,111,3,55,397.1448965714003
10756,111,3,56,414.4709151871918
10757,111,3,57,426.7807982543585
10758,111,3,58,429.00771733492564
10759,111,3,59,395.8030846644801
10760,111,3,60,467.67607365827405
10761,111,3,61,488.76632496756594
10762,111,3,62,410.0861177594123
10763,111,3,63,407.9468353247222
10764,111,3,64,442.6496898888132
10765,111,3,65,435.5367981103791
10766,111,3,66,476.80012214391394
10767,111,3,67,504.20125073479414
10768,111,3,68,362.79942719490185
10769,111,3,69,437.61144710080475
10770,111,3,70,402.30252962729594
10771,111,3,71,358.9711331808609
10772,111,3,72,502.5126205768221
10773,111,3,73,409.02782809814556
10774,111,3,74,458.7263546866746
10775,111,3,75,451.0558276932967
10776,111,3,76,384.7240393035274
10777,111,3,77,419.2539968171372
10778,111,3,78,420.5858880349778
10779,111,3,79,512.5435325755047
10780,111,3,80,395.45473197114404
10781,111,3,81,447.8014170393873
10782,111,3,82,400.94354439861854
10783,111,3,83,459.5263755944432
10784,111,3,84,478.00045660366675
10785,111,3,85,387.1156419778554
10786,111,3,86,417.78390648496145
10787,111,3,87,487.5425184199639
10788,111,3,88,407.703065327302
10789,111,3,89,358.6433607326452
10790,111,3,90,391.8169885704844
10791,111,3,91,481.3023210144075
10792,111,3,92,390.8218744608446
10793,111,3,93,461.09884817624203
10794,111,3,94,436.88362552412127
10795,111,3,95,462.32679927513686
10796,111,3,96,519.3191997830124
10797,111,3,97,407.65572196610526
10798,111,3,98,431.13930733852067
10799,111,3,99,381.1951499123902
10800,112,1,0,153.5153700803059
10801,112,1,1,145.76144183058034
10802,112,1,2,196.65659590561455
10803,112,1,3,151.19852834227945
10804,112,1,4,183.27102029074257
10805,112,1,5,187.12890600010954
10806,112,1,6,130.9712101008682
10807,112,1,7,205.56769935201424
10808,112,1,8,98.04054384156402
10809,112,1,9,113.44252567096493
10810,112,1,10,160.4216853808536
10811,112,1,11,119.17515120635963
10812,112,1,12,159.6946012789853
10813,112,1,13,137.22914834563664
10814,112,1,14,111.27193563455121
10815,112,1,15,147.43111561145804
10816,112,1,16,149.30855873285225
10817,112,1,17,157.93551131182804
10818,112,1,18,183.20145482622422
10819,112,1,19,165.86960160991586
10820,112,1,20,141.55217027663286
10821,112,1,21,177.664118309561
10822,112,1,22,175.09914622956612
10823,112,1,23,126.58551030126736
10824,112,1,24,150.56304792315933
10825,112,1,25,184.79166375277686
10826,112,1,26,160.77816291840836
10827,112,1,27,156.67440908082784
10828,112,1,28,131.96455748387626
10829,112,1,29,175.75860681452227
10830,112,1,30,183.30478079032727
10831,112,1,31,155.77703567142441
10832,112,1,32,174.3340725348084
10833,112,1,33,159.32009393065803
10834,112,1,34,150.51075367423547
10835,112,1,35,161.496530409106
10836,112,1,36,111.3533718673048
10837,112,1,37,110.39154385686598
10838,112,1,38,112.35096968686022
10839,112,1,39,164.76453155929656
10840,112,1,40,155.67241931973237
10841,112,1,41,190.33352701802087
10842,112,1,42,135.80624385099784
10843,112,1,43,111.53785247812321
10844,112,1,44,126.03975347229878
10845,112,1,45,153.67007259067893
10846,112,1,46,149.4758745416603
10847,112,1,47,112.04570670316866
10848,112,1,48,131.15875343033457
10849,112,1,49,157.9068808150137
10850,112,1,50,203.80592668064122
10851,112,1,51,112.4020624343371
10852,112,1,52,128.07696090708149
10853,112,1,53,156.65844761517275
10854,112,1,54,187.10357835746453
10855,112,1,55,127.23571501730663
10856,112,1,56,156.56009129283723
10857,112,1,57,175.273747152792
10858,112,1,58,119.37038158758368
10859,112,1,59,126.63318111975346
10860,112,1,60,160.232295617052
10861,112,1,61,110.16154501033377
10862,112,1,62,174.9184630565594
10863,112,1,63,132.71759772662767
10864,112,1,64,198.821094353209
10865,112,1,65,157.29641144394938
10866,112,1,66,197.04812592857706
10867,112,1,67,131.24222176361621
10868,112,1,68,198.60998486114946
10869,112,1,69,154.74882913002114
10870,112,1,70,196.5863106151776
10871,112,1,71,173.93073984587988
10872,112,1,72,144.97196106284315
10873,112,1,73,149.5451049711914
10874,112,1,74,118.28808578556396
10875,112,1,75,143.98544992827203
10876,112,1,76,126.75799054842193
10877,112,1,77,144.41811165431577
10878,112,1,78,110.2180389277846
10879,112,1,79,111.53633675990388
10880,112,1,80,152.7755786244026
10881,112,1,81,136.8184594967917
10882,112,1,82,104.24990478545969
10883,112,1,83,129.63098110532906
10884,112,1,84,148.94484055697163
10885,112,1,85,161.34640448326766
10886,112,1,86,130.3098605879978
10887,112,1,87,144.70791586367528
10888,112,1,88,165.67755714752414
10889,112,1,89,109.31009030539565
10890,112,1,90,142.269413321725
10891,112,1,91,144.24808160807007
10892,112,1,92,141.50614452328392
10893,112,1,93,112.88064404245296
10894,112,1,94,196.54981315338816
10895,112,1,95,163.6930027114797
10896,112,1,96,168.63236108467046
10897,112,1,97,144.7374340928169
10898,112,1,98,177.7307956359653
10899,112,1,99,97.86692370215762
10900,112,2,0,515.7886752810966
10901,112,2,1,503.04792850601984
10902,112,2,2,457.29479155707975
10903,112,2,3,475.08755238634143
10904,112,2,4,513.6221377093602
10905,112,2,5,407.32619773774985
10906,112,2,6,457.27794360897724
10907,112,2,7,434.65453687526696
10908,112,2,8,530.9968939235683
10909,112,2,9,504.96016043451783
10910,112,2,10,497.1223563260603
10911,112,2,11,362.0259045724829
10912,112,2,12,387.06676802387375
10913,112,2,13,409.06103508278255
10914,112,2,14,381.4214817887636
10915,112,2,15,394.3727952462807
10916,112,2,16,508.50077691269433
10917,112,2,17,414.87440356447564
10918,112,2,18,511.9095391756487
10919,112,2,19,475.62363191299323
10920,112,2,20,504.1624153779935
10921,112,2,21,512.4532808162476
10922,112,2,22,477.7906936838291
10923,112,2,23,514.2968019399646
10924,112,2,24,417.012772731036
10925,112,2,25,480.5187756963143
10926,112,2,26,380.7314780063265
10927,112,2,27,489.7493407592897
10928,112,2,28,496.98145400598764
10929,112,2,29,411.2114426152056
10930,112,2,30,399.5348246943698
10931,112,2,31,530.4975875335406
10932,112,2,32,488.0353567945241
10933,112,2,33,488.90573458342516
10934,112,2,34,493.17104716899337
10935,112,2,35,435.4674752336339
10936,112,2,36,502.24167174156014
10937,112,2,37,515.3454622053473
10938,112,2,38,511.96664878334127
10939,112,2,39,505.75977711413697
10940,112,2,40,508.28500717544676
10941,112,2,41,525.7585807034521
10942,112,2,42,515.4861692528009
10943,112,2,43,384.17678058680883
10944,112,2,44,414.7063157099003
10945,112,2,45,519.9098106716268
10946,112,2,46,520.1943581136295
10947,112,2,47,511.6712086314864
10948,112,2,48,512.5894386371245
10949,112,2,49,476.8875077812873
10950,112,2,50,381.84186134224274
10951,112,2,51,439.5431865816692
10952,112,2,52,470.2467714455813
10953,112,2,53,399.1160642777346
10954,112,2,54,446.192627355901
10955,112,2,55,428.5035131555545
10956,112,2,56,412.09698432034565
10957,112,2,57,501.8852461233959
10958,112,2,58,523.0404811394516
10959,112,2,59,503.71657594639845
10960,112,2,60,520.1346627296546
10961,112,2,61,417.5856770167908
10962,112,2,62,522.5149856532057
10963,112,2,63,408.1804832890489
10964,112,2,64,513.4354304723157
10965,112,2,65,520.5005258785321
10966,112,2,66,494.3339284856913
10967,112,2,67,523.6445390137329
10968,112,2,68,384.4462475095254
10969,112,2,69,486.7129888966839
10970,112,2,70,379.03709842365305
10971,112,2,71,454.53089114435534
10972,112,2,72,458.89635976902076
10973,112,2,73,477.98685572674844
10974,112,2,74,525.1246578107463
10975,112,2,75,511.10723784293157
10976,112,2,76,497.0252814118763
10977,112,2,77,382.2718818652069
10978,112,2,78,470.5990987787032
10979,112,2,79,436.2036901154765
10980,112,2,80,509.66439062033675
10981,112,2,81,485.3631749025507
10982,112,2,82,503.20937325399683
10983,112,2,83,365.9465305425082
10984,112,2,84,511.60378932882634
10985,112,2,85,498.76551872712963
10986,112,2,86,509.32806996566063
10987,112,2,87,400.8488257999914
10988,112,2,88,444.83772778993534
10989,112,2,89,459.400309950369
10990,112,2,90,519.6152882797213
10991,112,2,91,513.6204722703076
10992,112,2,92,459.6166942259386
10993,112,2,93,491.07695889901
10994,112,2,94,465.059196796268
10995,112,2,95,512.9292271563147
10996,112,2,96,472.3345308091013
10997,112,2,97,416.04880328967886
10998,112,2,98,523.4919741139657
10999,112,2,99,515.1849172775457
11000,112,3,0,517.939834803034
11001,112,3,1,515.4528048327327
11002,112,3,2,535.9207792576437
11003,112,3,3,508.9918854231376
11004,112,3,4,524.5842428640333
11005,112,3,5,507.7020678526774
11006,112,3,6,531.4428609397402
11007,112,3,7,510.3846044586415
11008,112,3,8,504.45526408079064
11009,112,3,9,383.4714918571072
11010,112,3,10,528.7922093304833
11011,112,3,11,513.3752381099077
11012,112,3,12,511.53609142004757
11013,112,3,13,528.5554602030663
11014,112,3,14,512.9650576585434
11015,112,3,15,509.0532351570274
11016,112,3,16,504.90674117991205
11017,112,3,17,520.9178021117248
11018,112,3,18,526.4971231174374
11019,112,3,19,486.8096612039873
11020,112,3,20,493.68742161756137
11021,112,3,21,528.4038025907921
11022,112,3,22,515.7910535762181
11023,112,3,23,514.4536215362288
11024,112,3,24,379.5658861699872
11025,112,3,25,520.8205973409814
11026,112,3,26,535.3394410220301
11027,112,3,27,360.09629908149867
11028,112,3,28,364.8481931809583
11029,112,3,29,496.03166857663786
11030,112,3,30,508.8593295798087
11031,112,3,31,514.3230830081384
11032,112,3,32,523.1953996584072
11033,112,3,33,521.2536442698482
11034,112,3,34,204.7727389433748
11035,112,3,35,498.77938025033404
11036,112,3,36,520.6977780795492
11037,112,3,37,513.1629469534214
11038,112,3,38,161.19597848330022
11039,112,3,39,480.26009364959026
11040,112,3,40,532.3311112990583
11041,112,3,41,516.1107797849149
11042,112,3,42,536.1607754119449
11043,112,3,43,379.8419313409212
11044,112,3,44,501.1381337599611
11045,112,3,45,525.2847227886328
11046,112,3,46,521.8271757780096
11047,112,3,47,512.1922327513622
11048,112,3,48,515.9141532781189
11049,112,3,49,533.4189728913717
11050,112,3,50,519.1289540995289
11051,112,3,51,528.0285966766554
11052,112,3,52,528.2895674981837
11053,112,3,53,504.83001596722477
11054,112,3,54,510.83019185060385
11055,112,3,55,516.4892269571608
11056,112,3,56,382.09588960300226
11057,112,3,57,384.2757344417034
11058,112,3,58,381.36582913159276
11059,112,3,59,382.226116624522
11060,112,3,60,526.3040899967523
11061,112,3,61,515.2097937797523
11062,112,3,62,518.9278802899255
11063,112,3,63,533.3352323043155
11064,112,3,64,519.9458887973942
11065,112,3,65,511.0014772613853
11066,112,3,66,516.4008333485883
11067,112,3,67,495.84334913568387
11068,112,3,68,515.5564628674155
11069,112,3,69,381.143337821443
11070,112,3,70,535.6909482743412
11071,112,3,71,490.8619955189649
11072,112,3,72,419.34093247035065
11073,112,3,73,530.7891824016122
11074,112,3,74,514.3087672776863
11075,112,3,75,507.70790985838767
11076,112,3,76,521.4096069534064
11077,112,3,77,513.1435441983335
11078,112,3,78,385.92145465945936
11079,112,3,79,485.66834255649087
11080,112,3,80,362.54349808123857
11081,112,3,81,531.8851474395387
11082,112,3,82,380.5642004517189
11083,112,3,83,519.0796472688031
11084,112,3,84,503.002152284227
11085,112,3,85,510.5724452852146
11086,112,3,86,381.706230776333
11087,112,3,87,525.0545955488512
11088,112,3,88,384.55107675876576
11089,112,3,89,529.7182763594196
11090,112,3,90,367.99252973999825
11091,112,3,91,512.217100263961
11092,112,3,92,381.52422441597616
11093,112,3,93,529.4315861602089
11094,112,3,94,531.1517874803764
11095,112,3,95,511.5264730251783
11096,112,3,96,381.34831471467527
11097,112,3,97,527.1056905134576
11098,112,3,98,525.1842501780708
11099,112,3,99,535.5270186782093
11100,113,1,0,203.50155681487146
11101,113,1,1,164.46779327065002
11102,113,1,2,136.7319468899699
11103,113,1,3,196.9432959442936
11104,113,1,4,177.54776497610703
11105,113,1,5,165.5237153090485
11106,113,1,6,127.78784271495348
11107,113,1,7,172.84390324397745
11108,113,1,8,133.1718171737873
11109,113,1,9,198.40080787664326
11110,113,1,10,142.23216541928178
11111,113,1,11,141.67447627281223
11112,113,1,12,126.62496749236672
11113,113,1,13,174.73682774658747
11114,113,1,14,176.63295405269466
11115,113,1,15,155.77544164018508
11116,113,1,16,189.86839158059402
11117,113,1,17,189.97549187543694
11118,113,1,18,156.6560901414607
11119,113,1,19,143.73162849373077
11120,113,1,20,159.54570513028378
11121,113,1,21,204.16780824159818
11122,113,1,22,145.58738161827617
11123,113,1,23,166.80508747103474
11124,113,1,24,154.3474407091406
11125,113,1,25,96.9778225040813
11126,113,1,26,171.6211874500129
11127,113,1,27,151.24868292081106
11128,113,1,28,175.22648085933312
11129,113,1,29,153.96721042921274
11130,113,1,30,133.57775104415816
11131,113,1,31,157.50406712637206
11132,113,1,32,151.65360732272936
11133,113,1,33,194.52366915559358
11134,113,1,34,190.39752782938433
11135,113,1,35,161.85600269142688
11136,113,1,36,135.3151098827762
11137,113,1,37,190.72437686913258
11138,113,1,38,119.19240585522847
11139,113,1,39,118.98239568104472
11140,113,1,40,170.8394453253648
11141,113,1,41,119.13286862508151
11142,113,1,42,114.31446253210734
11143,113,1,43,170.3355160079918
11144,113,1,44,142.12395566830608
11145,113,1,45,145.06029694373476
11146,113,1,46,186.6583383863502
11147,113,1,47,205.41677828208634
11148,113,1,48,145.75297053188123
11149,113,1,49,164.06045829778338
11150,113,1,50,151.70683129628733
11151,113,1,51,98.90600640995353
11152,113,1,52,186.44766013214578
11153,113,1,53,138.2697685347686
11154,113,1,54,119.84805573451935
11155,113,1,55,205.4879406253511
11156,113,1,56,136.63300451448868
11157,113,1,57,156.1022001821442
11158,113,1,58,140.06535229858454
11159,113,1,59,149.20260967906935
11160,113,1,60,175.30159636291393
11161,113,1,61,146.84971984363838
11162,113,1,62,172.74833173791768
11163,113,1,63,111.45896452395414
11164,113,1,64,105.44524754741037
11165,113,1,65,172.49738483037268
11166,113,1,66,146.64024751735468
11167,113,1,67,188.24458972231952
11168,113,1,68,185.64656724576562
11169,113,1,69,147.87263462789087
11170,113,1,70,167.34406493953767
11171,113,1,71,193.63251106251192
11172,113,1,72,205.0873832218532
11173,113,1,73,138.23208645248468
11174,113,1,74,148.48651075251104
11175,113,1,75,155.34419569149225
11176,113,1,76,142.65008908001823
11177,113,1,77,140.0688044621857
11178,113,1,78,146.90739851079508
11179,113,1,79,163.0246290850074
11180,113,1,80,162.46718863935348
11181,113,1,81,158.73328454177093
11182,113,1,82,144.78141928363343
11183,113,1,83,154.18881738314496
11184,113,1,84,162.27852659283403
11185,113,1,85,173.19841495349112
11186,113,1,86,135.48390043454154
11187,113,1,87,97.81608729230831
11188,113,1,88,117.57873321112045
11189,113,1,89,126.81214325428243
11190,113,1,90,147.0364234127464
11191,113,1,91,203.49332517827656
11192,113,1,92,141.23180241188282
11193,113,1,93,127.09277554267456
11194,113,1,94,165.33612170023076
11195,113,1,95,140.42705677584024
11196,113,1,96,165.56944633112124
11197,113,1,97,127.16793338966892
11198,113,1,98,163.30153397754367
11199,113,1,99,162.4078644867983
11200,113,2,0,415.01093810093823
11201,113,2,1,164.41956460008242
11202,113,2,2,103.03566540500245
11203,113,2,3,417.0295575964942
11204,113,2,4,110.97728662066412
11205,113,2,5,415.87700768183566
11206,113,2,6,405.6815386083267
11207,113,2,7,160.49435967869283
11208,113,2,8,170.46238391423975
11209,113,2,9,413.4997985314331
11210,113,2,10,413.7854186933623
11211,113,2,11,381.0433840687722
11212,113,2,12,189.8589773841636
11213,113,2,13,413.39888556240277
11214,113,2,14,415.2953075350646
11215,113,2,15,413.3527101111665
11216,113,2,16,414.0836290867444
11217,113,2,17,158.11819087589188
11218,113,2,18,168.78446239702296
11219,113,2,19,167.56800236544075
11220,113,2,20,171.47717614721276
11221,113,2,21,165.4879448723263
11222,113,2,22,408.823626977513
11223,113,2,23,422.9198583576579
11224,113,2,24,414.311954158822
11225,113,2,25,420.05309668937826
11226,113,2,26,415.65098145188523
11227,113,2,27,384.4737607575279
11228,113,2,28,415.0537303172165
11229,113,2,29,135.15246265616406
11230,113,2,30,396.62305314305286
11231,113,2,31,187.47249945169509
11232,113,2,32,423.002804135632
11233,113,2,33,403.3567447899473
11234,113,2,34,179.77049284528937
11235,113,2,35,417.4583817157411
11236,113,2,36,215.0449535148879
11237,113,2,37,413.26357988976923
11238,113,2,38,199.93415134233985
11239,113,2,39,412.9728152382184
11240,113,2,40,132.39555580637287
11241,113,2,41,413.66171591037244
11242,113,2,42,169.59708404221468
11243,113,2,43,195.2253963845367
11244,113,2,44,209.61363320570723
11245,113,2,45,189.42612977301917
11246,113,2,46,179.34038584205533
11247,113,2,47,231.65182621811422
11248,113,2,48,383.7158273784522
11249,113,2,49,197.99122859007724
11250,113,2,50,181.69993917742167
11251,113,2,51,224.27035110567846
11252,113,2,52,416.2691570099658
11253,113,2,53,169.45817966698104
11254,113,2,54,416.3036507046626
11255,113,2,55,414.80439960503037
11256,113,2,56,121.29930886250463
11257,113,2,57,199.17770799607314
11258,113,2,58,413.48840446987276
11259,113,2,59,425.0674415870506
11260,113,2,60,405.01120821281467
11261,113,2,61,414.18890570929665
11262,113,2,62,415.39531626348094
11263,113,2,63,62.234204010326664
11264,113,2,64,166.39815758725936
11265,113,2,65,413.78557335490353
11266,113,2,66,412.98072809484836
11267,113,2,67,171.13365012444137
11268,113,2,68,182.24326664110825
11269,113,2,69,413.29593205200183
11270,113,2,70,162.58652184328423
11271,113,2,71,400.26795434202023
11272,113,2,72,423.28074103198526
11273,113,2,73,400.98169357758064
11274,113,2,74,169.23110239726762
11275,113,2,75,215.31048598366505
11276,113,2,76,413.0151543542819
11277,113,2,77,173.26577395891317
11278,113,2,78,141.078334733337
11279,113,2,79,193.5220998632314
11280,113,2,80,413.35192627959054
11281,113,2,81,412.5784947344747
11282,113,2,82,396.69329164846334
11283,113,2,83,178.13549159088336
11284,113,2,84,122.12417076399464
11285,113,2,85,414.60384829873635
11286,113,2,86,169.35802431067177
11287,113,2,87,412.95968354447405
11288,113,2,88,414.8348172004717
11289,113,2,89,410.5735504982594
11290,113,2,90,185.32258395214313
11291,113,2,91,221.7122492592439
11292,113,2,92,415.8539952507857
11293,113,2,93,150.67940824037908
11294,113,2,94,416.32744042373025
11295,113,2,95,160.3967796745293
11296,113,2,96,414.02679322302987
11297,113,2,97,392.92344688471184
11298,113,2,98,416.4870707013462
11299,113,2,99,377.24633899058364
11300,113,3,0,170.10601025981597
11301,113,3,1,183.4485807829644
11302,113,3,2,527.157063674227
11303,113,3,3,159.43493646667477
11304,113,3,4,90.87922822225457
11305,113,3,5,63.4683601123121
11306,113,3,6,81.00338545853904
11307,113,3,7,515.1282348176635
11308,113,3,8,183.13484628737248
11309,113,3,9,385.1465398599209
11310,113,3,10,376.55136698836196
11311,113,3,11,419.2030948070979
11312,113,3,12,412.0806332314628
11313,113,3,13,500.49186445541653
11314,113,3,14,69.98683144575676
11315,113,3,15,383.51642809209295
11316,113,3,16,186.34027658979008
11317,113,3,17,163.8830309018172
11318,113,3,18,511.8085035021188
11319,113,3,19,192.08129224658083
11320,113,3,20,162.57611781961026
11321,113,3,21,161.3200332417962
11322,113,3,22,163.20889329134184
11323,113,3,23,163.87667731728789
11324,113,3,24,165.9841949265531
11325,113,3,25,420.83920298347033
11326,113,3,26,181.97253588594438
11327,113,3,27,159.9952078178901
11328,113,3,28,135.89818603888165
11329,113,3,29,516.4694223842732
11330,113,3,30,426.0244865773894
11331,113,3,31,413.62391364564786
11332,113,3,32,416.0809613621046
11333,113,3,33,372.1334530692235
11334,113,3,34,430.8267067712721
11335,113,3,35,414.8335143596525
11336,113,3,36,522.1237701426252
11337,113,3,37,195.44448756642498
11338,113,3,38,505.78762956811545
11339,113,3,39,399.5013188476149
11340,113,3,40,415.4379166843754
11341,113,3,41,427.3878906465764
11342,113,3,42,409.0757712048165
11343,113,3,43,418.77655472355104
11344,113,3,44,146.37415785203154
11345,113,3,45,415.23394051912743
11346,113,3,46,209.15713553414616
11347,113,3,47,119.78444023859484
11348,113,3,48,411.95559722036893
11349,113,3,49,389.96403296358915
11350,113,3,50,89.51155003381284
11351,113,3,51,400.5181639831808
11352,113,3,52,384.4096919894143
11353,113,3,53,429.4602636167494
11354,113,3,54,412.56782674356805
11355,113,3,55,503.4341414129381
11356,113,3,56,517.7970951665689
11357,113,3,57,529.3030864501702
11358,113,3,58,172.53435692726075
11359,113,3,59,517.6924005263556
11360,113,3,60,413.49739932202425
11361,113,3,61,387.0426884964376
11362,113,3,62,414.3891528752042
11363,113,3,63,411.117180499443
11364,113,3,64,422.52323283359357
11365,113,3,65,420.9187858332108
11366,113,3,66,107.91599589827491
11367,113,3,67,194.09546520632531
11368,113,3,68,390.1848838596594
11369,113,3,69,159.94658822286019
11370,113,3,70,163.03436203354653
11371,113,3,71,533.5879296879818
11372,113,3,72,504.2750576202792
11373,113,3,73,518.9145201625624
11374,113,3,74,518.3726555250538
11375,113,3,75,160.14317955027605
11376,113,3,76,515.4804418298773
11377,113,3,77,405.5301341954535
11378,113,3,78,158.9196325688316
11379,113,3,79,162.69902249282453
11380,113,3,80,161.6092739640597
11381,113,3,81,74.62493247670442
11382,113,3,82,515.084810468638
11383,113,3,83,414.4614742791041
11384,113,3,84,525.6102303300883
11385,113,3,85,142.39187854141778
11386,113,3,86,158.08547972227032
11387,113,3,87,189.56121410985114
11388,113,3,88,195.54574262536178
11389,113,3,89,161.46763568349365
11390,113,3,90,170.758319352921
11391,113,3,91,428.0473332813855
11392,113,3,92,506.1023817142103
11393,113,3,93,377.1260845091365
11394,113,3,94,109.48688602074012
11395,113,3,95,162.44169494249252
11396,113,3,96,163.09854408864203
11397,113,3,97,176.55704507080833
11398,113,3,98,95.87596832504498
11399,113,3,99,520.3613810084569
11400,115,1,0,125.98088655817266
11401,115,1,1,174.67997765676142
11402,115,1,2,147.24546500164908
11403,115,1,3,152.04186407174566
11404,115,1,4,187.17091316860686
11405,115,1,5,162.70120282757637
11406,115,1,6,193.19845411580496
11407,115,1,7,125.90791211685209
11408,115,1,8,205.49254294376792
11409,115,1,9,175.06036477065618
11410,115,1,10,172.8443709792391
11411,115,1,11,112.00641279114056
11412,115,1,12,153.54227334030415
11413,115,1,13,148.23460294471784
11414,115,1,14,176.19130946476733
11415,115,1,15,152.02861487227344
11416,115,1,16,119.57281646910963
11417,115,1,17,169.13858999242933
11418,115,1,18,162.0695751341968
11419,115,1,19,155.70929314861974
11420,115,1,20,184.7089540668235
11421,115,1,21,137.73396225009847
11422,115,1,22,188.84933592246006
11423,115,1,23,183.39229692873712
11424,115,1,24,185.02493078556986
11425,115,1,25,134.31994839888586
11426,115,1,26,98.86268206273976
11427,115,1,27,167.12120248224855
11428,115,1,28,112.2482918336736
11429,115,1,29,112.74790335526738
11430,115,1,30,144.0286470204114
11431,115,1,31,186.41623421300667
11432,115,1,32,157.18924167375195
11433,115,1,33,204.01734132120762
11434,115,1,34,145.2360899008475
11435,115,1,35,110.40764000608421
11436,115,1,36,142.74095872765014
11437,115,1,37,157.6474514445592
11438,115,1,38,142.46860146826452
11439,115,1,39,146.82117027238897
11440,115,1,40,160.6489172376343
11441,115,1,41,137.4032347821929
11442,115,1,42,165.14482104612804
11443,115,1,43,151.25268225081106
11444,115,1,44,152.31608111791877
11445,115,1,45,182.8821863733809
11446,115,1,46,148.14484151499252
11447,115,1,47,140.8797180410759
11448,115,1,48,174.529602500806
11449,115,1,49,119.94400460972598
11450,115,1,50,98.01464755274525
11451,115,1,51,105.81655194044136
11452,115,1,52,145.62044765524863
11453,115,1,53,152.552356204404
11454,115,1,54,137.33109050292595
11455,115,1,55,147.3338504030294
11456,115,1,56,105.48689098508592
11457,115,1,57,163.73667858024413
11458,115,1,58,138.00073697285444
11459,115,1,59,97.05796155326216
11460,115,1,60,136.9879831006328
11461,115,1,61,189.58946871430638
11462,115,1,62,147.75893753541607
11463,115,1,63,116.87311341579013
11464,115,1,64,147.62088090729145
11465,115,1,65,175.42186461042965
11466,115,1,66,174.1158590976973
11467,115,1,67,163.24553958629562
11468,115,1,68,145.43817284197928
11469,115,1,69,159.52453190979958
11470,115,1,70,133.04692211868073
11471,115,1,71,133.7221587365087
11472,115,1,72,104.52739990031792
11473,115,1,73,155.59962014507113
11474,115,1,74,163.6451347211539
11475,115,1,75,167.30646367910572
11476,115,1,76,143.16733479892176
11477,115,1,77,145.30717951299803
11478,115,1,78,151.4366273155758
11479,115,1,79,193.70025363102457
11480,115,1,80,158.32583417760037
11481,115,1,81,157.3618207923997
11482,115,1,82,166.8904860322356
11483,115,1,83,188.6779609656292
11484,115,1,84,198.18653401860414
11485,115,1,85,190.85592501157532
11486,115,1,86,112.16859053081807
11487,115,1,87,140.6803156445067
11488,115,1,88,139.24546905013966
11489,115,1,89,149.0995182643297
11490,115,1,90,204.9247118735117
11491,115,1,91,177.29454704102164
11492,115,1,92,119.91712505746558
11493,115,1,93,155.22199769467585
11494,115,1,94,190.45520363008623
11495,115,1,95,137.31052380811198
11496,115,1,96,152.19103607563054
11497,115,1,97,136.04015458919318
11498,115,1,98,150.90008067732234
11499,115,1,99,145.0895262025333
11500,115,2,0,73.8147612991502
11501,115,2,1,121.22257250985284
11502,115,2,2,75.57300672549535
11503,115,2,3,99.18312905872786
11504,115,2,4,121.32796303785663
11505,115,2,5,173.20678251793706
11506,115,2,6,170.20378515765228
11507,115,2,7,137.62059549465033
11508,115,2,8,84.97993562072915
11509,115,2,9,152.08583900336438
11510,115,2,10,120.00093473899298
11511,115,2,11,200.678273298871
11512,115,2,12,104.67441375374639
11513,115,2,13,127.27848711387729
11514,115,2,14,93.41491521321169
11515,115,2,15,184.01762935163666
11516,115,2,16,167.11327562024636
11517,115,2,17,72.98297949689096
11518,115,2,18,172.83635267628276
11519,115,2,19,134.33898042142738
11520,115,2,20,115.62059340005015
11521,115,2,21,86.10928115532442
11522,115,2,22,105.04246014084846
11523,115,2,23,104.5331434895702
11524,115,2,24,364.301491098508
11525,115,2,25,149.8034927054167
11526,115,2,26,88.14310483536869
11527,115,2,27,100.65805636150922
11528,115,2,28,65.43070137412013
11529,115,2,29,135.94706978772572
11530,115,2,30,186.50277205944363
11531,115,2,31,134.38507746553177
11532,115,2,32,128.75296707798898
11533,115,2,33,78.92847461177604
11534,115,2,34,186.82241922618502
11535,115,2,35,111.55780150245592
11536,115,2,36,62.50375562441164
11537,115,2,37,141.86458341531392
11538,115,2,38,63.82259762250027
11539,115,2,39,76.77514726693173
11540,115,2,40,84.98491095940054
11541,115,2,41,64.16769953897276
11542,115,2,42,168.4829561386965
11543,115,2,43,137.30515012155357
11544,115,2,44,110.25730373328399
11545,115,2,45,123.84185718498182
11546,115,2,46,130.18985655427403
11547,115,2,47,127.35053743372622
11548,115,2,48,170.98212054275808
11549,115,2,49,145.60694629726584
11550,115,2,50,102.02347521447635
11551,115,2,51,157.29499061602687
11552,115,2,52,156.047850986044
11553,115,2,53,106.64839414436341
11554,115,2,54,104.07085276601427
11555,115,2,55,126.2560574818107
11556,115,2,56,185.88436677576317
11557,115,2,57,116.9554720244623
11558,115,2,58,150.0284649294711
11559,115,2,59,141.08662772840674
11560,115,2,60,184.55350671213517
11561,115,2,61,110.42954201524171
11562,115,2,62,103.71922740254456
11563,115,2,63,126.92605304283481
11564,115,2,64,111.90876865658646
11565,115,2,65,384.70822628611427
11566,115,2,66,108.72736925277869
11567,115,2,67,166.15807185226424
11568,115,2,68,96.49384494268897
11569,115,2,69,163.85699950152812
11570,115,2,70,138.66245499588177
11571,115,2,71,106.18780711167327
11572,115,2,72,75.15826372159444
11573,115,2,73,74.86155171775127
11574,115,2,74,187.37574326309922
11575,115,2,75,109.83555439840951
11576,115,2,76,112.88180886669934
11577,115,2,77,89.47479099539352
11578,115,2,78,104.53694844964328
11579,115,2,79,83.8218376810881
11580,115,2,80,84.97344944047519
11581,115,2,81,155.84764034961108
11582,115,2,82,79.96435563689424
11583,115,2,83,168.1581718413234
11584,115,2,84,150.71266558685048
11585,115,2,85,150.1199747071968
11586,115,2,86,62.20899386259615
11587,115,2,87,104.32363417260748
11588,115,2,88,146.04608767814446
11589,115,2,89,96.78161368914114
11590,115,2,90,172.866564369267
11591,115,2,91,86.45096888503771
11592,115,2,92,94.19386454480185
11593,115,2,93,139.80832342724372
11594,115,2,94,139.03355442220104
11595,115,2,95,194.07823159937766
11596,115,2,96,109.65349492541928
11597,115,2,97,146.32398741254642
11598,115,2,98,142.4556394327437
11599,115,2,99,155.26069962228092
11600,115,3,0,512.1938486903648
11601,115,3,1,510.5196754459252
11602,115,3,2,350.1929099142749
11603,115,3,3,524.0425913733857
11604,115,3,4,535.5173434680975
11605,115,3,5,357.7997711652752
11606,115,3,6,527.0890856309016
11607,115,3,7,522.7888483500669
11608,115,3,8,365.8438075869938
11609,115,3,9,519.4057160247045
11610,115,3,10,308.9286428427329
11611,115,3,11,529.0760182783605
11612,115,3,12,527.3402760393757
11613,115,3,13,502.3280754739919
11614,115,3,14,530.6101001575332
11615,115,3,15,533.6605176321322
11616,115,3,16,536.6197934400146
11617,115,3,17,522.7469235818044
11618,115,3,18,510.11236271636125
11619,115,3,19,288.80867493788884
11620,115,3,20,533.5895937231419
11621,115,3,21,522.4444929084648
11622,115,3,22,530.0970106845591
11623,115,3,23,534.2913316338263
11624,115,3,24,350.37363733970267
11625,115,3,25,528.9946532348281
11626,115,3,26,534.1909674512934
11627,115,3,27,530.897742350034
11628,115,3,28,534.6769222273184
11629,115,3,29,516.8600641393635
11630,115,3,30,529.5158322325076
11631,115,3,31,530.5720208451355
11632,115,3,32,534.0296855669211
11633,115,3,33,527.0146181795245
11634,115,3,34,529.3669114239505
11635,115,3,35,534.5474231616294
11636,115,3,36,535.8925889258849
11637,115,3,37,524.7872089314349
11638,115,3,38,528.9475169966481
11639,115,3,39,531.8649575700032
11640,115,3,40,527.1143517354695
11641,115,3,41,218.73348365498097
11642,115,3,42,522.8625974601774
11643,115,3,43,356.92121561285916
11644,115,3,44,468.10002571819757
11645,115,3,45,533.7336165093661
11646,115,3,46,531.7378639201673
11647,115,3,47,532.6923717378444
11648,115,3,48,342.28892826828405
11649,115,3,49,528.0182840098977
11650,115,3,50,528.5674312276324
11651,115,3,51,519.1085207724866
11652,115,3,52,529.0374154065021
11653,115,3,53,527.3130009757891
11654,115,3,54,524.8905715424603
11655,115,3,55,534.7852719247979
11656,115,3,56,248.53789763819097
11657,115,3,57,533.3578036001048
11658,115,3,58,522.7309637039533
11659,115,3,59,534.0584160872429
11660,115,3,60,536.1798239630492
11661,115,3,61,250.3690738179444
11662,115,3,62,298.1363037257463
11663,115,3,63,527.694162606889
11664,115,3,64,532.939304695801
11665,115,3,65,537.1721503605695
11666,115,3,66,532.6222438512252
11667,115,3,67,529.5113778030429
11668,115,3,68,371.32928525139613
11669,115,3,69,532.8240922551779
11670,115,3,70,535.023692493383
11671,115,3,71,516.5748511255802
11672,115,3,72,528.9749345365325
11673,115,3,73,529.0852899480311
11674,115,3,74,515.1853770341344
11675,115,3,75,518.3954894841127
11676,115,3,76,524.0819101551502
11677,115,3,77,527.253187290542
11678,115,3,78,519.2149760633203
11679,115,3,79,537.2701271349655
11680,115,3,80,216.77662098937333
11681,115,3,81,526.0641876003868
11682,115,3,82,534.9972693088903
11683,115,3,83,513.1616456771285
11684,115,3,84,524.0642403472154
11685,115,3,85,535.771573846006
11686,115,3,86,533.0213256254755
11687,115,3,87,526.3590456232066
11688,115,3,88,537.1930211960063
11689,115,3,89,531.4384008580155
11690,115,3,90,342.5865165214961
11691,115,3,91,337.8390196428623
11692,115,3,92,534.9872462768968
11693,115,3,93,533.1940528696848
11694,115,3,94,510.935423132224
11695,115,3,95,535.6819610661864
11696,115,3,96,528.73196022986
11697,115,3,97,531.746268716528
11698,115,3,98,537.0807891513447
11699,115,3,99,521.6096897058734
11700,118,1,0,370.6734056403548
11701,118,1,1,269.0060386223015
11702,118,1,2,410.101182962187
11703,118,1,3,344.3709046721557
11704,118,1,4,405.04223906081774
11705,118,1,5,366.9200104474904
11706,118,1,6,297.01598173407695
11707,118,1,7,403.48865339230326
11708,118,1,8,301.97821827055895
11709,118,1,9,338.28676135224134
11710,118,1,10,418.01808093038284
11711,118,1,11,492.2921172740115
11712,118,1,12,388.8394344202044
11713,118,1,13,413.131879123925
11714,118,1,14,298.78128104090797
11715,118,1,15,310.92824432735404
11716,118,1,16,489.56713159735483
11717,118,1,17,442.15640093315096
11718,118,1,18,452.0497410373437
11719,118,1,19,526.3732993012449
11720,118,1,20,322.7272765577586
11721,118,1,21,265.1370948005769
11722,118,1,22,384.0371054353132
11723,118,1,23,456.4648991298456
11724,118,1,24,328.03994201217256
11725,118,1,25,433.8558591103388
11726,118,1,26,519.4147119204682
11727,118,1,27,470.97302968423264
11728,118,1,28,323.0229650217376
11729,118,1,29,272.2955623144065
11730,118,1,30,411.7856201619948
11731,118,1,31,294.0832555236348
11732,118,1,32,405.90820367256055
11733,118,1,33,262.2524224390293
11734,118,1,34,285.16475408042504
11735,118,1,35,499.11276819483277
11736,118,1,36,367.81240789413454
11737,118,1,37,299.5644969011462
11738,118,1,38,362.1992035615534
11739,118,1,39,485.912822620435
11740,118,1,40,370.0701852451492
11741,118,1,41,503.6992536361299
11742,118,1,42,536.2329046898961
11743,118,1,43,354.7693372073802
11744,118,1,44,329.45363881321276
11745,118,1,45,414.7952092982403
11746,118,1,46,290.0225470339949
11747,118,1,47,279.1565908735014
11748,118,1,48,274.5775819862581
11749,118,1,49,268.1047180755916
11750,118,1,50,434.4848895191699
11751,118,1,51,364.9151034539631
11752,118,1,52,505.7033443953216
11753,118,1,53,479.21712013421626
11754,118,1,54,358.503725791759
11755,118,1,55,302.1133590385588
11756,118,1,56,424.6486801284182
11757,118,1,57,322.8255067226019
11758,118,1,58,432.02688423398064
11759,118,1,59,408.34017900065135
11760,118,1,60,395.47647608710076
11761,118,1,61,446.21632698072796
11762,118,1,62,454.4169001969301
11763,118,1,63,537.2083845823676
11764,118,1,64,517.6310887328344
11765,118,1,65,425.3294898695123
11766,118,1,66,346.3100758979788
11767,118,1,67,336.8824705178288
11768,118,1,68,395.4307310322623
11769,118,1,69,294.5271961974417
11770,118,1,70,281.3782263760107
11771,118,1,71,349.06418828179704
11772,118,1,72,375.65163397322164
11773,118,1,73,535.9932653652028
11774,118,1,74,430.5189427787335
11775,118,1,75,404.99627754095314
11776,118,1,76,378.5969532619617
11777,118,1,77,393.1914726384762
11778,118,1,78,507.3035377227657
11779,118,1,79,433.4531406856319
11780,118,1,80,427.97820870266514
11781,118,1,81,318.9375717956606
11782,118,1,82,532.6311013361708
11783,118,1,83,498.5980393577875
11784,118,1,84,442.5035753344428
11785,118,1,85,327.6766473815974
11786,118,1,86,312.6551442476741
11787,118,1,87,460.8552758070368
11788,118,1,88,311.2146800552099
11789,118,1,89,283.230143794128
11790,118,1,90,366.1521527899422
11791,118,1,91,286.2603274007028
11792,118,1,92,331.2935768919354
11793,118,1,93,319.11090670367105
11794,118,1,94,530.4842545247618
11795,118,1,95,454.8494769676097
11796,118,1,96,382.17674421085235
11797,118,1,97,484.3918862653392
11798,118,1,98,286.46069911164835
11799,118,1,99,326.6788974222714
11800,118,2,0,296.1714648617506
11801,118,2,1,302.3271428381094
11802,118,2,2,308.45877523171504
11803,118,2,3,279.0860965119401
11804,118,2,4,294.5383343374067
11805,118,2,5,295.4953422122564
11806,118,2,6,264.8678973284218
11807,118,2,7,247.54326384054463
11808,118,2,8,298.18581058087324
11809,118,2,9,346.78078576052206
11810,118,2,10,299.2553236420318
11811,118,2,11,276.912090714084
11812,118,2,12,332.19351683697823
11813,118,2,13,335.5331257363546
11814,118,2,14,346.0571794446693
11815,118,2,15,353.7214444809536
11816,118,2,16,290.80527329282666
11817,118,2,17,322.0564172585116
11818,118,2,18,295.5735163529219
11819,118,2,19,276.7971108545269
11820,118,2,20,299.54292443762887
11821,118,2,21,309.98531116385544
11822,118,2,22,312.478977675971
11823,118,2,23,305.5273728023653
11824,118,2,24,338.6810382344269
11825,118,2,25,278.80192072686094
11826,118,2,26,295.5315772792027
11827,118,2,27,297.70790253651035
11828,118,2,28,302.5095898386995
11829,118,2,29,306.74562022523526
11830,118,2,30,331.8488762886234
11831,118,2,31,339.6501418194002
11832,118,2,32,254.59311560033373
11833,118,2,33,266.0250009230113
11834,118,2,34,291.85646992286354
11835,118,2,35,286.2371175679769
11836,118,2,36,321.14169226041594
11837,118,2,37,352.7614780433594
11838,118,2,38,279.08425422282494
11839,118,2,39,286.1012854427861
11840,118,2,40,284.27811273913346
11841,118,2,41,267.9992145658931
11842,118,2,42,312.7024410555818
11843,118,2,43,284.3017447282023
11844,118,2,44,294.0032236155183
11845,118,2,45,336.68639556101795
11846,118,2,46,299.3594425120481
11847,118,2,47,295.43101723025757
11848,118,2,48,297.5378003767914
11849,118,2,49,298.33635311450934
11850,118,2,50,260.35626494509825
11851,118,2,51,294.96709974647547
11852,118,2,52,309.29290499843927
11853,118,2,53,252.58579670280523
11854,118,2,54,339.057816900245
11855,118,2,55,287.0417235950812
11856,118,2,56,352.5672413505701
11857,118,2,57,276.56434050773447
11858,118,2,58,286.73059659213226
11859,118,2,59,289.46137329708125
11860,118,2,60,354.05700173525076
11861,118,2,61,331.8819943032594
11862,118,2,62,247.16974593681692
11863,118,2,63,254.3505820760378
11864,118,2,64,308.90179939643474
11865,118,2,65,287.21517080302897
11866,118,2,66,312.1170398435204
11867,118,2,67,324.83547627147004
11868,118,2,68,289.92744196056424
11869,118,2,69,353.38577648701005
11870,118,2,70,293.9863679825907
11871,118,2,71,337.9665085013229
11872,118,2,72,260.02699544548534
11873,118,2,73,282.9667615620124
11874,118,2,74,260.73115296819685
11875,118,2,75,295.88407639481073
11876,118,2,76,289.0717143970958
11877,118,2,77,312.7022578322161
11878,118,2,78,257.3340604986739
11879,118,2,79,309.00127817656073
11880,118,2,80,296.6339996907755
11881,118,2,81,285.819962333436
11882,118,2,82,324.47186846796825
11883,118,2,83,288.017184450154
11884,118,2,84,353.8939991774533
11885,118,2,85,331.88533493457675
11886,118,2,86,339.6720880971766
11887,118,2,87,308.04416378065906
11888,118,2,88,314.49235468833797
11889,118,2,89,346.83680662361184
11890,118,2,90,310.30351802706133
11891,118,2,91,266.3433879657195
11892,118,2,92,285.79901818927607
11893,118,2,93,316.1079359499673
11894,118,2,94,322.4517105685534
11895,118,2,95,308.9618032725741
11896,118,2,96,305.927192498676
11897,118,2,97,331.788443834305
11898,118,2,98,293.9328587440872
11899,118,2,99,281.03820781111466
11900,118,3,0,454.2838319652068
11901,118,3,1,430.18790381433894
11902,118,3,2,407.3375223151142
11903,118,3,3,417.4972224799315
11904,118,3,4,442.6457539485572
11905,118,3,5,409.7735404000727
11906,118,3,6,427.93555042397486
11907,118,3,7,396.438539661266
11908,118,3,8,441.32820445104204
11909,118,3,9,462.8099064672835
11910,118,3,10,394.86412089280884
11911,118,3,11,437.39651560381037
11912,118,3,12,439.80387954316916
11913,118,3,13,466.924963323972
11914,118,3,14,432.28588640108904
11915,118,3,15,462.1856559914161
11916,118,3,16,460.84723486950594
11917,118,3,17,495.18282050229607
11918,118,3,18,501.6573863988989
11919,118,3,19,395.42211500740933
11920,118,3,20,407.46447089836755
11921,118,3,21,441.79263782911056
11922,118,3,22,463.5378032378515
11923,118,3,23,459.37342348233267
11924,118,3,24,454.1128097437886
11925,118,3,25,444.47978013674066
11926,118,3,26,488.6593838856604
11927,118,3,27,422.59677463214354
11928,118,3,28,423.7001102601009
11929,118,3,29,460.0352453329945
11930,118,3,30,489.7061134200213
11931,118,3,31,462.5847744694093
11932,118,3,32,438.75288234964256
11933,118,3,33,496.19666923051653
11934,118,3,34,502.3675496273326
11935,118,3,35,429.20949053463767
11936,118,3,36,401.9210983384243
11937,118,3,37,396.04452972388304
11938,118,3,38,500.83225676494607
11939,118,3,39,427.4099751395057
11940,118,3,40,456.5701022952953
11941,118,3,41,466.8877469512393
11942,118,3,42,450.613555212953
11943,118,3,43,480.5140997545491
11944,118,3,44,435.49828542841595
11945,118,3,45,396.11157042907627
11946,118,3,46,460.7592378498686
11947,118,3,47,457.1810509870859
11948,118,3,48,436.6924866956324
11949,118,3,49,451.92219801110525
11950,118,3,50,480.1195474761644
11951,118,3,51,441.240943540508
11952,118,3,52,412.97942269404825
11953,118,3,53,446.5443678800395
11954,118,3,54,448.73523781576057
11955,118,3,55,490.83315563105674
11956,118,3,56,482.4547098636768
11957,118,3,57,436.4364509966102
11958,118,3,58,451.8886013061323
11959,118,3,59,469.6426886567693
11960,118,3,60,433.96849454720353
11961,118,3,61,447.12868315062605
11962,118,3,62,466.5074651962022
11963,118,3,63,428.4572746907885
11964,118,3,64,462.85100291089725
11965,118,3,65,455.09009318472505
11966,118,3,66,472.9353395809363
11967,118,3,67,468.7654484757644
11968,118,3,68,435.0573360246629
11969,118,3,69,487.5056657987938
11970,118,3,70,462.21153920960376
11971,118,3,71,395.34542165218244
11972,118,3,72,425.07112461554124
11973,118,3,73,452.71768045423823
11974,118,3,74,456.2515331245697
11975,118,3,75,442.5534607023218
11976,118,3,76,424.0271122926489
11977,118,3,77,395.73384964591315
11978,118,3,78,443.26523054807626
11979,118,3,79,440.24773449383287
11980,118,3,80,424.464407542264
11981,118,3,81,465.4093423724766
11982,118,3,82,488.3782447785019
11983,118,3,83,410.5066193967419
11984,118,3,84,413.4812855917639
11985,118,3,85,451.9796716612722
11986,118,3,86,454.3455570020147
11987,118,3,87,485.66385336345724
11988,118,3,88,431.3040779535571
11989,118,3,89,453.24464762910947
11990,118,3,90,426.75502468093185
11991,118,3,91,480.0582203915943
11992,118,3,92,460.8780570374999
11993,118,3,93,442.448777830456
11994,118,3,94,443.70964413046
11995,118,3,95,463.85749128419286
11996,118,3,96,402.19570171186496
11997,118,3,97,423.98708482801845
11998,118,3,98,444.25004380646124
11999,118,3,99,427.18265327459164
