,world,hole,sim,x_pos
0,2,1,0,218.95311839548697
1,2,1,1,198.62032387998073
2,2,1,2,109.81513459348835
3,2,1,3,219.70670827566906
4,2,1,4,93.01879276556473
5,2,1,5,253.11820899671432
6,2,1,6,92.92200397578753
7,2,1,7,92.92976685385527
8,2,1,8,222.13887564589422
9,2,1,9,68.79024907140003
10,2,1,10,92.88581875911966
11,2,1,11,92.32990759166037
12,2,1,12,71.42929215346864
13,2,1,13,218.91029352586852
14,2,1,14,92.93859802464209
15,2,1,15,241.99096855133152
16,2,1,16,93.01090173004485
17,2,1,17,218.92457912785707
18,2,1,18,71.9752489026814
19,2,1,19,218.959682571401
20,2,1,20,80.94552481921197
21,2,1,21,93.0058626172725
22,2,1,22,98.80854474839688
23,2,1,23,72.72204832129786
24,2,1,24,89.70930878011585
25,2,1,25,70.02833884902631
26,2,1,26,92.90542792309891
27,2,1,27,219.57039848092745
28,2,1,28,218.92931382935825
29,2,1,29,219.32483687387145
30,2,1,30,219.03144183161197
31,2,1,31,105.09383579643436
32,2,1,32,225.66558715581783
33,2,1,33,67.73714840966963
34,2,1,34,93.02128622411976
35,2,1,35,69.63992454412414
36,2,1,36,84.91256223170288
37,2,1,37,216.9755368834973
38,2,1,38,92.50256724338708
39,2,1,39,219.65274704280276
40,2,1,40,219.00516600891459
41,2,1,41,87.96193235995095
42,2,1,42,219.61151843642065
43,2,1,43,92.98885900587693
44,2,1,44,219.03496711858563
45,2,1,45,88.18020779246389
46,2,1,46,92.9463317179491
47,2,1,47,92.19299027962916
48,2,1,48,92.89390692523666
49,2,1,49,200.47285851969298
50,2,1,50,219.28263267888866
51,2,1,51,93.0172980041683
52,2,1,52,218.90132287344346
53,2,1,53,218.91270146673858
54,2,1,54,93.31262230665153
55,2,1,55,92.88491263398244
56,2,1,56,93.01211933194888
57,2,1,57,71.57490847289455
58,2,1,58,99.83511311989494
59,2,1,59,92.99509289813926
60,2,1,60,92.9951337233596
61,2,1,61,211.42598036846573
62,2,1,62,77.58078958927781
63,2,1,63,100.85895064802904
64,2,1,64,218.96989830543203
65,2,1,65,71.64425887035675
66,2,1,66,92.9488182599979
67,2,1,67,218.94537518414546
68,2,1,68,99.83786302472443
69,2,1,69,93.01815420568089
70,2,1,70,92.96926726644955
71,2,1,71,72.26497050756561
72,2,1,72,240.61727004019076
73,2,1,73,92.37979340214619
74,2,1,74,207.31376017871108
75,2,1,75,92.95554521531912
76,2,1,76,67.79229634484174
77,2,1,77,205.23281830584943
78,2,1,78,67.07390152477019
79,2,1,79,218.93026928291997
80,2,1,80,93.02104912655108
81,2,1,81,92.93596334072618
82,2,1,82,71.30635061830584
83,2,1,83,85.49197516725123
84,2,1,84,103.35803288404341
85,2,1,85,218.99940033683754
86,2,1,86,80.1516198136954
87,2,1,87,218.9620590429913
88,2,1,88,218.94444834739267
89,2,1,89,220.88426623306705
90,2,1,90,89.63204277569902
91,2,1,91,74.55027604728764
92,2,1,92,92.99528643648844
93,2,1,93,93.00260107053977
94,2,1,94,212.11010723472546
95,2,1,95,92.96262546819993
96,2,1,96,81.4562598171703
97,2,1,97,218.9180218393624
98,2,1,98,91.96149363431489
99,2,1,99,219.033310909792
100,2,2,0,196.50929381204583
101,2,2,1,192.3929976617003
102,2,2,2,199.55484153161896
103,2,2,3,226.74893731516187
104,2,2,4,231.4642292818435
105,2,2,5,242.9901061429294
106,2,2,6,369.02598049784666
107,2,2,7,224.44794654369932
108,2,2,8,207.61757065854616
109,2,2,9,367.41512141058905
110,2,2,10,367.4177272680843
111,2,2,11,234.70288431545484
112,2,2,12,446.99254583516796
113,2,2,13,391.837704556167
114,2,2,14,404.4675420543525
115,2,2,15,213.41817444185628
116,2,2,16,429.07817976512604
117,2,2,17,515.0651089435837
118,2,2,18,367.41559220920806
119,2,2,19,367.7340920951377
120,2,2,20,405.07994708713994
121,2,2,21,488.6381283950857
122,2,2,22,414.45901356156736
123,2,2,23,367.41224062449345
124,2,2,24,423.1365090474658
125,2,2,25,405.8670303445626
126,2,2,26,412.3699173734251
127,2,2,27,202.33654963232297
128,2,2,28,405.9744931657994
129,2,2,29,367.47113135665313
130,2,2,30,459.3557283350022
131,2,2,31,419.58828785205435
132,2,2,32,400.5748797259717
133,2,2,33,201.02309770702
134,2,2,34,243.022372160136
135,2,2,35,367.44751411183125
136,2,2,36,367.4739893187731
137,2,2,37,410.96092444516046
138,2,2,38,235.58306643245183
139,2,2,39,206.94316313819184
140,2,2,40,447.8865717827707
141,2,2,41,188.09453209348143
142,2,2,42,481.50496107722347
143,2,2,43,214.77457108839133
144,2,2,44,242.2876219634427
145,2,2,45,467.1910313037632
146,2,2,46,367.4355407059496
147,2,2,47,192.71572175178574
148,2,2,48,367.38138303780283
149,2,2,49,370.08654655018876
150,2,2,50,368.97022227490413
151,2,2,51,242.6323437898288
152,2,2,52,367.4275876616862
153,2,2,53,368.07357716140336
154,2,2,54,477.50197234720315
155,2,2,55,231.7904096880136
156,2,2,56,367.3766213618265
157,2,2,57,458.76855478754527
158,2,2,58,429.7523108004853
159,2,2,59,221.46441120092692
160,2,2,60,368.0708481141003
161,2,2,61,367.3875518182689
162,2,2,62,430.13569445344365
163,2,2,63,201.31848446312662
164,2,2,64,367.77381326463217
165,2,2,65,368.1273346777879
166,2,2,66,188.32566980040775
167,2,2,67,367.533840978124
168,2,2,68,474.9976470891173
169,2,2,69,423.7072936478489
170,2,2,70,437.34028730665517
171,2,2,71,368.7393785313239
172,2,2,72,242.99283906279248
173,2,2,73,187.636316031903
174,2,2,74,242.96798091436213
175,2,2,75,205.00781738899116
176,2,2,76,450.7966563191025
177,2,2,77,468.3452468559683
178,2,2,78,368.2116213950935
179,2,2,79,395.8478350204678
180,2,2,80,418.80652375815544
181,2,2,81,367.5946969950809
182,2,2,82,242.7665387233215
183,2,2,83,418.91479434771315
184,2,2,84,436.12938318749644
185,2,2,85,367.5898448637985
186,2,2,86,212.1145014281448
187,2,2,87,436.4816373251711
188,2,2,88,367.43985516827433
189,2,2,89,434.86653013317715
190,2,2,90,438.5842228897906
191,2,2,91,479.0341001077517
192,2,2,92,411.15513747165215
193,2,2,93,442.99121629324895
194,2,2,94,242.8796498141781
195,2,2,95,367.450816980316
196,2,2,96,449.16009653711757
197,2,2,97,454.93659280490846
198,2,2,98,190.297765970594
199,2,2,99,242.90578112820222
200,2,3,0,513.7093120137325
201,2,3,1,526.2259715699257
202,2,3,2,521.4051106457085
203,2,3,3,524.5776746151384
204,2,3,4,513.1709342012949
205,2,3,5,513.3977416626993
206,2,3,6,506.2987146894618
207,2,3,7,513.197160719394
208,2,3,8,496.2327223330043
209,2,3,9,509.76414726941437
210,2,3,10,513.1846430218752
211,2,3,11,513.5538296002278
212,2,3,12,513.2654085382759
213,2,3,13,511.83953804382986
214,2,3,14,509.8713555538048
215,2,3,15,515.294624768644
216,2,3,16,498.7306380976769
217,2,3,17,513.2064636178085
218,2,3,18,535.4314486413496
219,2,3,19,484.579407297583
220,2,3,20,513.4488344862874
221,2,3,21,487.160610612604
222,2,3,22,507.36313741022576
223,2,3,23,500.4821432597468
224,2,3,24,513.1517578946103
225,2,3,25,513.2519047976122
226,2,3,26,519.3871690409239
227,2,3,27,513.3552760951192
228,2,3,28,516.0792240913433
229,2,3,29,525.4675393607788
230,2,3,30,530.7331815521657
231,2,3,31,520.56110534532
232,2,3,32,506.717009807893
233,2,3,33,513.2405451570589
234,2,3,34,527.5048956733671
235,2,3,35,513.2355917517016
236,2,3,36,474.8944186270142
237,2,3,37,475.719573932676
238,2,3,38,513.1865324982448
239,2,3,39,509.38121261179947
240,2,3,40,508.52924001985093
241,2,3,41,513.1466257452995
242,2,3,42,509.7896090959181
243,2,3,43,513.3170509678243
244,2,3,44,370.9515785807079
245,2,3,45,514.4361755955434
246,2,3,46,513.4569437653413
247,2,3,47,513.1696409732825
248,2,3,48,490.41635492149237
249,2,3,49,515.7383147789095
250,2,3,50,513.2726660325177
251,2,3,51,501.9839725559349
252,2,3,52,519.4181147283128
253,2,3,53,519.4922198528062
254,2,3,54,523.9934650831336
255,2,3,55,523.3222738030735
256,2,3,56,523.4192284232785
257,2,3,57,484.3403804925699
258,2,3,58,501.5878238953039
259,2,3,59,524.6249615600223
260,2,3,60,513.3446575989362
261,2,3,61,502.21170825397235
262,2,3,62,513.1541560203027
263,2,3,63,513.1307537526283
264,2,3,64,513.5779285042079
265,2,3,65,534.769497466833
266,2,3,66,513.2588950695593
267,2,3,67,466.30045531052394
268,2,3,68,513.2790733263356
269,2,3,69,532.3242352830598
270,2,3,70,507.57310061345476
271,2,3,71,513.4058632485879
272,2,3,72,513.1624172063919
273,2,3,73,513.3599758325912
274,2,3,74,513.1801871005491
275,2,3,75,390.07747213124577
276,2,3,76,513.4348737539382
277,2,3,77,486.2882099607579
278,2,3,78,529.7988591199609
279,2,3,79,513.4097143768623
280,2,3,80,517.5432731062214
281,2,3,81,520.5082832109899
282,2,3,82,374.9939296805661
283,2,3,83,511.43983224606234
284,2,3,84,513.1319251798888
285,2,3,85,472.99973732659896
286,2,3,86,478.6602930854448
287,2,3,87,527.7961109650012
288,2,3,88,378.2184565121439
289,2,3,89,513.8593996113254
290,2,3,90,514.2953352865384
291,2,3,91,509.89368940821123
292,2,3,92,509.8014869444807
293,2,3,93,513.3975923036983
294,2,3,94,390.65367535564934
295,2,3,95,494.20110050272126
296,2,3,96,513.1359545567113
297,2,3,97,515.4786552303727
298,2,3,98,513.4859144500809
299,2,3,99,522.710795157099
300,6,1,0,298.4901407852352
301,6,1,1,222.55797679523116
302,6,1,2,337.537786833873
303,6,1,3,294.2628763087949
304,6,1,4,222.40990834633723
305,6,1,5,285.4048616066987
306,6,1,6,282.22237540875125
307,6,1,7,222.5737154772398
308,6,1,8,222.48111133308475
309,6,1,9,287.6170802686564
310,6,1,10,284.01509140204763
311,6,1,11,222.5782841801534
312,6,1,12,222.39191680036836
313,6,1,13,265.03909875181836
314,6,1,14,222.39330166550445
315,6,1,15,222.73430354818026
316,6,1,16,222.4807013749408
317,6,1,17,222.72145422619752
318,6,1,18,222.4979862833052
319,6,1,19,222.43440367457188
320,6,1,20,223.40159759914334
321,6,1,21,326.6463016888394
322,6,1,22,222.77979821777524
323,6,1,23,227.21301293550553
324,6,1,24,222.51635946738557
325,6,1,25,222.4892506843766
326,6,1,26,222.5057041001866
327,6,1,27,222.61523224640743
328,6,1,28,264.51810859726766
329,6,1,29,222.39077456648158
330,6,1,30,222.4851873770961
331,6,1,31,222.39247463699613
332,6,1,32,351.22228495240404
333,6,1,33,365.3576337733256
334,6,1,34,222.4276665574661
335,6,1,35,274.7527914261413
336,6,1,36,312.5610485170275
337,6,1,37,320.43089323192333
338,6,1,38,290.8757764212845
339,6,1,39,300.5674990749805
340,6,1,40,274.3751097947104
341,6,1,41,283.1228413624302
342,6,1,42,365.0228440568385
343,6,1,43,222.81282298568289
344,6,1,44,281.0180166815504
345,6,1,45,306.7531118807969
346,6,1,46,272.9548726746379
347,6,1,47,305.7400115666429
348,6,1,48,406.12256268810717
349,6,1,49,272.5639648786075
350,6,1,50,268.0967033883326
351,6,1,51,222.44718074019593
352,6,1,52,295.2155922685009
353,6,1,53,222.63367055838944
354,6,1,54,265.3100650094143
355,6,1,55,326.3165244120206
356,6,1,56,222.5848551821738
357,6,1,57,222.88024006621276
358,6,1,58,325.8483383108303
359,6,1,59,222.45364701711426
360,6,1,60,222.3911879274427
361,6,1,61,222.56791410553058
362,6,1,62,314.8085723729518
363,6,1,63,222.40793702337632
364,6,1,64,222.55423655483395
365,6,1,65,222.50537786239235
366,6,1,66,269.58461304403147
367,6,1,67,222.47836949347655
368,6,1,68,222.40363601356538
369,6,1,69,294.30471149067154
370,6,1,70,314.1611254535387
371,6,1,71,310.9385798708345
372,6,1,72,223.18095815583533
373,6,1,73,222.50445810630217
374,6,1,74,340.55521507885584
375,6,1,75,222.4169981539445
376,6,1,76,368.9279263822378
377,6,1,77,270.904475811184
378,6,1,78,222.39250788432096
379,6,1,79,314.47743340376826
380,6,1,80,222.40938639519607
381,6,1,81,310.88056105806345
382,6,1,82,296.571045501202
383,6,1,83,222.48413120803255
384,6,1,84,222.38770209044975
385,6,1,85,222.43300859190293
386,6,1,86,222.74501931519725
387,6,1,87,222.6378231464146
388,6,1,88,305.6214516357567
389,6,1,89,340.8995534284519
390,6,1,90,222.46382777014927
391,6,1,91,222.4071923008259
392,6,1,92,222.45510555672126
393,6,1,93,223.00525670126862
394,6,1,94,222.41365469897943
395,6,1,95,359.59759795559035
396,6,1,96,270.5737889894986
397,6,1,97,222.70056825937112
398,6,1,98,295.2194542038564
399,6,1,99,222.42922068060673
400,6,2,0,263.6937799447727
401,6,2,1,334.1573882742732
402,6,2,2,285.53831796134426
403,6,2,3,262.63182132486
404,6,2,4,319.25988840261317
405,6,2,5,284.23190389369245
406,6,2,6,258.15308916190537
407,6,2,7,315.86875489397266
408,6,2,8,315.85949485826
409,6,2,9,275.6300757647762
410,6,2,10,299.20745338578246
411,6,2,11,314.0809587694221
412,6,2,12,303.0876286569296
413,6,2,13,339.33187872516555
414,6,2,14,322.198895419174
415,6,2,15,263.8526917422757
416,6,2,16,264.41421833686485
417,6,2,17,300.76973120144805
418,6,2,18,258.35151637789704
419,6,2,19,263.9966526210462
420,6,2,20,259.32401219439316
421,6,2,21,338.5007554348751
422,6,2,22,275.63007687491574
423,6,2,23,289.768766777099
424,6,2,24,283.77447530173663
425,6,2,25,327.41559152045465
426,6,2,26,293.73983983944345
427,6,2,27,259.59290343688514
428,6,2,28,252.922659011632
429,6,2,29,256.889729673295
430,6,2,30,345.75266968594906
431,6,2,31,341.0678672930117
432,6,2,32,267.0466584986663
433,6,2,33,343.0785100694155
434,6,2,34,339.63672524684546
435,6,2,35,316.2197906645797
436,6,2,36,331.75419992525383
437,6,2,37,258.38572553348325
438,6,2,38,266.88281896417226
439,6,2,39,301.3169120954071
440,6,2,40,306.1004623494012
441,6,2,41,260.02844688979246
442,6,2,42,277.3886726158264
443,6,2,43,256.72184100468274
444,6,2,44,302.4947321493474
445,6,2,45,339.4420045008318
446,6,2,46,339.6222483030461
447,6,2,47,339.96885303054916
448,6,2,48,262.4015520890436
449,6,2,49,320.47673955546475
450,6,2,50,337.06001739147246
451,6,2,51,293.6949447411195
452,6,2,52,329.8091158540171
453,6,2,53,305.2750284633428
454,6,2,54,327.6468436497595
455,6,2,55,339.76958563165715
456,6,2,56,258.6711692868995
457,6,2,57,266.69346491837734
458,6,2,58,311.38161875155026
459,6,2,59,247.71119581661156
460,6,2,60,341.4914072796222
461,6,2,61,323.3359450989818
462,6,2,62,260.06901108194216
463,6,2,63,285.37489299504887
464,6,2,64,304.4204896324036
465,6,2,65,336.29255108710146
466,6,2,66,354.1828669393342
467,6,2,67,293.7091945630771
468,6,2,68,340.50757697762515
469,6,2,69,343.2559524878764
470,6,2,70,260.34620859597055
471,6,2,71,261.8950277601031
472,6,2,72,291.9310843305878
473,6,2,73,327.4183679834861
474,6,2,74,313.57299684436305
475,6,2,75,292.77307525528073
476,6,2,76,263.7286426899421
477,6,2,77,313.8581056845615
478,6,2,78,264.4123952572569
479,6,2,79,321.45560994616767
480,6,2,80,261.0600479801657
481,6,2,81,260.94995541230315
482,6,2,82,266.84416973799
483,6,2,83,306.25193521901474
484,6,2,84,321.10832087785144
485,6,2,85,325.39633929326175
486,6,2,86,286.959689503609
487,6,2,87,274.0685964129558
488,6,2,88,256.59939865576706
489,6,2,89,334.437184729846
490,6,2,90,280.0686402812732
491,6,2,91,314.6124496116353
492,6,2,92,302.6115196976552
493,6,2,93,317.3323028138344
494,6,2,94,339.8911324535619
495,6,2,95,312.5434740610874
496,6,2,96,323.9395042647141
497,6,2,97,258.58250763151256
498,6,2,98,302.70750938162263
499,6,2,99,266.5792548854024
500,6,3,0,454.3769140193774
501,6,3,1,490.7130987296066
502,6,3,2,417.7951206753294
503,6,3,3,434.827482462106
504,6,3,4,430.5913013416573
505,6,3,5,460.7435991090517
506,6,3,6,405.6980243399978
507,6,3,7,415.3728552437568
508,6,3,8,408.9056027246398
509,6,3,9,494.35682447024647
510,6,3,10,471.5785789603108
511,6,3,11,452.17977141996045
512,6,3,12,417.3516713676965
513,6,3,13,484.19353499749235
514,6,3,14,487.69370781265263
515,6,3,15,445.6358724168981
516,6,3,16,408.76237736890533
517,6,3,17,437.19591618644716
518,6,3,18,452.5735290043271
519,6,3,19,486.3007581679708
520,6,3,20,460.97302188954717
521,6,3,21,474.2353826675649
522,6,3,22,432.89778192367027
523,6,3,23,417.0877361128176
524,6,3,24,475.10348262799846
525,6,3,25,488.5418836535946
526,6,3,26,444.23739458571276
527,6,3,27,432.2635399209579
528,6,3,28,484.50412246337396
529,6,3,29,411.1159061353829
530,6,3,30,450.23668633506406
531,6,3,31,442.474603142581
532,6,3,32,426.70278991159165
533,6,3,33,451.1372930070832
534,6,3,34,416.8383209208967
535,6,3,35,483.9979284492107
536,6,3,36,483.8492575222968
537,6,3,37,489.93179294234454
538,6,3,38,402.25891692255925
539,6,3,39,488.5377287448705
540,6,3,40,459.3526199939717
541,6,3,41,450.7021468307285
542,6,3,42,442.537232073738
543,6,3,43,457.7143413149407
544,6,3,44,448.11662888077666
545,6,3,45,495.296074227963
546,6,3,46,490.5068340724994
547,6,3,47,454.65048212311905
548,6,3,48,430.2479750585594
549,6,3,49,491.32154518034093
550,6,3,50,487.35530619031476
551,6,3,51,477.7771265186719
552,6,3,52,417.4574004046915
553,6,3,53,466.1828269232714
554,6,3,54,489.58930252778987
555,6,3,55,451.34566980664016
556,6,3,56,466.61326744673795
557,6,3,57,482.44606329358845
558,6,3,58,424.248010285616
559,6,3,59,460.5738754825313
560,6,3,60,465.0071066991423
561,6,3,61,443.55158832280705
562,6,3,62,442.1313734479528
563,6,3,63,495.76803124251325
564,6,3,64,435.38139603534506
565,6,3,65,464.99098482724696
566,6,3,66,436.5895845652457
567,6,3,67,485.1128767594585
568,6,3,68,455.7968117037337
569,6,3,69,404.80520774167167
570,6,3,70,455.09574899198174
571,6,3,71,446.9124906834454
572,6,3,72,448.23280774138937
573,6,3,73,428.6989965677612
574,6,3,74,394.9147901540918
575,6,3,75,440.89039269510897
576,6,3,76,406.2966532637839
577,6,3,77,440.54824682957394
578,6,3,78,411.16451302271076
579,6,3,79,483.6516474392879
580,6,3,80,442.48133358878164
581,6,3,81,464.562558388192
582,6,3,82,394.7442856334499
583,6,3,83,461.0461086475959
584,6,3,84,435.6830974354181
585,6,3,85,448.19641960179973
586,6,3,86,442.77732809171863
587,6,3,87,491.8548681781592
588,6,3,88,408.1338166471694
589,6,3,89,487.947519984055
590,6,3,90,444.20123970322766
591,6,3,91,448.20576645670326
592,6,3,92,469.69062456644554
593,6,3,93,462.3676147920814
594,6,3,94,409.5016632990012
595,6,3,95,490.4705914034869
596,6,3,96,405.6038380825938
597,6,3,97,465.036143092909
598,6,3,98,453.48781956294556
599,6,3,99,443.299879360302
600,9,1,0,242.07009578881735
601,9,1,1,78.3663337824193
602,9,1,2,76.89353586154512
603,9,1,3,64.35066696305933
604,9,1,4,96.9951546974776
605,9,1,5,82.93950424529767
606,9,1,6,234.71128898403703
607,9,1,7,80.52027949189599
608,9,1,8,79.62508445683409
609,9,1,9,227.9260853768407
610,9,1,10,97.02002101697647
611,9,1,11,65.57900996255532
612,9,1,12,264.4582467885066
613,9,1,13,65.0206215795478
614,9,1,14,76.24425017147563
615,9,1,15,271.86956833142756
616,9,1,16,226.447173569499
617,9,1,17,64.40174274002835
618,9,1,18,77.69122877447904
619,9,1,19,222.89753071913802
620,9,1,20,74.99568028998172
621,9,1,21,249.02585916143678
622,9,1,22,97.02085686316586
623,9,1,23,95.1023780458763
624,9,1,24,78.16451116374611
625,9,1,25,70.86526872380952
626,9,1,26,238.8214050740371
627,9,1,27,66.7398600236914
628,9,1,28,238.57924241999598
629,9,1,29,88.94841319801785
630,9,1,30,80.22205417422937
631,9,1,31,97.01676199635396
632,9,1,32,222.8164816261846
633,9,1,33,79.28254392358348
634,9,1,34,232.1665861771025
635,9,1,35,74.65553481894636
636,9,1,36,75.24816164145265
637,9,1,37,65.03408963378152
638,9,1,38,74.3575236313515
639,9,1,39,245.3820223200876
640,9,1,40,64.98339934380452
641,9,1,41,77.9437420463957
642,9,1,42,63.86735812450962
643,9,1,43,80.44440131164131
644,9,1,44,66.6125172943535
645,9,1,45,77.15956524426322
646,9,1,46,82.88358870948278
647,9,1,47,96.868705779944
648,9,1,48,245.8410380384285
649,9,1,49,247.64044962665105
650,9,1,50,236.8293162295913
651,9,1,51,76.07280646066877
652,9,1,52,69.35801165961085
653,9,1,53,65.04385978619852
654,9,1,54,67.87704071977126
655,9,1,55,79.88463110405057
656,9,1,56,74.52649844181535
657,9,1,57,240.7218747119693
658,9,1,58,86.08643262828801
659,9,1,59,96.63304032166721
660,9,1,60,96.83404197172504
661,9,1,61,274.6405170602604
662,9,1,62,65.0170338694872
663,9,1,63,95.66516634700153
664,9,1,64,70.8909142270379
665,9,1,65,67.05422556080167
666,9,1,66,82.6144898712342
667,9,1,67,77.04155259527455
668,9,1,68,75.57195146826342
669,9,1,69,69.4158631799074
670,9,1,70,76.77241082304246
671,9,1,71,69.04920145571549
672,9,1,72,96.93862288349558
673,9,1,73,64.30084926556562
674,9,1,74,75.9759421031001
675,9,1,75,93.94774632151065
676,9,1,76,74.23067620754178
677,9,1,77,248.48292092554178
678,9,1,78,88.48147145879366
679,9,1,79,96.99110243333446
680,9,1,80,96.95483254623485
681,9,1,81,229.2952420677154
682,9,1,82,243.53737515538114
683,9,1,83,72.08734380608134
684,9,1,84,70.32261562344029
685,9,1,85,87.3763848008073
686,9,1,86,78.60692217846783
687,9,1,87,70.4838591841526
688,9,1,88,239.8149181255366
689,9,1,89,82.9150105596691
690,9,1,90,96.99225717512715
691,9,1,91,104.2332829619262
692,9,1,92,275.01651170272953
693,9,1,93,241.2172441624725
694,9,1,94,230.3303647387352
695,9,1,95,97.02851766485217
696,9,1,96,62.74692348516763
697,9,1,97,77.72083221170229
698,9,1,98,237.21466911429258
699,9,1,99,74.7077906454461
700,9,2,0,291.5188178945994
701,9,2,1,261.01751236455135
702,9,2,2,346.7635703798695
703,9,2,3,346.961637572231
704,9,2,4,335.64588290443146
705,9,2,5,285.3115065504966
706,9,2,6,269.0259121928391
707,9,2,7,253.18133802396977
708,9,2,8,335.89930458881685
709,9,2,9,343.73582936642816
710,9,2,10,314.8918656372259
711,9,2,11,309.1972182666726
712,9,2,12,346.88738235073623
713,9,2,13,339.7962286893306
714,9,2,14,334.85013103586374
715,9,2,15,281.7500718551737
716,9,2,16,333.2761720705579
717,9,2,17,292.5938901516192
718,9,2,18,257.51384595229007
719,9,2,19,303.23995373342063
720,9,2,20,305.96948926991473
721,9,2,21,342.0022188111937
722,9,2,22,260.3198410630263
723,9,2,23,260.15109320673923
724,9,2,24,283.7070683925053
725,9,2,25,297.1427034753148
726,9,2,26,306.0837824290946
727,9,2,27,347.4053449538843
728,9,2,28,303.0035795871041
729,9,2,29,267.19486109230604
730,9,2,30,272.5842262759027
731,9,2,31,341.64260782490913
732,9,2,32,261.3030409783181
733,9,2,33,261.7753323009187
734,9,2,34,316.24332382368135
735,9,2,35,275.4237927483274
736,9,2,36,306.00869394627455
737,9,2,37,341.03848597264937
738,9,2,38,321.6212691905899
739,9,2,39,261.20878384060524
740,9,2,40,302.30313922722445
741,9,2,41,352.67118947708707
742,9,2,42,247.2338754456528
743,9,2,43,273.9441806728641
744,9,2,44,261.0586201346285
745,9,2,45,339.1961886997101
746,9,2,46,320.7881481141314
747,9,2,47,345.8465924291287
748,9,2,48,275.87813545954106
749,9,2,49,293.1436033628071
750,9,2,50,296.24356158330625
751,9,2,51,334.09964695167116
752,9,2,52,335.4526129582577
753,9,2,53,308.6262861003556
754,9,2,54,342.3404580976102
755,9,2,55,339.9986816942218
756,9,2,56,307.11021835639457
757,9,2,57,258.0284363321696
758,9,2,58,285.8257330073585
759,9,2,59,279.24321133545163
760,9,2,60,269.02484098740365
761,9,2,61,261.22454222620024
762,9,2,62,290.53881228724674
763,9,2,63,343.5340169572104
764,9,2,64,304.6249722614082
765,9,2,65,325.3634025405606
766,9,2,66,309.3418822865041
767,9,2,67,280.5137949641919
768,9,2,68,270.68277242579074
769,9,2,69,246.43644097116803
770,9,2,70,318.7703480608427
771,9,2,71,258.474825334199
772,9,2,72,294.7776620577123
773,9,2,73,254.37788256825306
774,9,2,74,308.1524538617507
775,9,2,75,263.8428507063661
776,9,2,76,331.68797163311876
777,9,2,77,278.40225568773275
778,9,2,78,261.2092349696487
779,9,2,79,301.8416605534057
780,9,2,80,308.9343202325532
781,9,2,81,246.17594641900678
782,9,2,82,333.7226955855711
783,9,2,83,272.58405932272876
784,9,2,84,302.4042945958975
785,9,2,85,352.6253031362308
786,9,2,86,284.3316216607219
787,9,2,87,330.96859249445833
788,9,2,88,258.01026171098897
789,9,2,89,260.21133018177596
790,9,2,90,276.013320123329
791,9,2,91,318.2692738705705
792,9,2,92,331.7560061314167
793,9,2,93,278.4310151245329
794,9,2,94,331.2729880175559
795,9,2,95,336.7536834626018
796,9,2,96,257.09094648167115
797,9,2,97,287.81250794919464
798,9,2,98,270.25854137762013
799,9,2,99,353.1475523963721
800,9,3,0,375.49305128003266
801,9,3,1,359.67207601787345
802,9,3,2,375.1784099242127
803,9,3,3,360.1489962385637
804,9,3,4,375.986444815008
805,9,3,5,375.1508844061874
806,9,3,6,374.566235098687
807,9,3,7,365.0076500376723
808,9,3,8,374.4318267008809
809,9,3,9,369.93959873511926
810,9,3,10,506.3138452435767
811,9,3,11,377.4324260242847
812,9,3,12,368.91368536123906
813,9,3,13,379.94479630022283
814,9,3,14,520.4787783271962
815,9,3,15,371.9662665674792
816,9,3,16,375.86502716002735
817,9,3,17,369.4655441957182
818,9,3,18,361.58833510688623
819,9,3,19,361.9280195296522
820,9,3,20,368.58822887848
821,9,3,21,375.8223684943699
822,9,3,22,372.0506642268204
823,9,3,23,367.78915948788074
824,9,3,24,362.60437890085734
825,9,3,25,530.4349629992333
826,9,3,26,371.95712373371856
827,9,3,27,362.4251664365393
828,9,3,28,368.59696604972555
829,9,3,29,377.6182042715133
830,9,3,30,372.1999110160538
831,9,3,31,376.9139741633657
832,9,3,32,506.402490605037
833,9,3,33,368.11512996046366
834,9,3,34,375.8959019250529
835,9,3,35,379.40573232216866
836,9,3,36,371.3221638170149
837,9,3,37,365.4506491009532
838,9,3,38,374.7158517383507
839,9,3,39,312.93031754233556
840,9,3,40,506.3262076542121
841,9,3,41,372.8482346459751
842,9,3,42,367.7622489101832
843,9,3,43,369.5880749354097
844,9,3,44,370.5749046623689
845,9,3,45,364.18834112873924
846,9,3,46,371.6846847948196
847,9,3,47,375.640267339969
848,9,3,48,374.754714336098
849,9,3,49,371.0912568951782
850,9,3,50,506.304919505619
851,9,3,51,379.3980271044
852,9,3,52,360.4083339536679
853,9,3,53,371.10061452024803
854,9,3,54,369.54161165237815
855,9,3,55,317.1122364097077
856,9,3,56,374.21245510535664
857,9,3,57,369.3015906961825
858,9,3,58,362.9310689329173
859,9,3,59,506.4620076112979
860,9,3,60,368.05980408643666
861,9,3,61,369.4717530267065
862,9,3,62,364.0530608917903
863,9,3,63,370.52800749955435
864,9,3,64,368.862476661788
865,9,3,65,362.65792674364286
866,9,3,66,369.9515814875426
867,9,3,67,369.42284011062793
868,9,3,68,366.509869860419
869,9,3,69,373.9754274630215
870,9,3,70,365.65023879420835
871,9,3,71,364.30220178549206
872,9,3,72,373.790317623553
873,9,3,73,361.2663135249967
874,9,3,74,368.0605948187341
875,9,3,75,364.2679043133971
876,9,3,76,506.31864292755523
877,9,3,77,369.5748032359749
878,9,3,78,366.33418408970664
879,9,3,79,380.2229597434127
880,9,3,80,370.76416212583746
881,9,3,81,374.4630895196193
882,9,3,82,370.04711756641655
883,9,3,83,506.2924759840329
884,9,3,84,376.9976179411411
885,9,3,85,376.05310790209387
886,9,3,86,527.6051806617845
887,9,3,87,373.9190498207622
888,9,3,88,373.7354910467182
889,9,3,89,366.1666666626228
890,9,3,90,371.6625309959982
891,9,3,91,358.13658857647835
892,9,3,92,379.50403075616435
893,9,3,93,376.1556431414737
894,9,3,94,366.78455602943325
895,9,3,95,366.49366050420167
896,9,3,96,359.2858644444254
897,9,3,97,370.8663369030196
898,9,3,98,506.4684079963502
899,9,3,99,380.20356120483336
900,10,1,0,94.17560749843194
901,10,1,1,94.1530294718562
902,10,1,2,86.29783668816602
903,10,1,3,87.29660886839919
904,10,1,4,94.07987948747648
905,10,1,5,93.90729541366349
906,10,1,6,82.42629154084409
907,10,1,7,80.56199066047665
908,10,1,8,93.30529108560147
909,10,1,9,94.17777802235031
910,10,1,10,75.84476075352684
911,10,1,11,94.1772809207376
912,10,1,12,94.18534660700105
913,10,1,13,94.13456526630148
914,10,1,14,94.09542002574338
915,10,1,15,94.1528831939551
916,10,1,16,99.79480027959173
917,10,1,17,94.17516378420741
918,10,1,18,94.06223061838847
919,10,1,19,93.73655240162012
920,10,1,20,94.16662795278057
921,10,1,21,94.18672498189784
922,10,1,22,94.10360758865234
923,10,1,23,74.56742000487208
924,10,1,24,94.18397851413812
925,10,1,25,93.806869002111
926,10,1,26,95.4435453845436
927,10,1,27,99.17022631858575
928,10,1,28,79.81744049017861
929,10,1,29,93.37049068921387
930,10,1,30,77.07101292621228
931,10,1,31,94.10440156575527
932,10,1,32,82.60568369295687
933,10,1,33,87.58578130766041
934,10,1,34,94.1805761547299
935,10,1,35,94.01671493780196
936,10,1,36,94.11547455484371
937,10,1,37,94.28758043013471
938,10,1,38,77.26434748196881
939,10,1,39,94.18371253649384
940,10,1,40,79.21521819393395
941,10,1,41,73.71336337614827
942,10,1,42,93.92425340935667
943,10,1,43,90.85193314284156
944,10,1,44,94.18900737195818
945,10,1,45,81.50269987772573
946,10,1,46,66.72406151431518
947,10,1,47,93.90808776254447
948,10,1,48,94.10808179443538
949,10,1,49,75.96502130686187
950,10,1,50,94.01108074756168
951,10,1,51,76.76805545997014
952,10,1,52,68.02178613665158
953,10,1,53,93.83575244354786
954,10,1,54,76.79986003847962
955,10,1,55,95.62441368951087
956,10,1,56,75.53721943651442
957,10,1,57,93.83463666144128
958,10,1,58,94.0841784474181
959,10,1,59,82.84943128819975
960,10,1,60,94.1902894634509
961,10,1,61,94.01356583190845
962,10,1,62,93.8574710390456
963,10,1,63,92.25879951450652
964,10,1,64,106.77160892903453
965,10,1,65,94.17544201815772
966,10,1,66,87.15542242839079
967,10,1,67,72.45233874253859
968,10,1,68,92.65099260957463
969,10,1,69,73.23903140589
970,10,1,70,79.00117662801851
971,10,1,71,100.61235626757869
972,10,1,72,65.57438843096915
973,10,1,73,94.07727673144623
974,10,1,74,96.50996217285608
975,10,1,75,96.41620804543382
976,10,1,76,78.86785534564993
977,10,1,77,75.0713894803863
978,10,1,78,92.98664233676847
979,10,1,79,93.47416909324323
980,10,1,80,93.24432195840483
981,10,1,81,94.18984031931357
982,10,1,82,91.00567894696906
983,10,1,83,68.26404354749891
984,10,1,84,104.18130894089822
985,10,1,85,93.88420813968703
986,10,1,86,84.25510387897233
987,10,1,87,94.14464228089855
988,10,1,88,94.18126250718466
989,10,1,89,90.24904660710655
990,10,1,90,96.64011654889902
991,10,1,91,93.60357844807088
992,10,1,92,88.44072820716788
993,10,1,93,93.94963585055658
994,10,1,94,75.45395257921182
995,10,1,95,94.09517321825896
996,10,1,96,94.17328444305312
997,10,1,97,94.1860366591906
998,10,1,98,94.17362599433847
999,10,1,99,93.15433825318551
1000,10,2,0,265.28264003342707
1001,10,2,1,306.6220740595475
1002,10,2,2,263.14140614213386
1003,10,2,3,322.7483837541437
1004,10,2,4,337.60854939598784
1005,10,2,5,260.0674755080536
1006,10,2,6,262.2667620437046
1007,10,2,7,286.2235491175744
1008,10,2,8,286.67427014450266
1009,10,2,9,245.76845766277748
1010,10,2,10,260.6489914627377
1011,10,2,11,332.08197596686824
1012,10,2,12,263.98710235879025
1013,10,2,13,337.9907787907926
1014,10,2,14,336.11874557224303
1015,10,2,15,275.4802682214938
1016,10,2,16,340.8736767596881
1017,10,2,17,340.38328152529994
1018,10,2,18,261.5844716845813
1019,10,2,19,341.9222785959912
1020,10,2,20,342.9644670516562
1021,10,2,21,257.23120395043054
1022,10,2,22,288.12666162191584
1023,10,2,23,341.6078526901037
1024,10,2,24,338.97647697863306
1025,10,2,25,339.1869147968143
1026,10,2,26,336.82337161668653
1027,10,2,27,352.9599586767763
1028,10,2,28,323.42508790496817
1029,10,2,29,260.80200812825115
1030,10,2,30,262.8064625116611
1031,10,2,31,324.6546616804658
1032,10,2,32,321.7405002833494
1033,10,2,33,257.23486709598177
1034,10,2,34,251.6687903992631
1035,10,2,35,257.3569687031495
1036,10,2,36,258.4094453762388
1037,10,2,37,306.6167376739911
1038,10,2,38,338.1394863688787
1039,10,2,39,307.5046740978887
1040,10,2,40,325.4991706123825
1041,10,2,41,253.31824499658592
1042,10,2,42,341.40395144536365
1043,10,2,43,300.93383202917465
1044,10,2,44,335.40326729558444
1045,10,2,45,246.8670607176276
1046,10,2,46,262.3563111329014
1047,10,2,47,302.6623405659164
1048,10,2,48,321.4904572774247
1049,10,2,49,260.90413916114386
1050,10,2,50,324.8200725414379
1051,10,2,51,275.9967033539973
1052,10,2,52,258.5286680639947
1053,10,2,53,324.79301623718084
1054,10,2,54,258.9748550921044
1055,10,2,55,276.4940168367845
1056,10,2,56,325.33783048312506
1057,10,2,57,307.719000863166
1058,10,2,58,279.6826086697991
1059,10,2,59,264.8991103869028
1060,10,2,60,291.26866124842155
1061,10,2,61,353.49330413702876
1062,10,2,62,329.04953940224493
1063,10,2,63,286.21372371519004
1064,10,2,64,292.19315565340736
1065,10,2,65,265.4578376378095
1066,10,2,66,247.70258294106006
1067,10,2,67,297.07967308160926
1068,10,2,68,341.91297816753644
1069,10,2,69,347.2455996832347
1070,10,2,70,304.4537991939197
1071,10,2,71,258.09312839423154
1072,10,2,72,335.78733542630584
1073,10,2,73,285.1291792461753
1074,10,2,74,335.21371505155327
1075,10,2,75,275.26926938742326
1076,10,2,76,340.7434569843026
1077,10,2,77,279.4006624550406
1078,10,2,78,338.6313789625729
1079,10,2,79,273.98029401218736
1080,10,2,80,338.6705767544829
1081,10,2,81,283.78021559261
1082,10,2,82,266.35890620857754
1083,10,2,83,304.5811840540368
1084,10,2,84,264.34631333514386
1085,10,2,85,342.87254111297034
1086,10,2,86,259.3026181658234
1087,10,2,87,290.45836732420423
1088,10,2,88,319.26910105931285
1089,10,2,89,293.7295268298263
1090,10,2,90,342.09974855512877
1091,10,2,91,325.2623151483921
1092,10,2,92,306.58731063045303
1093,10,2,93,260.8294905555203
1094,10,2,94,287.32928324900826
1095,10,2,95,331.9719741593974
1096,10,2,96,265.8044791110265
1097,10,2,97,336.02708274008484
1098,10,2,98,342.33392057591965
1099,10,2,99,339.3388132817724
1100,10,3,0,518.2923060128734
1101,10,3,1,385.78480333288405
1102,10,3,2,380.4848982769225
1103,10,3,3,385.5017536930948
1104,10,3,4,361.10644295816917
1105,10,3,5,525.9229456049776
1106,10,3,6,517.7170050274151
1107,10,3,7,378.66149526290724
1108,10,3,8,369.3449861014331
1109,10,3,9,373.9981054414517
1110,10,3,10,357.9599317860442
1111,10,3,11,520.5045337253509
1112,10,3,12,362.14757194530785
1113,10,3,13,534.0850404975764
1114,10,3,14,389.8265780800541
1115,10,3,15,536.9002797882517
1116,10,3,16,520.8606576610149
1117,10,3,17,520.6924615089123
1118,10,3,18,366.7935800553953
1119,10,3,19,521.4200479567469
1120,10,3,20,517.278400237007
1121,10,3,21,520.4321073509766
1122,10,3,22,521.8460388812068
1123,10,3,23,520.8269616527328
1124,10,3,24,522.3677559392197
1125,10,3,25,535.4496619255589
1126,10,3,26,378.83908419412626
1127,10,3,27,378.7627114776518
1128,10,3,28,533.8926177826952
1129,10,3,29,519.5582462906979
1130,10,3,30,518.800433231011
1131,10,3,31,352.7176082782624
1132,10,3,32,380.04333881061996
1133,10,3,33,520.8648646280724
1134,10,3,34,520.0038612890329
1135,10,3,35,518.1927607657032
1136,10,3,36,520.1455883669245
1137,10,3,37,517.2989028964064
1138,10,3,38,533.5859389339106
1139,10,3,39,380.46180648344125
1140,10,3,40,517.1049601529493
1141,10,3,41,374.2404914001066
1142,10,3,42,388.03474766087714
1143,10,3,43,535.8169483869514
1144,10,3,44,362.5140078128461
1145,10,3,45,365.61173804620864
1146,10,3,46,519.0022978237008
1147,10,3,47,379.1317137351891
1148,10,3,48,352.5704220136801
1149,10,3,49,383.017473378935
1150,10,3,50,520.4573569300737
1151,10,3,51,532.1565588270606
1152,10,3,52,364.4732595105297
1153,10,3,53,518.9605187178255
1154,10,3,54,372.9700773516578
1155,10,3,55,375.09889695513493
1156,10,3,56,392.56111799864505
1157,10,3,57,518.308952743555
1158,10,3,58,388.5523272157807
1159,10,3,59,371.3635868055491
1160,10,3,60,380.8853814085819
1161,10,3,61,360.7838456655463
1162,10,3,62,520.222240625608
1163,10,3,63,378.5979458201433
1164,10,3,64,372.0806771117946
1165,10,3,65,392.6191312525332
1166,10,3,66,534.8457411825665
1167,10,3,67,354.5913996168586
1168,10,3,68,536.6623208165335
1169,10,3,69,525.8759722291992
1170,10,3,70,392.34536886767427
1171,10,3,71,360.8645090094138
1172,10,3,72,518.5579638389919
1173,10,3,73,369.03496604526055
1174,10,3,74,535.2367629109859
1175,10,3,75,366.89099641066474
1176,10,3,76,365.40878017922796
1177,10,3,77,361.1183887335656
1178,10,3,78,520.5023741369905
1179,10,3,79,381.689100916969
1180,10,3,80,519.0307043716329
1181,10,3,81,518.026907413593
1182,10,3,82,375.5180148734609
1183,10,3,83,378.80292332197695
1184,10,3,84,392.58493752729777
1185,10,3,85,381.2955200341934
1186,10,3,86,379.2297638079672
1187,10,3,87,363.9544875813476
1188,10,3,88,517.960152654301
1189,10,3,89,519.3099172373712
1190,10,3,90,526.1468207694729
1191,10,3,91,521.211943880673
1192,10,3,92,358.14365301889484
1193,10,3,93,527.3390701956565
1194,10,3,94,511.6144034461404
1195,10,3,95,518.7041618696122
1196,10,3,96,389.1124828725739
1197,10,3,97,521.4684115801748
1198,10,3,98,382.9420862351584
1199,10,3,99,381.03715509933204
1200,12,1,0,143.57277924153388
1201,12,1,1,108.61638829685637
1202,12,1,2,149.96126775489788
1203,12,1,3,155.31923437406482
1204,12,1,4,98.97373711682398
1205,12,1,5,109.31945582469321
1206,12,1,6,117.45993323999433
1207,12,1,7,143.27774534772618
1208,12,1,8,173.07976466627895
1209,12,1,9,148.51632273146262
1210,12,1,10,132.6904980219971
1211,12,1,11,153.86999075392293
1212,12,1,12,128.28963448399696
1213,12,1,13,158.72569552609522
1214,12,1,14,111.87866803686335
1215,12,1,15,152.98946316123389
1216,12,1,16,120.25946080643861
1217,12,1,17,159.94702769472977
1218,12,1,18,192.1224142155352
1219,12,1,19,183.47740686979247
1220,12,1,20,134.99446175186782
1221,12,1,21,115.15418507107967
1222,12,1,22,118.42064926674504
1223,12,1,23,187.2160770611038
1224,12,1,24,129.5409875046366
1225,12,1,25,198.02447590755463
1226,12,1,26,171.50835330129496
1227,12,1,27,185.782084406871
1228,12,1,28,186.6916662389421
1229,12,1,29,163.7448945849883
1230,12,1,30,107.63998546033787
1231,12,1,31,177.28246135724223
1232,12,1,32,144.96455913714806
1233,12,1,33,136.91569300567062
1234,12,1,34,126.44335004663417
1235,12,1,35,190.04644019794574
1236,12,1,36,154.58564135415264
1237,12,1,37,189.3753968718977
1238,12,1,38,171.981011228576
1239,12,1,39,115.6476778657583
1240,12,1,40,130.20315376693594
1241,12,1,41,188.15148387449284
1242,12,1,42,181.027621840001
1243,12,1,43,192.8344709649398
1244,12,1,44,152.4446280934285
1245,12,1,45,149.2058894578277
1246,12,1,46,111.7680061294256
1247,12,1,47,189.90547624912736
1248,12,1,48,158.05197283611145
1249,12,1,49,127.91482250380282
1250,12,1,50,131.86816027345313
1251,12,1,51,137.9411927490874
1252,12,1,52,175.49924367649243
1253,12,1,53,171.30788359683356
1254,12,1,54,141.5302883980053
1255,12,1,55,137.37341224981094
1256,12,1,56,112.74557200927146
1257,12,1,57,108.6301797816413
1258,12,1,58,117.5196089128635
1259,12,1,59,139.52163902346572
1260,12,1,60,175.9173406205636
1261,12,1,61,157.36859997912748
1262,12,1,62,190.04078750362618
1263,12,1,63,170.59119102740584
1264,12,1,64,126.7101460284065
1265,12,1,65,115.8826241269448
1266,12,1,66,188.24665910109792
1267,12,1,67,169.23468816158635
1268,12,1,68,144.22432215088168
1269,12,1,69,140.62249732141896
1270,12,1,70,142.15014899399705
1271,12,1,71,113.73886186238337
1272,12,1,72,175.31005964326468
1273,12,1,73,175.79702102035213
1274,12,1,74,126.26021237506285
1275,12,1,75,145.1591791175134
1276,12,1,76,156.67275350697176
1277,12,1,77,178.66356063244342
1278,12,1,78,184.28778260425304
1279,12,1,79,160.94575916863192
1280,12,1,80,127.20330903245973
1281,12,1,81,130.49812928025304
1282,12,1,82,145.38877527296137
1283,12,1,83,111.5450989964334
1284,12,1,84,116.74374626560584
1285,12,1,85,135.48189096728328
1286,12,1,86,130.57718070663222
1287,12,1,87,138.13613356691735
1288,12,1,88,153.84975604973988
1289,12,1,89,134.9400809503086
1290,12,1,90,173.52737446117715
1291,12,1,91,127.30864400807259
1292,12,1,92,194.11517514149966
1293,12,1,93,167.6096756645723
1294,12,1,94,129.66707161094502
1295,12,1,95,156.39844053810802
1296,12,1,96,186.6255576485548
1297,12,1,97,190.07609235196063
1298,12,1,98,171.52587960595864
1299,12,1,99,165.72146426591652
1300,12,2,0,148.6717668053535
1301,12,2,1,226.0736373909
1302,12,2,2,226.00651699069664
1303,12,2,3,226.03770787993378
1304,12,2,4,226.17516578007653
1305,12,2,5,165.8539442634178
1306,12,2,6,226.18846999517515
1307,12,2,7,70.90942332761647
1308,12,2,8,225.9448951824402
1309,12,2,9,155.78129487359118
1310,12,2,10,392.6848508075485
1311,12,2,11,189.24456670013618
1312,12,2,12,226.21463695372518
1313,12,2,13,151.63422234384814
1314,12,2,14,99.51261869978595
1315,12,2,15,155.63831807890298
1316,12,2,16,369.93238276277305
1317,12,2,17,393.8595289736772
1318,12,2,18,140.52246029304908
1319,12,2,19,136.91512102174008
1320,12,2,20,159.87671113994034
1321,12,2,21,226.14547375269592
1322,12,2,22,226.14732002499153
1323,12,2,23,225.95880397592327
1324,12,2,24,226.20718157058874
1325,12,2,25,129.32457530338667
1326,12,2,26,226.17361256501272
1327,12,2,27,385.95200275047216
1328,12,2,28,163.73556510496041
1329,12,2,29,226.12589804717135
1330,12,2,30,226.2309950302189
1331,12,2,31,181.43846213379348
1332,12,2,32,145.33920939494496
1333,12,2,33,226.1238120252708
1334,12,2,34,149.06379883261775
1335,12,2,35,226.20447946411352
1336,12,2,36,79.15318566120051
1337,12,2,37,182.4383195394563
1338,12,2,38,165.40343288379148
1339,12,2,39,226.1920464008175
1340,12,2,40,408.0586820228097
1341,12,2,41,413.84386401453594
1342,12,2,42,226.14459383681069
1343,12,2,43,226.2301117448194
1344,12,2,44,226.1325739401738
1345,12,2,45,223.62589899043448
1346,12,2,46,408.5103738815004
1347,12,2,47,226.1980124640428
1348,12,2,48,226.23119809780462
1349,12,2,49,226.07044973332412
1350,12,2,50,226.16626301755522
1351,12,2,51,142.9225610959521
1352,12,2,52,226.20366402533665
1353,12,2,53,105.56905851267456
1354,12,2,54,225.8385512320663
1355,12,2,55,196.4260164871212
1356,12,2,56,138.7766442041749
1357,12,2,57,386.4826274145828
1358,12,2,58,400.9707937171225
1359,12,2,59,181.36619405073156
1360,12,2,60,164.2173678952071
1361,12,2,61,173.22115903076627
1362,12,2,62,168.89975072344237
1363,12,2,63,226.01287164334863
1364,12,2,64,226.09353468075412
1365,12,2,65,106.38423322542144
1366,12,2,66,226.15747984947083
1367,12,2,67,226.21656102582557
1368,12,2,68,121.0181738021714
1369,12,2,69,226.1971707522553
1370,12,2,70,440.3903248433357
1371,12,2,71,226.2276948660867
1372,12,2,72,225.96375727596194
1373,12,2,73,140.39926999797115
1374,12,2,74,186.31983695315384
1375,12,2,75,143.36139492442587
1376,12,2,76,226.0891874041973
1377,12,2,77,138.69641778262454
1378,12,2,78,225.48392297738874
1379,12,2,79,226.16807082244543
1380,12,2,80,148.12022384509007
1381,12,2,81,180.15846580729325
1382,12,2,82,226.19319971966823
1383,12,2,83,185.73795959388931
1384,12,2,84,225.70093491748258
1385,12,2,85,168.36444718007152
1386,12,2,86,164.57405376533518
1387,12,2,87,226.0365548076771
1388,12,2,88,226.20138044489326
1389,12,2,89,185.55533724479838
1390,12,2,90,226.2020677447954
1391,12,2,91,224.34404694553143
1392,12,2,92,169.1430976728041
1393,12,2,93,154.9787396030323
1394,12,2,94,390.3745078631914
1395,12,2,95,225.97111372459344
1396,12,2,96,225.19128469058342
1397,12,2,97,411.2634971936723
1398,12,2,98,226.11452021289563
1399,12,2,99,369.97869005753086
1400,12,3,0,519.2986035115531
1401,12,3,1,518.3531340083184
1402,12,3,2,531.1820676171135
1403,12,3,3,530.4040622119828
1404,12,3,4,527.3751188889624
1405,12,3,5,528.9445310407128
1406,12,3,6,502.3416198185342
1407,12,3,7,526.9946632947708
1408,12,3,8,524.1615393608072
1409,12,3,9,502.2045042424279
1410,12,3,10,502.1531212009854
1411,12,3,11,502.3464099446127
1412,12,3,12,532.0960743669874
1413,12,3,13,502.1615150508702
1414,12,3,14,527.935175164497
1415,12,3,15,502.37752957419565
1416,12,3,16,508.9286048949926
1417,12,3,17,527.5725824826781
1418,12,3,18,502.18304306856623
1419,12,3,19,366.96949854025496
1420,12,3,20,502.16311249409756
1421,12,3,21,529.3561463071932
1422,12,3,22,511.15683180829575
1423,12,3,23,502.2408839863281
1424,12,3,24,502.2457311243385
1425,12,3,25,502.58188909408756
1426,12,3,26,502.20240797451504
1427,12,3,27,502.2214596637024
1428,12,3,28,502.6392228859723
1429,12,3,29,532.3608060261312
1430,12,3,30,515.9981864817732
1431,12,3,31,505.64638662168323
1432,12,3,32,502.439574455609
1433,12,3,33,502.67314076227547
1434,12,3,34,502.18193780904375
1435,12,3,35,534.331596911496
1436,12,3,36,517.6441473031945
1437,12,3,37,524.9321890881592
1438,12,3,38,502.1922928970568
1439,12,3,39,503.0730196874777
1440,12,3,40,531.8295443186489
1441,12,3,41,502.15591913880047
1442,12,3,42,526.4772613736275
1443,12,3,43,502.23358476943986
1444,12,3,44,504.6554248878038
1445,12,3,45,502.37718523866715
1446,12,3,46,502.17773248571285
1447,12,3,47,531.9360322144577
1448,12,3,48,502.2088053175465
1449,12,3,49,499.0471442759349
1450,12,3,50,492.83573419316406
1451,12,3,51,502.6174047747595
1452,12,3,52,524.9087671846773
1453,12,3,53,376.6061783476799
1454,12,3,54,502.1983257336151
1455,12,3,55,502.46812035797063
1456,12,3,56,531.5183879391685
1457,12,3,57,502.1579244415969
1458,12,3,58,381.4329082246968
1459,12,3,59,502.8670454167422
1460,12,3,60,502.31975752180125
1461,12,3,61,502.41406933356785
1462,12,3,62,529.8961396699061
1463,12,3,63,502.1869886549338
1464,12,3,64,535.4975249894716
1465,12,3,65,536.7704605817914
1466,12,3,66,502.38295556329524
1467,12,3,67,502.1760179294202
1468,12,3,68,502.1715354543294
1469,12,3,69,502.5296070994316
1470,12,3,70,502.4703638771506
1471,12,3,71,532.4611266576862
1472,12,3,72,502.21659487840554
1473,12,3,73,533.0300888907781
1474,12,3,74,523.3041809663617
1475,12,3,75,503.1096927943482
1476,12,3,76,534.596375698649
1477,12,3,77,502.79318428321295
1478,12,3,78,520.8820804275292
1479,12,3,79,529.4041365883126
1480,12,3,80,536.3879126720512
1481,12,3,81,502.1551767285176
1482,12,3,82,502.9250136554925
1483,12,3,83,490.9900678503069
1484,12,3,84,526.204018240776
1485,12,3,85,520.6288664467909
1486,12,3,86,502.36116198246253
1487,12,3,87,502.20018828478004
1488,12,3,88,502.68336480823064
1489,12,3,89,502.3240326055259
1490,12,3,90,502.214342026472
1491,12,3,91,502.2102902769171
1492,12,3,92,502.3374565858276
1493,12,3,93,518.4953811721713
1494,12,3,94,510.73951803034913
1495,12,3,95,531.5945671787432
1496,12,3,96,502.3945651312333
1497,12,3,97,486.8360201271067
1498,12,3,98,531.691627714131
1499,12,3,99,502.3615012806514
1500,13,1,0,243.92608083107186
1501,13,1,1,247.46480601178453
1502,13,1,2,244.01127472770077
1503,13,1,3,244.0172319276869
1504,13,1,4,230.46518380937275
1505,13,1,5,239.08366774538362
1506,13,1,6,70.56588352335086
1507,13,1,7,213.25903176389207
1508,13,1,8,246.88829397046945
1509,13,1,9,212.70835604589746
1510,13,1,10,243.92688503256065
1511,13,1,11,200.5518910868104
1512,13,1,12,86.9147992701319
1513,13,1,13,216.96797720865766
1514,13,1,14,210.43060465378272
1515,13,1,15,251.80433909397098
1516,13,1,16,216.24300228551368
1517,13,1,17,244.0385467484955
1518,13,1,18,212.70426538457195
1519,13,1,19,243.5869411335345
1520,13,1,20,244.0315441027784
1521,13,1,21,69.59590319037635
1522,13,1,22,223.7344825616642
1523,13,1,23,212.85776620662546
1524,13,1,24,212.75300865758194
1525,13,1,25,220.91336487745212
1526,13,1,26,243.94740092899366
1527,13,1,27,88.40672190754005
1528,13,1,28,226.22957183347137
1529,13,1,29,243.91441821860087
1530,13,1,30,95.79928184560976
1531,13,1,31,251.92820851236593
1532,13,1,32,229.6107093898333
1533,13,1,33,244.03944577345385
1534,13,1,34,249.76840347552374
1535,13,1,35,235.9358279067029
1536,13,1,36,212.73160593052032
1537,13,1,37,230.73504033156223
1538,13,1,38,212.80210849738037
1539,13,1,39,253.22035142716683
1540,13,1,40,213.13933982743544
1541,13,1,41,247.30731353205942
1542,13,1,42,213.1656404689023
1543,13,1,43,243.2579989411625
1544,13,1,44,243.6664506317525
1545,13,1,45,87.67365862516067
1546,13,1,46,212.68924211207135
1547,13,1,47,225.8437805794981
1548,13,1,48,248.54544597588054
1549,13,1,49,244.01981252444702
1550,13,1,50,243.62402280993396
1551,13,1,51,251.98807642930043
1552,13,1,52,238.13771869119515
1553,13,1,53,232.282378457026
1554,13,1,54,230.5354749601044
1555,13,1,55,245.4530594569524
1556,13,1,56,229.7152325197946
1557,13,1,57,212.75305780912467
1558,13,1,58,88.1705953512305
1559,13,1,59,246.36460851330756
1560,13,1,60,212.701881729648
1561,13,1,61,95.53922485623579
1562,13,1,62,212.71449747402932
1563,13,1,63,212.95608030337806
1564,13,1,64,253.04741200545007
1565,13,1,65,214.26017031217182
1566,13,1,66,212.77297301474408
1567,13,1,67,229.02096436139587
1568,13,1,68,248.66804836959875
1569,13,1,69,213.07131436054604
1570,13,1,70,220.46994586602779
1571,13,1,71,212.72400828530223
1572,13,1,72,212.93765085314232
1573,13,1,73,213.8240148390314
1574,13,1,74,244.04017256784655
1575,13,1,75,243.821613259312
1576,13,1,76,213.23496514745068
1577,13,1,77,214.2502654327728
1578,13,1,78,224.49115852732953
1579,13,1,79,244.86152729916995
1580,13,1,80,78.63532219925185
1581,13,1,81,212.69114407684043
1582,13,1,82,244.04136867612158
1583,13,1,83,247.6065916752375
1584,13,1,84,244.01727296221048
1585,13,1,85,243.97143251021922
1586,13,1,86,244.0206501543145
1587,13,1,87,239.61302701198807
1588,13,1,88,65.19181541435906
1589,13,1,89,213.2541258973697
1590,13,1,90,243.67610386557504
1591,13,1,91,228.07343423159224
1592,13,1,92,236.10119131721905
1593,13,1,93,212.6904719586556
1594,13,1,94,213.15704279734885
1595,13,1,95,212.6975295769395
1596,13,1,96,243.1658453815689
1597,13,1,97,244.00864029000445
1598,13,1,98,190.50170940732903
1599,13,1,99,240.59418460534167
1600,13,2,0,378.95838862438916
1601,13,2,1,414.77881578966446
1602,13,2,2,237.0411580989132
1603,13,2,3,380.604233336773
1604,13,2,4,237.16564366420462
1605,13,2,5,230.95424697935061
1606,13,2,6,237.1887122521997
1607,13,2,7,192.5304795232583
1608,13,2,8,213.9624174454414
1609,13,2,9,236.71380061394103
1610,13,2,10,451.755309683428
1611,13,2,11,237.24426761554002
1612,13,2,12,237.23609416164524
1613,13,2,13,428.8297318545609
1614,13,2,14,237.2532980975975
1615,13,2,15,232.72890698703034
1616,13,2,16,237.2429621338673
1617,13,2,17,447.7979701969523
1618,13,2,18,388.1794284945952
1619,13,2,19,236.94360185694606
1620,13,2,20,237.16504798827538
1621,13,2,21,375.17576453407867
1622,13,2,22,189.55435324479396
1623,13,2,23,381.62461335778767
1624,13,2,24,424.1763430982721
1625,13,2,25,174.25552817560114
1626,13,2,26,237.26089210482434
1627,13,2,27,405.0111222784621
1628,13,2,28,237.21071118829258
1629,13,2,29,237.26887423006164
1630,13,2,30,187.75650547875526
1631,13,2,31,215.90324321867408
1632,13,2,32,237.27241923463936
1633,13,2,33,385.4265085153386
1634,13,2,34,237.0241734043602
1635,13,2,35,162.60088423842495
1636,13,2,36,368.85715816583144
1637,13,2,37,381.5345613506546
1638,13,2,38,387.6613767613134
1639,13,2,39,192.42061372909595
1640,13,2,40,368.7683627469088
1641,13,2,41,237.27127861069198
1642,13,2,42,432.8413934516968
1643,13,2,43,386.445613983823
1644,13,2,44,236.58886192676806
1645,13,2,45,233.998955536483
1646,13,2,46,237.1580292225246
1647,13,2,47,450.85992173245535
1648,13,2,48,433.2418029198999
1649,13,2,49,236.64857426304627
1650,13,2,50,420.7799877741125
1651,13,2,51,386.6956407678201
1652,13,2,52,237.24082664554297
1653,13,2,53,237.19421805035023
1654,13,2,54,236.79335653809542
1655,13,2,55,390.59629825051695
1656,13,2,56,234.89669675514827
1657,13,2,57,236.32265453783126
1658,13,2,58,182.75059462539434
1659,13,2,59,237.25862369705106
1660,13,2,60,233.29887126737262
1661,13,2,61,387.7948636321649
1662,13,2,62,227.44320659969003
1663,13,2,63,176.6723356097064
1664,13,2,64,237.12841913385398
1665,13,2,65,188.66565901402672
1666,13,2,66,382.27901987537194
1667,13,2,67,165.42272785446082
1668,13,2,68,195.22714270244583
1669,13,2,69,474.30018517045676
1670,13,2,70,392.3224872661184
1671,13,2,71,374.1391275126171
1672,13,2,72,171.52689386855
1673,13,2,73,174.53445547118605
1674,13,2,74,380.3435203105314
1675,13,2,75,236.43395576011176
1676,13,2,76,411.7108909738731
1677,13,2,77,464.5764707897264
1678,13,2,78,427.23613070641215
1679,13,2,79,173.71742672523368
1680,13,2,80,411.86890003960724
1681,13,2,81,237.25884362300573
1682,13,2,82,236.97537814177016
1683,13,2,83,194.4351611416199
1684,13,2,84,407.27648869905164
1685,13,2,85,383.33207978984217
1686,13,2,86,415.0722269016298
1687,13,2,87,212.70821234044658
1688,13,2,88,411.23276753748684
1689,13,2,89,167.70995733679172
1690,13,2,90,177.82427486698828
1691,13,2,91,213.24010946816009
1692,13,2,92,377.022123892485
1693,13,2,93,385.93854285570444
1694,13,2,94,173.84864654017136
1695,13,2,95,237.13820352917114
1696,13,2,96,168.10607027694599
1697,13,2,97,237.247398177406
1698,13,2,98,237.18560673187855
1699,13,2,99,160.15199779717148
1700,13,3,0,394.610213290426
1701,13,3,1,410.6958659111181
1702,13,3,2,468.36208562905756
1703,13,3,3,413.97369122453085
1704,13,3,4,423.9431104022336
1705,13,3,5,491.15502691467117
1706,13,3,6,417.42387835832733
1707,13,3,7,432.5572845709003
1708,13,3,8,489.7534880804164
1709,13,3,9,467.24345884077377
1710,13,3,10,482.1686016416682
1711,13,3,11,484.66091655386487
1712,13,3,12,471.68316673200104
1713,13,3,13,416.2088901883259
1714,13,3,14,394.56642882945675
1715,13,3,15,456.2386473201014
1716,13,3,16,421.3535277064615
1717,13,3,17,485.5877475830692
1718,13,3,18,456.87989313629856
1719,13,3,19,502.0807068755162
1720,13,3,20,439.5732310806649
1721,13,3,21,484.40664949195946
1722,13,3,22,427.8334496115293
1723,13,3,23,424.8513513818211
1724,13,3,24,485.43551457493487
1725,13,3,25,402.14830455010105
1726,13,3,26,410.93895720787884
1727,13,3,27,491.21251161790747
1728,13,3,28,416.8495842353336
1729,13,3,29,462.96931499607916
1730,13,3,30,406.2820535729584
1731,13,3,31,482.30326391736907
1732,13,3,32,405.9096294840643
1733,13,3,33,458.9561410398018
1734,13,3,34,434.85219716467356
1735,13,3,35,419.29608609961736
1736,13,3,36,490.73486582242947
1737,13,3,37,407.0058781658359
1738,13,3,38,409.87833290184994
1739,13,3,39,441.63817025223284
1740,13,3,40,501.6456219203734
1741,13,3,41,452.86950317929666
1742,13,3,42,424.36021989095383
1743,13,3,43,410.2086484246252
1744,13,3,44,416.2734682845141
1745,13,3,45,488.3936128053614
1746,13,3,46,472.21757524071813
1747,13,3,47,464.4332747706073
1748,13,3,48,402.89094401403787
1749,13,3,49,494.214751594065
1750,13,3,50,445.1203081162203
1751,13,3,51,495.43081984271635
1752,13,3,52,469.4305689316283
1753,13,3,53,484.42151453144413
1754,13,3,54,410.06549009685284
1755,13,3,55,491.16404814353064
1756,13,3,56,412.61572651405555
1757,13,3,57,415.7376386911669
1758,13,3,58,460.0157243152513
1759,13,3,59,445.70143400556697
1760,13,3,60,451.475329209451
1761,13,3,61,483.4887054607105
1762,13,3,62,502.48441508136244
1763,13,3,63,394.8811274760151
1764,13,3,64,437.1705467085297
1765,13,3,65,483.4304069279295
1766,13,3,66,462.7694465731051
1767,13,3,67,416.7338738021621
1768,13,3,68,429.74396352469455
1769,13,3,69,488.55350457221016
1770,13,3,70,411.02015655850624
1771,13,3,71,405.6751960308742
1772,13,3,72,439.42891259374284
1773,13,3,73,462.70327536736886
1774,13,3,74,476.187664944056
1775,13,3,75,450.9310173572769
1776,13,3,76,482.95854617004636
1777,13,3,77,401.7189002166727
1778,13,3,78,451.632574274699
1779,13,3,79,489.182984133488
1780,13,3,80,487.2285679345464
1781,13,3,81,458.1538901361995
1782,13,3,82,465.2834225557108
1783,13,3,83,488.58536190048596
1784,13,3,84,488.29338064464486
1785,13,3,85,484.6338679304301
1786,13,3,86,474.8200858495075
1787,13,3,87,410.41952357395365
1788,13,3,88,402.72965946799843
1789,13,3,89,408.8229067289953
1790,13,3,90,409.10065588614697
1791,13,3,91,496.06558617211806
1792,13,3,92,454.2144176800705
1793,13,3,93,448.62426745666954
1794,13,3,94,417.048564747943
1795,13,3,95,489.203038100433
1796,13,3,96,491.32752782814896
1797,13,3,97,395.1489864898735
1798,13,3,98,465.0299733410708
1799,13,3,99,414.67388580554933
1800,14,1,0,232.92102798447166
1801,14,1,1,92.59007103686223
1802,14,1,2,234.0385861314613
1803,14,1,3,236.442797966643
1804,14,1,4,72.7043867542143
1805,14,1,5,218.65075566314243
1806,14,1,6,72.49130152317245
1807,14,1,7,218.7161546151732
1808,14,1,8,218.60512809676177
1809,14,1,9,92.2685179327927
1810,14,1,10,67.91307885329955
1811,14,1,11,233.58044146983767
1812,14,1,12,230.80720926953865
1813,14,1,13,240.304338577881
1814,14,1,14,221.6216157603866
1815,14,1,15,222.07477915756036
1816,14,1,16,229.6888806485489
1817,14,1,17,114.09056479137676
1818,14,1,18,64.09194850903096
1819,14,1,19,231.6526032973894
1820,14,1,20,72.98895687876254
1821,14,1,21,65.94752937145998
1822,14,1,22,76.11259069754077
1823,14,1,23,225.19367202987002
1824,14,1,24,223.59503555668968
1825,14,1,25,226.97745859229528
1826,14,1,26,74.82113930168785
1827,14,1,27,64.64519257531504
1828,14,1,28,246.91549382000935
1829,14,1,29,230.67443183234056
1830,14,1,30,218.92837655490732
1831,14,1,31,230.2879479227117
1832,14,1,32,231.06719605897862
1833,14,1,33,64.52446472248684
1834,14,1,34,223.7669111521756
1835,14,1,35,224.6145927705694
1836,14,1,36,83.23222431841582
1837,14,1,37,228.8278611084008
1838,14,1,38,231.53502014363903
1839,14,1,39,92.51761495236151
1840,14,1,40,89.27234343522343
1841,14,1,41,230.94836697241473
1842,14,1,42,223.86288587474436
1843,14,1,43,224.4976831954671
1844,14,1,44,218.7207510922949
1845,14,1,45,79.09214989095148
1846,14,1,46,244.66124243260435
1847,14,1,47,229.75428809319814
1848,14,1,48,67.82234583414969
1849,14,1,49,237.27644437636854
1850,14,1,50,241.23660784492512
1851,14,1,51,227.34995078435804
1852,14,1,52,218.7590298550242
1853,14,1,53,75.05039211485818
1854,14,1,54,88.85124689555902
1855,14,1,55,228.72846117718055
1856,14,1,56,92.75677651001351
1857,14,1,57,64.42506659113903
1858,14,1,58,235.11851013291
1859,14,1,59,92.07766211393071
1860,14,1,60,73.55551094855069
1861,14,1,61,79.78479254221548
1862,14,1,62,82.53274969130729
1863,14,1,63,225.16016540021718
1864,14,1,64,67.44132876171602
1865,14,1,65,222.51639419329297
1866,14,1,66,232.9205670909604
1867,14,1,67,75.79076228299034
1868,14,1,68,90.75834793083702
1869,14,1,69,236.07870166772375
1870,14,1,70,75.09128319749541
1871,14,1,71,80.86998424997104
1872,14,1,72,230.33213309025936
1873,14,1,73,239.7538570222628
1874,14,1,74,218.64946990300047
1875,14,1,75,218.56952785043512
1876,14,1,76,70.56492046092487
1877,14,1,77,234.8234108980835
1878,14,1,78,229.24053446025877
1879,14,1,79,78.79640756693895
1880,14,1,80,220.56626498799375
1881,14,1,81,238.41532921154106
1882,14,1,82,225.87458947604674
1883,14,1,83,71.51218443611998
1884,14,1,84,92.7346335498334
1885,14,1,85,233.08926185266202
1886,14,1,86,218.5949607493862
1887,14,1,87,84.7198690836472
1888,14,1,88,224.42409050548687
1889,14,1,89,66.83180473192793
1890,14,1,90,240.01826461333607
1891,14,1,91,238.86249683951462
1892,14,1,92,239.55845526881703
1893,14,1,93,225.5052005391488
1894,14,1,94,223.1853083272845
1895,14,1,95,230.56140082749528
1896,14,1,96,80.91443026769166
1897,14,1,97,232.87915614692594
1898,14,1,98,235.73756064915028
1899,14,1,99,224.7443127502383
1900,14,2,0,353.2422952291189
1901,14,2,1,353.59786532985197
1902,14,2,2,353.1617338070232
1903,14,2,3,353.10056660382907
1904,14,2,4,234.42598512991327
1905,14,2,5,234.2760851657622
1906,14,2,6,232.51300596679343
1907,14,2,7,234.51377467027783
1908,14,2,8,234.317579978573
1909,14,2,9,234.32793498815195
1910,14,2,10,234.40109212801826
1911,14,2,11,234.24593299363804
1912,14,2,12,353.0889954549305
1913,14,2,13,234.48599191492505
1914,14,2,14,234.51746957496903
1915,14,2,15,353.49223805833986
1916,14,2,16,234.49652201082046
1917,14,2,17,353.1367593823836
1918,14,2,18,353.3231783273856
1919,14,2,19,234.52502233425972
1920,14,2,20,353.09692929935704
1921,14,2,21,234.38693034450623
1922,14,2,22,233.9150683827535
1923,14,2,23,233.31614004766658
1924,14,2,24,234.4639434809847
1925,14,2,25,234.4053561325857
1926,14,2,26,234.34451395569818
1927,14,2,27,353.1335399262749
1928,14,2,28,353.5837312427416
1929,14,2,29,234.45298972045177
1930,14,2,30,234.49164684631054
1931,14,2,31,234.4515210938012
1932,14,2,32,234.50263945076378
1933,14,2,33,234.15810826004287
1934,14,2,34,234.50829788549515
1935,14,2,35,234.33857784149464
1936,14,2,36,234.51624438078395
1937,14,2,37,233.90482240062252
1938,14,2,38,355.9432600027223
1939,14,2,39,234.52195852632502
1940,14,2,40,234.51197407119867
1941,14,2,41,234.21347028551003
1942,14,2,42,353.2250250212766
1943,14,2,43,234.50556034820332
1944,14,2,44,353.27342434895843
1945,14,2,45,234.0480336897389
1946,14,2,46,234.4508810808037
1947,14,2,47,234.4925856462169
1948,14,2,48,234.52500289630947
1949,14,2,49,234.1845553742925
1950,14,2,50,353.37481033586687
1951,14,2,51,354.664333282423
1952,14,2,52,353.12269452460134
1953,14,2,53,234.45181384938667
1954,14,2,54,234.4641277768434
1955,14,2,55,233.99798918064624
1956,14,2,56,234.4186232331729
1957,14,2,57,353.0979254615721
1958,14,2,58,234.49222697782616
1959,14,2,59,353.631895001761
1960,14,2,60,353.1368737042812
1961,14,2,61,229.31456490101618
1962,14,2,62,353.12293695249474
1963,14,2,63,353.19908982661815
1964,14,2,64,353.10104123775994
1965,14,2,65,234.48394076156848
1966,14,2,66,234.35523485577437
1967,14,2,67,353.2674014055773
1968,14,2,68,234.43588434183596
1969,14,2,69,233.2893236054516
1970,14,2,70,234.47694267035436
1971,14,2,71,234.11529666299327
1972,14,2,72,234.53464800031313
1973,14,2,73,353.13788041857725
1974,14,2,74,234.3771704839747
1975,14,2,75,353.1409113006677
1976,14,2,76,353.1774501896626
1977,14,2,77,353.50665563424855
1978,14,2,78,234.23905695744367
1979,14,2,79,353.1372679354355
1980,14,2,80,234.4431461341235
1981,14,2,81,234.52004904599224
1982,14,2,82,234.51289026102853
1983,14,2,83,234.45817573879012
1984,14,2,84,353.10116959111684
1985,14,2,85,234.08832488382433
1986,14,2,86,234.50484008014882
1987,14,2,87,234.21051296812894
1988,14,2,88,353.09202678419973
1989,14,2,89,234.5306093404675
1990,14,2,90,234.5151208180163
1991,14,2,91,233.49125401292875
1992,14,2,92,234.36001157033976
1993,14,2,93,353.1723253790186
1994,14,2,94,234.494123799518
1995,14,2,95,353.1166142677233
1996,14,2,96,234.54198844579108
1997,14,2,97,234.053482024779
1998,14,2,98,353.09133840300143
1999,14,2,99,234.51325625218905
2000,14,3,0,442.6136147688494
2001,14,3,1,486.04343269810835
2002,14,3,2,454.4274730493342
2003,14,3,3,424.35430064756497
2004,14,3,4,415.99778992458727
2005,14,3,5,495.6254881197099
2006,14,3,6,434.9032818611807
2007,14,3,7,457.9110484245534
2008,14,3,8,473.6759658541242
2009,14,3,9,453.22896104954805
2010,14,3,10,469.9887072612084
2011,14,3,11,465.0570942665961
2012,14,3,12,436.415137952288
2013,14,3,13,501.5429646464957
2014,14,3,14,425.8926278113354
2015,14,3,15,484.2758385565924
2016,14,3,16,416.41778793809965
2017,14,3,17,457.1737093400473
2018,14,3,18,412.79496932100085
2019,14,3,19,490.90192845991817
2020,14,3,20,453.1348652236494
2021,14,3,21,408.27649611109416
2022,14,3,22,409.02475452411267
2023,14,3,23,394.8164269029204
2024,14,3,24,406.4358011566715
2025,14,3,25,448.98736575014726
2026,14,3,26,474.1985586371572
2027,14,3,27,409.1482093922597
2028,14,3,28,405.7144097286901
2029,14,3,29,473.3224402415938
2030,14,3,30,492.03483207886916
2031,14,3,31,492.2323275553195
2032,14,3,32,463.25010106498365
2033,14,3,33,474.33638538645545
2034,14,3,34,502.1726705571858
2035,14,3,35,437.1693345225788
2036,14,3,36,483.52775196602755
2037,14,3,37,442.7596690659439
2038,14,3,38,462.26835897597283
2039,14,3,39,485.21094164601635
2040,14,3,40,411.60311402084596
2041,14,3,41,451.9514728093971
2042,14,3,42,412.78664422965534
2043,14,3,43,501.9262270515008
2044,14,3,44,494.4427819455426
2045,14,3,45,485.7152653559582
2046,14,3,46,429.5089719258561
2047,14,3,47,466.9183769735845
2048,14,3,48,429.9031293149271
2049,14,3,49,444.4885093026866
2050,14,3,50,411.5679333763569
2051,14,3,51,401.85686543942506
2052,14,3,52,424.19340915928376
2053,14,3,53,436.7978346733407
2054,14,3,54,459.3779219173112
2055,14,3,55,451.48588318304326
2056,14,3,56,494.40979594565187
2057,14,3,57,461.1666387346142
2058,14,3,58,503.026471795371
2059,14,3,59,406.8859540836553
2060,14,3,60,442.19500034109376
2061,14,3,61,467.97749151214714
2062,14,3,62,439.8745496593381
2063,14,3,63,495.62649737025
2064,14,3,64,463.24335616159595
2065,14,3,65,405.85464847513055
2066,14,3,66,409.24687951046764
2067,14,3,67,422.7355084588856
2068,14,3,68,406.52638936442406
2069,14,3,69,432.76899461574106
2070,14,3,70,439.08793584299616
2071,14,3,71,401.23856658584174
2072,14,3,72,468.83573170390554
2073,14,3,73,470.4901464336806
2074,14,3,74,452.4191838239884
2075,14,3,75,483.1669168499781
2076,14,3,76,436.52074460154836
2077,14,3,77,463.3583070013821
2078,14,3,78,409.8114293141888
2079,14,3,79,426.93421430203216
2080,14,3,80,473.5601704258339
2081,14,3,81,409.34220226597694
2082,14,3,82,476.27017484680516
2083,14,3,83,395.3056156202697
2084,14,3,84,484.0415110779214
2085,14,3,85,432.40592646752566
2086,14,3,86,406.0800318888269
2087,14,3,87,484.2082612946979
2088,14,3,88,424.65363990761017
2089,14,3,89,409.99673717437247
2090,14,3,90,481.77374610171154
2091,14,3,91,442.62202909236487
2092,14,3,92,446.08449922177056
2093,14,3,93,469.01823305806795
2094,14,3,94,442.85230180124444
2095,14,3,95,395.4079862616981
2096,14,3,96,466.90729390515725
2097,14,3,97,439.7206454801987
2098,14,3,98,439.8673430858951
2099,14,3,99,435.0080646770144
2100,16,1,0,251.02237011049866
2101,16,1,1,268.5445845420324
2102,16,1,2,63.98812074168462
2103,16,1,3,92.1960648308137
2104,16,1,4,221.90047684353516
2105,16,1,5,221.93568420466787
2106,16,1,6,64.90631427925008
2107,16,1,7,68.97962572941758
2108,16,1,8,89.97637838927844
2109,16,1,9,73.02947808015674
2110,16,1,10,96.7966745792084
2111,16,1,11,87.84933442158373
2112,16,1,12,84.0277462894286
2113,16,1,13,86.76487791366256
2114,16,1,14,103.22372916559765
2115,16,1,15,65.88090315903936
2116,16,1,16,65.8106750481721
2117,16,1,17,267.3650597231847
2118,16,1,18,90.97897083427533
2119,16,1,19,86.28985455368266
2120,16,1,20,79.91620684746628
2121,16,1,21,75.8048801733515
2122,16,1,22,80.41161554275678
2123,16,1,23,71.89840248814548
2124,16,1,24,94.78959610411118
2125,16,1,25,253.74629006770064
2126,16,1,26,86.34113202290604
2127,16,1,27,265.4311645083564
2128,16,1,28,260.629531034027
2129,16,1,29,84.85571747229639
2130,16,1,30,285.99768996562955
2131,16,1,31,222.20841712209742
2132,16,1,32,75.2791429713394
2133,16,1,33,102.4257236367873
2134,16,1,34,221.94361313588735
2135,16,1,35,221.88752259670878
2136,16,1,36,281.9763750730688
2137,16,1,37,69.65142763155943
2138,16,1,38,250.93409549042792
2139,16,1,39,92.82829093944642
2140,16,1,40,101.67336818600343
2141,16,1,41,83.48358826136028
2142,16,1,42,91.33275968596011
2143,16,1,43,93.7781252437366
2144,16,1,44,73.89237851894512
2145,16,1,45,80.69068894023856
2146,16,1,46,254.08462074687193
2147,16,1,47,73.9930068643875
2148,16,1,48,71.88137228647071
2149,16,1,49,221.95114893424488
2150,16,1,50,282.28239141808956
2151,16,1,51,106.38011011097178
2152,16,1,52,65.68618881130179
2153,16,1,53,222.795739807433
2154,16,1,54,62.718819284283725
2155,16,1,55,89.44797087394673
2156,16,1,56,91.45264062372667
2157,16,1,57,64.07894250435565
2158,16,1,58,71.56341861205425
2159,16,1,59,74.22527831392456
2160,16,1,60,78.94338715969819
2161,16,1,61,221.9903093362542
2162,16,1,62,105.46604792713867
2163,16,1,63,221.97680783332234
2164,16,1,64,102.20471108274594
2165,16,1,65,76.57064869627732
2166,16,1,66,222.42942914944558
2167,16,1,67,279.5075004915133
2168,16,1,68,292.6758819126655
2169,16,1,69,75.31255844302603
2170,16,1,70,222.14191646923084
2171,16,1,71,68.49811629877614
2172,16,1,72,84.8709862691792
2173,16,1,73,257.97760930198
2174,16,1,74,221.93078833399622
2175,16,1,75,337.487152527427
2176,16,1,76,77.04080149502688
2177,16,1,77,262.87837700105723
2178,16,1,78,64.20550793425258
2179,16,1,79,224.03707296273942
2180,16,1,80,73.44376038769063
2181,16,1,81,74.40317605037916
2182,16,1,82,328.9656462826271
2183,16,1,83,67.57509805986318
2184,16,1,84,262.3090334750204
2185,16,1,85,82.43180154814029
2186,16,1,86,64.54365824477625
2187,16,1,87,75.3250568497169
2188,16,1,88,294.17452974008785
2189,16,1,89,84.17585331083882
2190,16,1,90,267.54537088853823
2191,16,1,91,101.3079703539539
2192,16,1,92,70.38703190293678
2193,16,1,93,77.14243939884025
2194,16,1,94,222.11848437692797
2195,16,1,95,87.22634699483936
2196,16,1,96,296.4922087975697
2197,16,1,97,72.29110716878802
2198,16,1,98,70.64292026181684
2199,16,1,99,221.96218535590225
2200,16,2,0,265.3537205139871
2201,16,2,1,310.883292433132
2202,16,2,2,339.02962006309497
2203,16,2,3,264.18730232230234
2204,16,2,4,341.01595837598734
2205,16,2,5,284.0525923366402
2206,16,2,6,258.4060594824493
2207,16,2,7,332.90844968387705
2208,16,2,8,336.71570288209233
2209,16,2,9,274.80644421021174
2210,16,2,10,276.121721386754
2211,16,2,11,318.29295638589736
2212,16,2,12,302.93028253831966
2213,16,2,13,323.0441272910808
2214,16,2,14,342.1860063319754
2215,16,2,15,286.53174158385593
2216,16,2,16,342.67516809407897
2217,16,2,17,304.4128430263939
2218,16,2,18,264.01075826804464
2219,16,2,19,343.0266890729738
2220,16,2,20,280.67096401749535
2221,16,2,21,314.6346139072169
2222,16,2,22,316.23409178628185
2223,16,2,23,316.23942866605387
2224,16,2,24,332.9922182135471
2225,16,2,25,335.70569853198634
2226,16,2,26,327.41540488417473
2227,16,2,27,343.1532966822433
2228,16,2,28,310.18348978141546
2229,16,2,29,265.4581800669704
2230,16,2,30,342.91718104391845
2231,16,2,31,302.7011244723175
2232,16,2,32,335.1881307023836
2233,16,2,33,274.59510301979844
2234,16,2,34,353.32763349726554
2235,16,2,35,337.18863085007314
2236,16,2,36,329.7252890447979
2237,16,2,37,263.3088120111543
2238,16,2,38,333.45322409930833
2239,16,2,39,307.9959898726356
2240,16,2,40,261.7289566931949
2241,16,2,41,322.9575613921352
2242,16,2,42,263.6694892209897
2243,16,2,43,341.1276148807244
2244,16,2,44,329.15976650952996
2245,16,2,45,284.4996626480471
2246,16,2,46,338.86268153670534
2247,16,2,47,318.9344274043435
2248,16,2,48,304.31300524158445
2249,16,2,49,263.65034269900497
2250,16,2,50,258.1883821242993
2251,16,2,51,338.5304713003262
2252,16,2,52,335.05374613292787
2253,16,2,53,320.9031215533897
2254,16,2,54,341.20361786434756
2255,16,2,55,260.638060906432
2256,16,2,56,314.85766471345084
2257,16,2,57,315.0682483285168
2258,16,2,58,280.1551651444696
2259,16,2,59,324.440216184814
2260,16,2,60,308.40853168343654
2261,16,2,61,339.505034510325
2262,16,2,62,258.65217267703207
2263,16,2,63,261.5421819092109
2264,16,2,64,258.4138295586163
2265,16,2,65,339.82631297050204
2266,16,2,66,307.6837621406489
2267,16,2,67,343.68220502893195
2268,16,2,68,260.44574535048713
2269,16,2,69,342.3408028526644
2270,16,2,70,343.4372239231906
2271,16,2,71,258.13220555336125
2272,16,2,72,336.94170914312684
2273,16,2,73,263.7613801067991
2274,16,2,74,316.0934611156542
2275,16,2,75,285.4021820105694
2276,16,2,76,267.69298393656436
2277,16,2,77,333.04100215919334
2278,16,2,78,320.28403673417677
2279,16,2,79,332.9983238348874
2280,16,2,80,341.68939378784927
2281,16,2,81,333.27826338928776
2282,16,2,82,262.5234730776552
2283,16,2,83,347.2367483134178
2284,16,2,84,341.77033208967987
2285,16,2,85,353.67600243321596
2286,16,2,86,352.1488959157799
2287,16,2,87,327.4158550866849
2288,16,2,88,281.5850574417207
2289,16,2,89,298.3805155349048
2290,16,2,90,256.0564034895558
2291,16,2,91,297.09025297787997
2292,16,2,92,287.9814101238259
2293,16,2,93,306.356095424576
2294,16,2,94,260.2221920158283
2295,16,2,95,247.28341947308624
2296,16,2,96,341.92829951534395
2297,16,2,97,333.1663115032373
2298,16,2,98,303.91210234229726
2299,16,2,99,263.3846909320741
2300,16,3,0,301.8709262315257
2301,16,3,1,393.4623164082677
2302,16,3,2,393.8800503986954
2303,16,3,3,339.56224536132004
2304,16,3,4,393.9159309740493
2305,16,3,5,393.86934101533933
2306,16,3,6,393.84235200910564
2307,16,3,7,311.7646611618887
2308,16,3,8,335.5148204269686
2309,16,3,9,393.9730154796587
2310,16,3,10,352.9937613482288
2311,16,3,11,393.8894380488798
2312,16,3,12,319.3811107930991
2313,16,3,13,393.8922962962035
2314,16,3,14,348.4907830734634
2315,16,3,15,393.7730327077649
2316,16,3,16,334.2414959249385
2317,16,3,17,336.4866471664855
2318,16,3,18,346.247441740367
2319,16,3,19,343.18734811171356
2320,16,3,20,392.454846831013
2321,16,3,21,393.95212218614415
2322,16,3,22,392.05514222267675
2323,16,3,23,393.4811930137983
2324,16,3,24,390.2857003164952
2325,16,3,25,330.50535613275457
2326,16,3,26,393.84914955864707
2327,16,3,27,393.90416490257485
2328,16,3,28,282.7516980711005
2329,16,3,29,348.8838889229007
2330,16,3,30,351.14732437829616
2331,16,3,31,393.9300213641499
2332,16,3,32,393.8013097692761
2333,16,3,33,393.9388198166268
2334,16,3,34,393.6313533569777
2335,16,3,35,393.93257003392415
2336,16,3,36,308.0779303070866
2337,16,3,37,393.94238758695434
2338,16,3,38,342.06705361962815
2339,16,3,39,393.5816145795653
2340,16,3,40,314.6624477472174
2341,16,3,41,276.6549675854333
2342,16,3,42,392.90160015457025
2343,16,3,43,308.2625111633994
2344,16,3,44,392.9022596880047
2345,16,3,45,393.96897187879296
2346,16,3,46,324.90323831674147
2347,16,3,47,309.80046796642335
2348,16,3,48,393.7050412155707
2349,16,3,49,392.4998277731566
2350,16,3,50,393.91582709086754
2351,16,3,51,393.9466062813487
2352,16,3,52,393.9736903896492
2353,16,3,53,327.6201523197992
2354,16,3,54,393.71995044563135
2355,16,3,55,299.7050937825521
2356,16,3,56,393.91889052244943
2357,16,3,57,393.77926104227254
2358,16,3,58,317.7150944594233
2359,16,3,59,393.4650664854337
2360,16,3,60,393.8045841109388
2361,16,3,61,393.8912825150284
2362,16,3,62,393.8784641303097
2363,16,3,63,393.9723777081393
2364,16,3,64,313.6609783529168
2365,16,3,65,393.95507426682
2366,16,3,66,306.46051576957996
2367,16,3,67,393.90138721353026
2368,16,3,68,340.06772216740063
2369,16,3,69,393.8542353896068
2370,16,3,70,393.93254072672573
2371,16,3,71,281.3944033705927
2372,16,3,72,393.845890563136
2373,16,3,73,393.8533057819322
2374,16,3,74,340.04796234349465
2375,16,3,75,387.53104754926284
2376,16,3,76,287.57680181400855
2377,16,3,77,321.52225149291536
2378,16,3,78,353.38865568033907
2379,16,3,79,393.9298057665731
2380,16,3,80,393.9325061413478
2381,16,3,81,393.9392770362469
2382,16,3,82,337.5616910032291
2383,16,3,83,329.1127536072198
2384,16,3,84,333.6019320738975
2385,16,3,85,393.69032011860565
2386,16,3,86,323.5232923710759
2387,16,3,87,341.48345097070273
2388,16,3,88,393.76535736454514
2389,16,3,89,309.8288977135854
2390,16,3,90,359.88249069777004
2391,16,3,91,357.57827691767477
2392,16,3,92,393.9357006795534
2393,16,3,93,347.24180587035136
2394,16,3,94,393.9676026035551
2395,16,3,95,393.9745340989801
2396,16,3,96,393.8578631048334
2397,16,3,97,342.2177128502427
2398,16,3,98,334.64460556045805
2399,16,3,99,393.92864693245014
2400,20,1,0,85.82732428126613
2401,20,1,1,204.5674161628271
2402,20,1,2,85.80267413261852
2403,20,1,3,219.30398420625252
2404,20,1,4,273.487137200234
2405,20,1,5,85.78212121202581
2406,20,1,6,85.52800696572996
2407,20,1,7,85.14577354928068
2408,20,1,8,85.83109680782354
2409,20,1,9,67.95554103179164
2410,20,1,10,214.21568456782686
2411,20,1,11,76.21206422405263
2412,20,1,12,85.81532780790995
2413,20,1,13,65.45230531193583
2414,20,1,14,85.80645575375598
2415,20,1,15,85.73906565207952
2416,20,1,16,81.48209089899383
2417,20,1,17,218.34359184158814
2418,20,1,18,85.74722470134179
2419,20,1,19,85.7426392275682
2420,20,1,20,73.66419478268732
2421,20,1,21,69.67838823163288
2422,20,1,22,68.68763536903573
2423,20,1,23,82.52929111589452
2424,20,1,24,85.53390873996624
2425,20,1,25,85.82708963830747
2426,20,1,26,85.82420143368947
2427,20,1,27,231.82689467121446
2428,20,1,28,65.20715073764732
2429,20,1,29,219.80647566477572
2430,20,1,30,85.34003632811235
2431,20,1,31,208.38121344973052
2432,20,1,32,85.62819089608253
2433,20,1,33,85.61703665643677
2434,20,1,34,211.99299527552964
2435,20,1,35,85.77334688072474
2436,20,1,36,85.6561191720536
2437,20,1,37,206.847779946189
2438,20,1,38,90.85141830616178
2439,20,1,39,71.38280564103727
2440,20,1,40,279.51654135962787
2441,20,1,41,204.63613910128274
2442,20,1,42,216.66566451759144
2443,20,1,43,212.76909302609224
2444,20,1,44,66.01350372401585
2445,20,1,45,66.29036718873255
2446,20,1,46,90.90585650812058
2447,20,1,47,230.7946703020394
2448,20,1,48,66.47205260189156
2449,20,1,49,71.17193045271178
2450,20,1,50,85.6769832542342
2451,20,1,51,85.82198685109579
2452,20,1,52,68.54923878447863
2453,20,1,53,243.871005817405
2454,20,1,54,277.50737998173975
2455,20,1,55,67.32058849145189
2456,20,1,56,206.08933499672514
2457,20,1,57,85.70047209411801
2458,20,1,58,95.63417580255734
2459,20,1,59,251.74060069884598
2460,20,1,60,67.58033134630512
2461,20,1,61,66.04609099996595
2462,20,1,62,67.06919225383592
2463,20,1,63,204.70240017917206
2464,20,1,64,220.39130931428963
2465,20,1,65,85.81305382435028
2466,20,1,66,86.95045451378573
2467,20,1,67,209.43060320208195
2468,20,1,68,85.76027888888713
2469,20,1,69,207.4651160654739
2470,20,1,70,85.7945444754463
2471,20,1,71,218.1381564463784
2472,20,1,72,236.46843480167746
2473,20,1,73,85.81590208077162
2474,20,1,74,85.76961564805731
2475,20,1,75,85.77362460378349
2476,20,1,76,211.8608486561111
2477,20,1,77,85.7610248934763
2478,20,1,78,70.68877726437142
2479,20,1,79,85.67590888508884
2480,20,1,80,85.71457001920055
2481,20,1,81,85.82893639081941
2482,20,1,82,210.85126213822392
2483,20,1,83,73.29419526548277
2484,20,1,84,220.6125083943142
2485,20,1,85,85.8231765590893
2486,20,1,86,66.68587195133492
2487,20,1,87,235.55178133489633
2488,20,1,88,75.35628730185525
2489,20,1,89,232.36234223991144
2490,20,1,90,253.86548849402197
2491,20,1,91,219.79086761056297
2492,20,1,92,85.71545882230603
2493,20,1,93,85.76706511105627
2494,20,1,94,216.02247904855062
2495,20,1,95,85.69266080319403
2496,20,1,96,215.40296034605925
2497,20,1,97,85.70985357916639
2498,20,1,98,80.954225888628
2499,20,1,99,71.1871513708872
2500,20,2,0,208.38186528776515
2501,20,2,1,351.9649223337533
2502,20,2,2,207.97016999282917
2503,20,2,3,241.0802509502705
2504,20,2,4,197.24309984159981
2505,20,2,5,212.4110315857905
2506,20,2,6,241.03583370107603
2507,20,2,7,241.0824607120338
2508,20,2,8,206.11695580772542
2509,20,2,9,241.02029339297235
2510,20,2,10,240.85646398083443
2511,20,2,11,214.86874901195569
2512,20,2,12,240.30415778551173
2513,20,2,13,240.36336887654963
2514,20,2,14,240.94728665847126
2515,20,2,15,215.160891030902
2516,20,2,16,198.9255016025579
2517,20,2,17,240.81525208305143
2518,20,2,18,241.02888335077512
2519,20,2,19,216.88568092267352
2520,20,2,20,215.51445596181014
2521,20,2,21,218.28181012937742
2522,20,2,22,198.0699314946174
2523,20,2,23,205.84272685594402
2524,20,2,24,207.97663319598402
2525,20,2,25,240.50496759558337
2526,20,2,26,217.26785218033018
2527,20,2,27,216.48311216203126
2528,20,2,28,219.22628348993064
2529,20,2,29,218.77171181185216
2530,20,2,30,214.24030182323932
2531,20,2,31,195.7378469524592
2532,20,2,32,206.79232858958636
2533,20,2,33,241.0485769869902
2534,20,2,34,211.3917493779158
2535,20,2,35,207.43676618428114
2536,20,2,36,240.9884102401414
2537,20,2,37,209.198154836524
2538,20,2,38,212.09769553050262
2539,20,2,39,206.2757626794064
2540,20,2,40,216.35560882716948
2541,20,2,41,217.41628712251278
2542,20,2,42,203.82900665771245
2543,20,2,43,213.57438385709432
2544,20,2,44,241.08177016674586
2545,20,2,45,215.8550263214097
2546,20,2,46,206.7746053276416
2547,20,2,47,214.28046979819385
2548,20,2,48,204.23109337438058
2549,20,2,49,207.39842851953395
2550,20,2,50,218.77710436485017
2551,20,2,51,206.31675998668817
2552,20,2,52,199.10359868758516
2553,20,2,53,240.99797206949947
2554,20,2,54,196.14266644659494
2555,20,2,55,351.9196870814675
2556,20,2,56,241.0414238724255
2557,20,2,57,214.38488528197686
2558,20,2,58,212.16905885999356
2559,20,2,59,215.78634289440225
2560,20,2,60,241.04519395782054
2561,20,2,61,240.75251990860374
2562,20,2,62,241.0636526233343
2563,20,2,63,199.5636991805379
2564,20,2,64,200.1089648596587
2565,20,2,65,203.76047248820112
2566,20,2,66,213.984627621247
2567,20,2,67,374.3817482068287
2568,20,2,68,212.6848557037698
2569,20,2,69,197.97044075151157
2570,20,2,70,200.1770399158355
2571,20,2,71,213.1367422079692
2572,20,2,72,240.67261365864601
2573,20,2,73,198.62706270226508
2574,20,2,74,195.3096007177038
2575,20,2,75,216.9198444315902
2576,20,2,76,198.54500936565162
2577,20,2,77,195.47620774419096
2578,20,2,78,210.9988210163413
2579,20,2,79,240.98614831510693
2580,20,2,80,211.34956371201895
2581,20,2,81,213.9463153765298
2582,20,2,82,202.8278697357185
2583,20,2,83,352.12369892218135
2584,20,2,84,211.2201759650803
2585,20,2,85,241.07992697191315
2586,20,2,86,213.19093286620725
2587,20,2,87,240.4515538111232
2588,20,2,88,200.3903564907507
2589,20,2,89,206.19855525868735
2590,20,2,90,205.92898975537312
2591,20,2,91,212.0405103508399
2592,20,2,92,368.8949169104311
2593,20,2,93,212.8724926482867
2594,20,2,94,201.1556016697245
2595,20,2,95,241.01532800413239
2596,20,2,96,206.79687260139113
2597,20,2,97,216.93651012354994
2598,20,2,98,241.01583846574155
2599,20,2,99,219.4750205027247
2600,20,3,0,503.32585633063974
2601,20,3,1,502.24866851867165
2602,20,3,2,502.3222837466423
2603,20,3,3,506.71289751506316
2604,20,3,4,501.02350283719034
2605,20,3,5,503.0603337163803
2606,20,3,6,502.3396384116828
2607,20,3,7,499.2038310068675
2608,20,3,8,505.0660500651174
2609,20,3,9,505.2533692509698
2610,20,3,10,500.66706377342166
2611,20,3,11,500.6657296986514
2612,20,3,12,500.8981272628455
2613,20,3,13,504.58412742529816
2614,20,3,14,505.7752288111243
2615,20,3,15,502.10320718490993
2616,20,3,16,501.36742445584474
2617,20,3,17,519.3928084978177
2618,20,3,18,503.8108665236527
2619,20,3,19,500.9012758547189
2620,20,3,20,500.657508971866
2621,20,3,21,501.2318885864924
2622,20,3,22,500.42764947710845
2623,20,3,23,519.0049176981992
2624,20,3,24,531.1037769916556
2625,20,3,25,499.22190346159044
2626,20,3,26,502.94455967449613
2627,20,3,27,503.2544079690811
2628,20,3,28,504.0097564979553
2629,20,3,29,502.36612546812376
2630,20,3,30,503.9904517325865
2631,20,3,31,503.043903042336
2632,20,3,32,499.408551345824
2633,20,3,33,501.1854911666812
2634,20,3,34,504.3580458026442
2635,20,3,35,499.63080722766443
2636,20,3,36,501.58035293295455
2637,20,3,37,503.9230157993095
2638,20,3,38,504.6703983012036
2639,20,3,39,499.733377621935
2640,20,3,40,499.65312104457263
2641,20,3,41,501.1991219069702
2642,20,3,42,500.02503302609824
2643,20,3,43,499.6386332396527
2644,20,3,44,501.6886258363767
2645,20,3,45,500.8445143918345
2646,20,3,46,506.80849187706286
2647,20,3,47,501.22556500412867
2648,20,3,48,499.5688893312679
2649,20,3,49,505.4210025478889
2650,20,3,50,504.9649630033914
2651,20,3,51,501.9756747508336
2652,20,3,52,502.1050769923961
2653,20,3,53,502.6364598376055
2654,20,3,54,503.6941321342531
2655,20,3,55,501.02781569561466
2656,20,3,56,500.23724960086
2657,20,3,57,501.71848116874844
2658,20,3,58,506.11935940333717
2659,20,3,59,500.9627864997376
2660,20,3,60,499.9898071872885
2661,20,3,61,501.17672688667784
2662,20,3,62,502.2227460375155
2663,20,3,63,501.33898574692427
2664,20,3,64,501.10805266212907
2665,20,3,65,503.623306368228
2666,20,3,66,535.3449750211886
2667,20,3,67,501.28942089372583
2668,20,3,68,513.4174112457064
2669,20,3,69,501.22871612152807
2670,20,3,70,533.2889228064638
2671,20,3,71,504.104214888073
2672,20,3,72,504.7036636830336
2673,20,3,73,501.9669390817657
2674,20,3,74,501.3288367917645
2675,20,3,75,536.9910265830279
2676,20,3,76,503.8466048531072
2677,20,3,77,502.01410082056066
2678,20,3,78,500.6774363229435
2679,20,3,79,503.15656520732927
2680,20,3,80,501.81172294220084
2681,20,3,81,504.21049935331183
2682,20,3,82,500.1782070336127
2683,20,3,83,502.1060144408456
2684,20,3,84,499.2543845071963
2685,20,3,85,503.3147943845172
2686,20,3,86,502.184913289086
2687,20,3,87,502.93977180294513
2688,20,3,88,503.09221102235034
2689,20,3,89,502.9667039203044
2690,20,3,90,504.21190441084445
2691,20,3,91,505.94376129510454
2692,20,3,92,504.9254683206245
2693,20,3,93,499.3382969366597
2694,20,3,94,499.9258818003216
2695,20,3,95,506.09142245477466
2696,20,3,96,500.15568359370513
2697,20,3,97,504.71990470365955
2698,20,3,98,500.00101202550513
2699,20,3,99,499.8034569541382
2700,26,1,0,191.07235474746423
2701,26,1,1,133.32008280464106
2702,26,1,2,170.8408636997956
2703,26,1,3,128.7434227515875
2704,26,1,4,142.6254261231076
2705,26,1,5,192.89637811451894
2706,26,1,6,152.51828043725226
2707,26,1,7,110.9823305481849
2708,26,1,8,197.91889093617655
2709,26,1,9,140.66296499864112
2710,26,1,10,195.02510500204912
2711,26,1,11,183.02715479810007
2712,26,1,12,126.06668261839155
2713,26,1,13,113.9796764947534
2714,26,1,14,198.38885022274462
2715,26,1,15,115.70666916657923
2716,26,1,16,148.6101300095681
2717,26,1,17,192.96119575869085
2718,26,1,18,185.2150077361596
2719,26,1,19,109.27510038804283
2720,26,1,20,176.4255532793552
2721,26,1,21,161.08132063987557
2722,26,1,22,110.5247003144558
2723,26,1,23,190.9401254145488
2724,26,1,24,115.08519471165371
2725,26,1,25,175.9195424644967
2726,26,1,26,112.75427855105676
2727,26,1,27,126.87692765793979
2728,26,1,28,169.61162738990308
2729,26,1,29,198.09522428978008
2730,26,1,30,130.46731999132123
2731,26,1,31,117.56982478992629
2732,26,1,32,109.52438677218596
2733,26,1,33,161.0668835339423
2734,26,1,34,149.11858369955604
2735,26,1,35,104.69316992873134
2736,26,1,36,109.5957844395816
2737,26,1,37,105.42946646060955
2738,26,1,38,115.42125259042656
2739,26,1,39,193.11410904265006
2740,26,1,40,165.8455751987727
2741,26,1,41,195.0046778581448
2742,26,1,42,148.76929179716083
2743,26,1,43,193.18529483590038
2744,26,1,44,188.8488390872478
2745,26,1,45,138.91469561756963
2746,26,1,46,111.57371655508662
2747,26,1,47,124.46085915171605
2748,26,1,48,204.80189570835398
2749,26,1,49,171.73072760203064
2750,26,1,50,97.58613675948132
2751,26,1,51,193.10923863842453
2752,26,1,52,152.8966759992678
2753,26,1,53,109.5009685923229
2754,26,1,54,136.53690891932172
2755,26,1,55,189.49401336049013
2756,26,1,56,137.14443825104684
2757,26,1,57,183.0778937529301
2758,26,1,58,163.11783673117515
2759,26,1,59,170.5372014713959
2760,26,1,60,112.28798698398371
2761,26,1,61,108.16913275889898
2762,26,1,62,113.001291887193
2763,26,1,63,156.41633280590048
2764,26,1,64,97.03051392305852
2765,26,1,65,130.5285512582807
2766,26,1,66,193.10655414401623
2767,26,1,67,111.51720089415767
2768,26,1,68,130.10826513607796
2769,26,1,69,115.41298195521506
2770,26,1,70,182.86673509747405
2771,26,1,71,155.7811671789062
2772,26,1,72,176.59711847655487
2773,26,1,73,114.95609263802895
2774,26,1,74,192.3343612513035
2775,26,1,75,116.25129883661022
2776,26,1,76,113.03250578932834
2777,26,1,77,191.04469045236425
2778,26,1,78,189.713573822791
2779,26,1,79,109.23052730712139
2780,26,1,80,130.4546796584168
2781,26,1,81,188.79294627677714
2782,26,1,82,188.99745387828932
2783,26,1,83,116.52226131333052
2784,26,1,84,116.66242605755302
2785,26,1,85,171.540835481276
2786,26,1,86,157.2445955838136
2787,26,1,87,189.81299061938608
2788,26,1,88,188.7355657909833
2789,26,1,89,165.91861508780545
2790,26,1,90,187.01694407483396
2791,26,1,91,130.29157092767733
2792,26,1,92,189.01114378483584
2793,26,1,93,198.34929893172642
2794,26,1,94,167.5138655219899
2795,26,1,95,108.38142384985757
2796,26,1,96,125.9371460393345
2797,26,1,97,127.15475872091031
2798,26,1,98,116.09601706512242
2799,26,1,99,149.9714500487711
2800,26,2,0,409.0189704245863
2801,26,2,1,360.9056296871087
2802,26,2,2,381.3125174575315
2803,26,2,3,409.51867354075534
2804,26,2,4,199.50595073065517
2805,26,2,5,360.8401857405497
2806,26,2,6,412.6068629701429
2807,26,2,7,360.91968127191467
2808,26,2,8,431.7872709515959
2809,26,2,9,214.27071987596156
2810,26,2,10,361.26997836913006
2811,26,2,11,421.9251937359922
2812,26,2,12,390.4710189937676
2813,26,2,13,360.86348941419806
2814,26,2,14,415.7734399757784
2815,26,2,15,361.6578214445173
2816,26,2,16,408.7641779056408
2817,26,2,17,360.8540677196957
2818,26,2,18,404.3901988388141
2819,26,2,19,399.62130887360433
2820,26,2,20,410.63608272020065
2821,26,2,21,422.484700799951
2822,26,2,22,360.8904306007564
2823,26,2,23,210.3243625680135
2824,26,2,24,430.49917288863224
2825,26,2,25,202.4103616971064
2826,26,2,26,360.8570856170669
2827,26,2,27,361.9583569670055
2828,26,2,28,410.03549398261407
2829,26,2,29,411.47971715087385
2830,26,2,30,387.9916607489826
2831,26,2,31,398.61973351832427
2832,26,2,32,408.93996035377796
2833,26,2,33,360.86268740831883
2834,26,2,34,422.0984912913432
2835,26,2,35,425.0966459090962
2836,26,2,36,360.9815258407714
2837,26,2,37,360.85626714284837
2838,26,2,38,424.81618874954114
2839,26,2,39,361.07512365392915
2840,26,2,40,360.8893892659969
2841,26,2,41,199.39414609062385
2842,26,2,42,220.58105742767665
2843,26,2,43,235.61218405337064
2844,26,2,44,175.68386044268522
2845,26,2,45,408.31604624661003
2846,26,2,46,235.54233608985592
2847,26,2,47,235.52392848599752
2848,26,2,48,399.9030574146806
2849,26,2,49,427.600011248342
2850,26,2,50,428.97957754222136
2851,26,2,51,410.9172080079152
2852,26,2,52,361.24379057243226
2853,26,2,53,399.5025190692188
2854,26,2,54,201.01895779738183
2855,26,2,55,235.67050432687242
2856,26,2,56,427.4598780652787
2857,26,2,57,361.44282168120515
2858,26,2,58,401.390326585101
2859,26,2,59,360.9281766535464
2860,26,2,60,361.01954845936734
2861,26,2,61,360.88848184454247
2862,26,2,62,204.98968417121682
2863,26,2,63,382.8682764449649
2864,26,2,64,361.04151592406913
2865,26,2,65,422.66545733726696
2866,26,2,66,361.3457218569125
2867,26,2,67,360.90537699308175
2868,26,2,68,196.8928278886678
2869,26,2,69,415.60770999634235
2870,26,2,70,360.9330802872312
2871,26,2,71,433.97806603279025
2872,26,2,72,420.92791566328964
2873,26,2,73,177.42581235811912
2874,26,2,74,403.79385797153367
2875,26,2,75,391.5998446407468
2876,26,2,76,449.9749451543384
2877,26,2,77,235.67610827396072
2878,26,2,78,360.9461631432819
2879,26,2,79,423.723545862325
2880,26,2,80,430.5929151545305
2881,26,2,81,423.7545940540202
2882,26,2,82,397.25849841549706
2883,26,2,83,361.7000877312172
2884,26,2,84,422.39544861229325
2885,26,2,85,360.8719993671124
2886,26,2,86,211.96756069839188
2887,26,2,87,361.49829857596876
2888,26,2,88,208.89116190005814
2889,26,2,89,430.8703071571142
2890,26,2,90,403.2445094669598
2891,26,2,91,401.1789814665464
2892,26,2,92,204.28622909557018
2893,26,2,93,428.6030877731413
2894,26,2,94,434.36528956629587
2895,26,2,95,211.85839127366498
2896,26,2,96,435.5504019815828
2897,26,2,97,418.4799427608044
2898,26,2,98,420.2375929174513
2899,26,2,99,235.48663417436637
2900,26,3,0,517.2969082872919
2901,26,3,1,492.6204626902031
2902,26,3,2,517.3881306455827
2903,26,3,3,357.5920879037878
2904,26,3,4,531.1445595721945
2905,26,3,5,529.6879161979957
2906,26,3,6,516.0272794230856
2907,26,3,7,516.0302882951402
2908,26,3,8,516.1010355249372
2909,26,3,9,389.37193958229284
2910,26,3,10,374.9250267305913
2911,26,3,11,347.9162165140646
2912,26,3,12,389.6679758862778
2913,26,3,13,383.9346763910917
2914,26,3,14,370.01528502111216
2915,26,3,15,506.79235684193554
2916,26,3,16,516.2959926095413
2917,26,3,17,508.73138663592715
2918,26,3,18,390.08116101390027
2919,26,3,19,367.9986457322056
2920,26,3,20,498.58328681471386
2921,26,3,21,390.08872899626726
2922,26,3,22,516.0246473340143
2923,26,3,23,352.90147162724816
2924,26,3,24,535.5836979299123
2925,26,3,25,375.91706888060344
2926,26,3,26,511.8876185608937
2927,26,3,27,354.77260550065455
2928,26,3,28,355.4859843499259
2929,26,3,29,522.2881620471359
2930,26,3,30,359.5742071026531
2931,26,3,31,356.2009667880956
2932,26,3,32,367.21592897857954
2933,26,3,33,516.1010003456369
2934,26,3,34,358.063182824272
2935,26,3,35,390.0732610632104
2936,26,3,36,516.144311899801
2937,26,3,37,516.1096876450441
2938,26,3,38,386.54965955433704
2939,26,3,39,361.7734182584241
2940,26,3,40,530.7190654863304
2941,26,3,41,367.30924430998004
2942,26,3,42,389.4785548836215
2943,26,3,43,524.0445838840935
2944,26,3,44,532.4207707870117
2945,26,3,45,352.586453681367
2946,26,3,46,379.2964786512339
2947,26,3,47,373.3172827899059
2948,26,3,48,516.1186742973151
2949,26,3,49,357.39162700875505
2950,26,3,50,356.35458496711385
2951,26,3,51,516.1574655054733
2952,26,3,52,516.070054595933
2953,26,3,53,390.0956297359578
2954,26,3,54,356.66557439125495
2955,26,3,55,389.8867350573251
2956,26,3,56,517.9512143035286
2957,26,3,57,389.95765754079326
2958,26,3,58,365.5915076071763
2959,26,3,59,516.0284616542083
2960,26,3,60,365.41103498853465
2961,26,3,61,529.6267404213228
2962,26,3,62,516.1217165878871
2963,26,3,63,389.9345908350859
2964,26,3,64,390.0937227464272
2965,26,3,65,480.8172627756485
2966,26,3,66,363.7397621844209
2967,26,3,67,365.2417822730013
2968,26,3,68,390.07035219434005
2969,26,3,69,379.5674273804406
2970,26,3,70,491.83918727896594
2971,26,3,71,390.0733388777551
2972,26,3,72,390.083338192893
2973,26,3,73,362.3748554600666
2974,26,3,74,532.4109065866661
2975,26,3,75,371.50857770140743
2976,26,3,76,532.5232154081365
2977,26,3,77,389.9750783944338
2978,26,3,78,523.5143230368818
2979,26,3,79,355.84126793386383
2980,26,3,80,390.09009778899133
2981,26,3,81,390.0928398341693
2982,26,3,82,397.78729230467167
2983,26,3,83,389.95579363215217
2984,26,3,84,389.9261670881919
2985,26,3,85,368.7761136059278
2986,26,3,86,516.1288344562145
2987,26,3,87,390.0027093385963
2988,26,3,88,390.038568384005
2989,26,3,89,516.1932285276449
2990,26,3,90,389.7527957652052
2991,26,3,91,389.71763033389783
2992,26,3,92,360.38414948458393
2993,26,3,93,386.0594515691296
2994,26,3,94,351.0298671510294
2995,26,3,95,389.6393796773005
2996,26,3,96,508.54586320263047
2997,26,3,97,358.05597350708024
2998,26,3,98,357.52230317112287
2999,26,3,99,377.51471818328537
3000,27,1,0,99.23519834432383
3001,27,1,1,217.84828157387685
3002,27,1,2,217.81610349111384
3003,27,1,3,217.79569219954226
3004,27,1,4,99.20607874676757
3005,27,1,5,99.04747755667557
3006,27,1,6,217.87817701032927
3007,27,1,7,219.51642166166437
3008,27,1,8,217.82360024048532
3009,27,1,9,217.8719187590834
3010,27,1,10,217.8094398119587
3011,27,1,11,99.23932262191506
3012,27,1,12,218.4441075242579
3013,27,1,13,217.79432094526754
3014,27,1,14,217.9185187802436
3015,27,1,15,217.9890528194406
3016,27,1,16,99.21932872939972
3017,27,1,17,99.17213030725904
3018,27,1,18,217.87578592987452
3019,27,1,19,217.803083809094
3020,27,1,20,217.84762107228704
3021,27,1,21,218.0681224567984
3022,27,1,22,218.34433611782208
3023,27,1,23,217.88756902023957
3024,27,1,24,217.85320051951194
3025,27,1,25,217.79673892078026
3026,27,1,26,99.25110194669246
3027,27,1,27,217.90213592240096
3028,27,1,28,99.19680034539493
3029,27,1,29,220.00356930443502
3030,27,1,30,217.8926689245624
3031,27,1,31,99.17798379158401
3032,27,1,32,218.0668402283655
3033,27,1,33,217.84336217330042
3034,27,1,34,99.22292429055418
3035,27,1,35,217.80823104624903
3036,27,1,36,99.10082377538808
3037,27,1,37,99.22113266621655
3038,27,1,38,99.08811762006252
3039,27,1,39,218.40857637475617
3040,27,1,40,217.8278840034386
3041,27,1,41,217.82467828540092
3042,27,1,42,99.13810965535795
3043,27,1,43,218.52169886745827
3044,27,1,44,217.8746864176174
3045,27,1,45,217.8675066780457
3046,27,1,46,217.83697951128548
3047,27,1,47,99.04619649309981
3048,27,1,48,217.8087909471419
3049,27,1,49,217.8363514883332
3050,27,1,50,219.16630101891442
3051,27,1,51,217.86951540352283
3052,27,1,52,218.78424567942568
3053,27,1,53,217.9150083966085
3054,27,1,54,218.12732748509248
3055,27,1,55,99.0606341133666
3056,27,1,56,99.2526956887683
3057,27,1,57,99.22917020654228
3058,27,1,58,218.01257089774106
3059,27,1,59,217.79424418454613
3060,27,1,60,217.81975139566853
3061,27,1,61,219.19825253473013
3062,27,1,62,98.97324614206241
3063,27,1,63,217.9135456590855
3064,27,1,64,217.89560493974506
3065,27,1,65,217.96302579238332
3066,27,1,66,217.89018633902583
3067,27,1,67,218.20881947324605
3068,27,1,68,217.85507428758584
3069,27,1,69,217.83756289288993
3070,27,1,70,218.4522707005077
3071,27,1,71,218.08637323706031
3072,27,1,72,64.80624110850106
3073,27,1,73,99.25327411708194
3074,27,1,74,217.8039253279604
3075,27,1,75,218.10302634891116
3076,27,1,76,217.86136181471068
3077,27,1,77,218.00236403727723
3078,27,1,78,217.95961085274277
3079,27,1,79,98.96294173672993
3080,27,1,80,99.16292718416855
3081,27,1,81,217.85048041042174
3082,27,1,82,217.80115651910177
3083,27,1,83,217.85978311912447
3084,27,1,84,217.96285978855033
3085,27,1,85,217.84155153447043
3086,27,1,86,217.8138223164245
3087,27,1,87,217.94584262354402
3088,27,1,88,217.88520467705757
3089,27,1,89,217.81581638974637
3090,27,1,90,217.92741818681986
3091,27,1,91,218.07061786332872
3092,27,1,92,217.83301284163173
3093,27,1,93,217.83411752220798
3094,27,1,94,217.8545762865743
3095,27,1,95,217.8628738701203
3096,27,1,96,217.79617675756182
3097,27,1,97,218.43329673016532
3098,27,1,98,99.06254296644127
3099,27,1,99,98.52234391374184
3100,27,2,0,360.1307565347735
3101,27,2,1,361.3698504126934
3102,27,2,2,222.08545492203274
3103,27,2,3,379.1323042599038
3104,27,2,4,228.67412032814832
3105,27,2,5,228.35259827066443
3106,27,2,6,222.01811846581973
3107,27,2,7,375.9776296666783
3108,27,2,8,220.9397988677684
3109,27,2,9,377.26664913669856
3110,27,2,10,221.12123355941492
3111,27,2,11,355.499460172074
3112,27,2,12,223.1286581664051
3113,27,2,13,222.20169854596136
3114,27,2,14,225.23022718075958
3115,27,2,15,364.5954600348556
3116,27,2,16,229.77053994711122
3117,27,2,17,221.63959046418103
3118,27,2,18,227.63243868431925
3119,27,2,19,222.09819371839302
3120,27,2,20,379.1959924658725
3121,27,2,21,358.41004491781524
3122,27,2,22,224.3371963476075
3123,27,2,23,214.53779513392723
3124,27,2,24,374.21877284524
3125,27,2,25,379.86759168474913
3126,27,2,26,220.97392919950187
3127,27,2,27,207.8310388509882
3128,27,2,28,226.873154740236
3129,27,2,29,225.1127336548827
3130,27,2,30,372.1472526147691
3131,27,2,31,365.76304577403465
3132,27,2,32,222.39797598353798
3133,27,2,33,359.58485707584117
3134,27,2,34,226.3647370321767
3135,27,2,35,229.56589656190437
3136,27,2,36,208.3263815633841
3137,27,2,37,226.9687171671
3138,27,2,38,361.75141522147135
3139,27,2,39,366.7528181934886
3140,27,2,40,223.33199266607272
3141,27,2,41,218.89965540957155
3142,27,2,42,222.55282241415583
3143,27,2,43,377.00967072912084
3144,27,2,44,228.5412487029531
3145,27,2,45,365.55361870350094
3146,27,2,46,225.945281822273
3147,27,2,47,208.85927164985497
3148,27,2,48,377.14129567167817
3149,27,2,49,225.52459035899133
3150,27,2,50,364.6851297360992
3151,27,2,51,224.62214909394555
3152,27,2,52,226.07763438065118
3153,27,2,53,227.66822365860625
3154,27,2,54,228.26476197072304
3155,27,2,55,367.5252139009981
3156,27,2,56,366.9150101713363
3157,27,2,57,371.4377320047653
3158,27,2,58,229.60630523875088
3159,27,2,59,383.5998949737788
3160,27,2,60,222.1771002806545
3161,27,2,61,381.67536063520305
3162,27,2,62,221.83431240187653
3163,27,2,63,225.3869774055975
3164,27,2,64,355.42807439733855
3165,27,2,65,219.93624003729138
3166,27,2,66,221.54818193323794
3167,27,2,67,372.8637084127687
3168,27,2,68,226.21087768284812
3169,27,2,69,223.15421646750855
3170,27,2,70,376.7323910859287
3171,27,2,71,408.5174321929847
3172,27,2,72,225.3057052584607
3173,27,2,73,224.646518306998
3174,27,2,74,225.986469512975
3175,27,2,75,376.30870759622337
3176,27,2,76,223.63297942098447
3177,27,2,77,226.23537185539993
3178,27,2,78,371.2110936885746
3179,27,2,79,226.5062505166145
3180,27,2,80,408.9415410759721
3181,27,2,81,366.17662372050046
3182,27,2,82,384.8334389672911
3183,27,2,83,224.03511456018015
3184,27,2,84,220.6363498723061
3185,27,2,85,229.68605655462179
3186,27,2,86,223.131071690853
3187,27,2,87,223.78048191088806
3188,27,2,88,217.47139581457841
3189,27,2,89,224.38927225709546
3190,27,2,90,225.3071387340346
3191,27,2,91,217.38288714529182
3192,27,2,92,229.76732793147596
3193,27,2,93,221.03142199146848
3194,27,2,94,223.80941894011897
3195,27,2,95,222.27401429573462
3196,27,2,96,227.2312797865658
3197,27,2,97,381.66718425496487
3198,27,2,98,383.8008791195354
3199,27,2,99,225.00170702319537
3200,27,3,0,375.75649250423555
3201,27,3,1,384.26920361011526
3202,27,3,2,381.4389212118323
3203,27,3,3,381.4768879433254
3204,27,3,4,378.3725740172655
3205,27,3,5,223.794659071343
3206,27,3,6,380.8083754237342
3207,27,3,7,371.6422758805413
3208,27,3,8,367.90627817991134
3209,27,3,9,381.55130900308035
3210,27,3,10,525.2259947745113
3211,27,3,11,535.8042462644389
3212,27,3,12,366.319123879398
3213,27,3,13,381.5375190929282
3214,27,3,14,381.3520085731851
3215,27,3,15,370.0845887496317
3216,27,3,16,381.59072864258803
3217,27,3,17,376.7866938457516
3218,27,3,18,380.4867779636965
3219,27,3,19,533.2824629215813
3220,27,3,20,509.0745678741376
3221,27,3,21,356.17129080638676
3222,27,3,22,536.620705457926
3223,27,3,23,377.1951451468358
3224,27,3,24,193.19631190751846
3225,27,3,25,509.00948680948386
3226,27,3,26,226.7759002400197
3227,27,3,27,381.47582921831264
3228,27,3,28,228.86680749341008
3229,27,3,29,194.094766616886
3230,27,3,30,381.54385596093306
3231,27,3,31,372.1527140257602
3232,27,3,32,381.5013322691831
3233,27,3,33,221.90651662639718
3234,27,3,34,533.0704634080965
3235,27,3,35,223.2976246395276
3236,27,3,36,222.03810829283668
3237,27,3,37,388.225145316673
3238,27,3,38,532.6570003702468
3239,27,3,39,378.2883731146604
3240,27,3,40,381.0027532461326
3241,27,3,41,381.37179795933963
3242,27,3,42,536.926342911753
3243,27,3,43,509.02063813664967
3244,27,3,44,380.87045876511
3245,27,3,45,379.954761703645
3246,27,3,46,527.7633669223889
3247,27,3,47,509.54845044234264
3248,27,3,48,533.9054092990704
3249,27,3,49,359.22203980833723
3250,27,3,50,377.46435235505686
3251,27,3,51,381.3850365034051
3252,27,3,52,381.5833052347587
3253,27,3,53,380.35842514029315
3254,27,3,54,361.73941731176865
3255,27,3,55,382.03022440976775
3256,27,3,56,531.305394360123
3257,27,3,57,370.172963211294
3258,27,3,58,533.4878708031924
3259,27,3,59,381.3758734897452
3260,27,3,60,519.643843432916
3261,27,3,61,380.5698261950058
3262,27,3,62,382.28803173478656
3263,27,3,63,381.5871595797427
3264,27,3,64,522.2111005012513
3265,27,3,65,380.57822376102575
3266,27,3,66,381.593501854477
3267,27,3,67,380.9222786879524
3268,27,3,68,373.6156224613685
3269,27,3,69,373.66841284544955
3270,27,3,70,381.51581817134286
3271,27,3,71,229.75960749930178
3272,27,3,72,381.51453683458084
3273,27,3,73,535.2549868329983
3274,27,3,74,515.6773930169575
3275,27,3,75,521.198267132867
3276,27,3,76,381.5787244064631
3277,27,3,77,380.9365519287772
3278,27,3,78,199.6145055516162
3279,27,3,79,536.052362282664
3280,27,3,80,381.5534482235908
3281,27,3,81,380.5705899733341
3282,27,3,82,509.30295741589964
3283,27,3,83,371.4353791246022
3284,27,3,84,222.148837377729
3285,27,3,85,534.7960520203566
3286,27,3,86,368.3373385471786
3287,27,3,87,355.3743860884762
3288,27,3,88,379.5255218545302
3289,27,3,89,381.16895048120125
3290,27,3,90,222.27532958634984
3291,27,3,91,368.9797790148263
3292,27,3,92,529.8494765805012
3293,27,3,93,509.5747455558559
3294,27,3,94,365.4150860821151
3295,27,3,95,163.84922459403504
3296,27,3,96,355.75658345629824
3297,27,3,97,376.302318259073
3298,27,3,98,381.38184017860004
3299,27,3,99,381.5322376297318
3300,32,1,0,118.82754439922346
3301,32,1,1,203.72295562220646
3302,32,1,2,162.53286778479585
3303,32,1,3,193.29351965410123
3304,32,1,4,160.3199191459868
3305,32,1,5,143.7307580541997
3306,32,1,6,155.13749251071192
3307,32,1,7,130.98692067564122
3308,32,1,8,108.67911713369772
3309,32,1,9,115.73687959151518
3310,32,1,10,125.80528357851463
3311,32,1,11,148.17300165228988
3312,32,1,12,111.92096077802674
3313,32,1,13,114.21660555900915
3314,32,1,14,192.63256991633784
3315,32,1,15,137.1628228818017
3316,32,1,16,136.0364133122274
3317,32,1,17,112.30525719127662
3318,32,1,18,109.75472430588337
3319,32,1,19,136.61713857794635
3320,32,1,20,121.23086959365112
3321,32,1,21,177.31497283592316
3322,32,1,22,108.67374266588136
3323,32,1,23,110.1781541065901
3324,32,1,24,113.9388110485266
3325,32,1,25,184.44079415742246
3326,32,1,26,197.24183675884623
3327,32,1,27,191.89004613066987
3328,32,1,28,127.1365683692328
3329,32,1,29,98.91778190588421
3330,32,1,30,136.41261289236013
3331,32,1,31,109.18882084840203
3332,32,1,32,135.20910639801093
3333,32,1,33,153.31238722251342
3334,32,1,34,153.94589007170387
3335,32,1,35,109.76875049293149
3336,32,1,36,118.29568088014054
3337,32,1,37,115.32350747401445
3338,32,1,38,193.3237456313966
3339,32,1,39,104.64260966121472
3340,32,1,40,172.94680413240445
3341,32,1,41,112.49772295409677
3342,32,1,42,111.50652532080045
3343,32,1,43,198.07243817917492
3344,32,1,44,205.2649353567256
3345,32,1,45,131.26923614445474
3346,32,1,46,118.15052264115826
3347,32,1,47,154.14589457732902
3348,32,1,48,108.212471081909
3349,32,1,49,188.33584346907307
3350,32,1,50,173.43974132715806
3351,32,1,51,176.4428618242929
3352,32,1,52,125.80038834212293
3353,32,1,53,119.45597094747706
3354,32,1,54,153.70086954334207
3355,32,1,55,150.04572085776505
3356,32,1,56,158.99827908454807
3357,32,1,57,130.9347603551967
3358,32,1,58,139.72653689547658
3359,32,1,59,188.18986040314124
3360,32,1,60,190.67990563479606
3361,32,1,61,182.5457072047865
3362,32,1,62,140.56266851627848
3363,32,1,63,145.71785102236814
3364,32,1,64,164.68803771359754
3365,32,1,65,165.59952596262667
3366,32,1,66,165.38670745718923
3367,32,1,67,113.44578566444586
3368,32,1,68,193.05232024157218
3369,32,1,69,104.71033233707425
3370,32,1,70,98.97151016752478
3371,32,1,71,165.70882927499963
3372,32,1,72,112.43657957821493
3373,32,1,73,167.19097113735216
3374,32,1,74,197.8684883053594
3375,32,1,75,157.49502750092367
3376,32,1,76,158.8348001304018
3377,32,1,77,129.71902325248556
3378,32,1,78,152.03640799936485
3379,32,1,79,162.0619899123531
3380,32,1,80,175.9900809270887
3381,32,1,81,187.25115858806097
3382,32,1,82,112.742033642918
3383,32,1,83,192.6843421977779
3384,32,1,84,130.17134479853053
3385,32,1,85,113.31884188174085
3386,32,1,86,111.78066703836352
3387,32,1,87,192.8212674511196
3388,32,1,88,190.89864274138998
3389,32,1,89,194.1529070948443
3390,32,1,90,153.59882014025078
3391,32,1,91,188.09189792407994
3392,32,1,92,173.55363937608377
3393,32,1,93,183.34094752885838
3394,32,1,94,109.49613520182714
3395,32,1,95,125.68118876085417
3396,32,1,96,141.65775757057503
3397,32,1,97,134.12034402657537
3398,32,1,98,156.69664397287048
3399,32,1,99,192.81866318811024
3400,32,2,0,211.62970792906697
3401,32,2,1,211.01845166523447
3402,32,2,2,367.49024385744434
3403,32,2,3,348.81354140279086
3404,32,2,4,367.5397156053562
3405,32,2,5,375.4936050476642
3406,32,2,6,367.4722356098422
3407,32,2,7,165.6289312863103
3408,32,2,8,368.1296802793396
3409,32,2,9,190.50538086257717
3410,32,2,10,195.2890674036803
3411,32,2,11,367.4740618022773
3412,32,2,12,210.9064191723719
3413,32,2,13,175.0087124637443
3414,32,2,14,367.62250109856654
3415,32,2,15,187.37392790095498
3416,32,2,16,187.4062501890014
3417,32,2,17,199.53990748322056
3418,32,2,18,368.00438736255796
3419,32,2,19,367.5400399171074
3420,32,2,20,367.5339124194492
3421,32,2,21,367.60646816263284
3422,32,2,22,367.4948581784177
3423,32,2,23,367.4636540861825
3424,32,2,24,367.4719569411122
3425,32,2,25,367.75889190952995
3426,32,2,26,367.51310192371585
3427,32,2,27,200.86416004820285
3428,32,2,28,349.82453626352753
3429,32,2,29,170.4393238483719
3430,32,2,30,157.07758463611555
3431,32,2,31,195.0457913574146
3432,32,2,32,335.3368264088015
3433,32,2,33,179.86143513550695
3434,32,2,34,188.0369853872408
3435,32,2,35,367.49796216470764
3436,32,2,36,188.69556100004817
3437,32,2,37,367.60768944111635
3438,32,2,38,187.5619204611417
3439,32,2,39,367.4802308970763
3440,32,2,40,367.48841126610785
3441,32,2,41,380.70448191919155
3442,32,2,42,228.35287706470953
3443,32,2,43,367.5895785572038
3444,32,2,44,367.49712656048234
3445,32,2,45,380.1798113473731
3446,32,2,46,367.5356784119436
3447,32,2,47,174.83277446006284
3448,32,2,48,177.310172043894
3449,32,2,49,187.1290463462145
3450,32,2,50,367.5051775314326
3451,32,2,51,367.7010498228226
3452,32,2,52,187.38761403905815
3453,32,2,53,179.74272968740553
3454,32,2,54,367.5432591400042
3455,32,2,55,367.46689590868573
3456,32,2,56,380.7767851790012
3457,32,2,57,347.92404220952824
3458,32,2,58,367.7557858785452
3459,32,2,59,163.69297942065634
3460,32,2,60,367.48734699589033
3461,32,2,61,367.67087039666893
3462,32,2,62,367.9659438211574
3463,32,2,63,208.10247764442425
3464,32,2,64,216.87964586845374
3465,32,2,65,362.9106160247729
3466,32,2,66,208.00191506856163
3467,32,2,67,213.05420764075552
3468,32,2,68,368.33642087551675
3469,32,2,69,367.5828364080564
3470,32,2,70,190.86870308760976
3471,32,2,71,367.6464486734434
3472,32,2,72,204.9454205208881
3473,32,2,73,208.00084472610433
3474,32,2,74,367.46992466650227
3475,32,2,75,336.42564984495004
3476,32,2,76,353.7100183284093
3477,32,2,77,181.33704498062409
3478,32,2,78,235.04052086424767
3479,32,2,79,217.8982021819141
3480,32,2,80,368.6410368500508
3481,32,2,81,367.5523725576169
3482,32,2,82,351.8941446196224
3483,32,2,83,367.4665576949188
3484,32,2,84,202.89262877757298
3485,32,2,85,197.3921986005907
3486,32,2,86,196.20098705581427
3487,32,2,87,225.36664996795471
3488,32,2,88,234.86221165116282
3489,32,2,89,380.6896526568697
3490,32,2,90,367.5149363082173
3491,32,2,91,509.96593645484404
3492,32,2,92,367.6401160020143
3493,32,2,93,354.1378110008251
3494,32,2,94,204.56029435584213
3495,32,2,95,204.9777711624364
3496,32,2,96,190.82629996725075
3497,32,2,97,367.4666979808527
3498,32,2,98,234.91915098074801
3499,32,2,99,185.97822926428492
3500,32,3,0,349.54874864179754
3501,32,3,1,362.9641910396912
3502,32,3,2,521.8582258065209
3503,32,3,3,325.81049689818923
3504,32,3,4,535.717346461146
3505,32,3,5,323.31447546743277
3506,32,3,6,342.06113675327373
3507,32,3,7,345.07239357217674
3508,32,3,8,527.9579231240461
3509,32,3,9,380.62177292521295
3510,32,3,10,351.3428397143438
3511,32,3,11,533.7020504295085
3512,32,3,12,339.36857611725213
3513,32,3,13,527.446124257907
3514,32,3,14,330.23246400253396
3515,32,3,15,532.4449393662969
3516,32,3,16,527.049494858127
3517,32,3,17,516.4822820424907
3518,32,3,18,509.8180241499197
3519,32,3,19,529.1529123317871
3520,32,3,20,535.0370022385415
3521,32,3,21,534.93955643508
3522,32,3,22,528.8469599747784
3523,32,3,23,524.454607141237
3524,32,3,24,380.74889365607294
3525,32,3,25,533.6974647483665
3526,32,3,26,347.9437564636289
3527,32,3,27,379.86996963849776
3528,32,3,28,517.9122436854244
3529,32,3,29,532.7590669713709
3530,32,3,30,356.96148645088095
3531,32,3,31,299.4673556089293
3532,32,3,32,359.69307838485093
3533,32,3,33,535.1939455331366
3534,32,3,34,380.76864302546403
3535,32,3,35,330.6165041494684
3536,32,3,36,380.5158248115853
3537,32,3,37,528.0196491178056
3538,32,3,38,348.7847767988959
3539,32,3,39,528.2489569671211
3540,32,3,40,510.5620023891665
3541,32,3,41,532.4058417510922
3542,32,3,42,528.2948435166901
3543,32,3,43,536.7275295852033
3544,32,3,44,525.887712559945
3545,32,3,45,533.1472048526938
3546,32,3,46,380.7182982083037
3547,32,3,47,321.0029299331479
3548,32,3,48,531.4969454934344
3549,32,3,49,510.0412174440285
3550,32,3,50,334.09162583728624
3551,32,3,51,531.5733782701977
3552,32,3,52,534.1148463811802
3553,32,3,53,361.8744222244774
3554,32,3,54,350.7064197857936
3555,32,3,55,529.6169449585666
3556,32,3,56,342.0836673927129
3557,32,3,57,509.94679487062086
3558,32,3,58,351.6062366549962
3559,32,3,59,523.484724447616
3560,32,3,60,530.5503752814883
3561,32,3,61,298.30398857737396
3562,32,3,62,519.6648370151785
3563,32,3,63,315.25462990216704
3564,32,3,64,532.0029257564127
3565,32,3,65,524.0469491854055
3566,32,3,66,523.5092374953673
3567,32,3,67,530.7208199886168
3568,32,3,68,534.5893308737835
3569,32,3,69,358.0725219586336
3570,32,3,70,525.1842106080492
3571,32,3,71,535.4139045404324
3572,32,3,72,380.7059053417134
3573,32,3,73,510.1550317993798
3574,32,3,74,532.525690031013
3575,32,3,75,532.7168264500824
3576,32,3,76,340.05661690691045
3577,32,3,77,509.9251167622136
3578,32,3,78,534.6123293366617
3579,32,3,79,526.808815114629
3580,32,3,80,380.7503850508415
3581,32,3,81,328.7882563870914
3582,32,3,82,531.0710306616685
3583,32,3,83,535.0075618285207
3584,32,3,84,368.31600393120505
3585,32,3,85,522.0475601554061
3586,32,3,86,536.1120394106067
3587,32,3,87,329.09467014281944
3588,32,3,88,323.6652508518884
3589,32,3,89,342.7843831284658
3590,32,3,90,319.1164496488749
3591,32,3,91,354.1709884790507
3592,32,3,92,525.213013664253
3593,32,3,93,527.1606715014981
3594,32,3,94,516.139449267533
3595,32,3,95,518.6963601037746
3596,32,3,96,380.64842419889357
3597,32,3,97,343.446540668091
3598,32,3,98,322.75637159041213
3599,32,3,99,368.84021537033533
3600,38,1,0,74.81880947351199
3601,38,1,1,79.87257204282947
3602,38,1,2,213.43145962431183
3603,38,1,3,242.57918768831362
3604,38,1,4,252.32823134537185
3605,38,1,5,213.52700128573215
3606,38,1,6,66.93972643786854
3607,38,1,7,239.29225739320606
3608,38,1,8,240.99927562972144
3609,38,1,9,69.29459038542261
3610,38,1,10,237.76283353030567
3611,38,1,11,213.61141802685978
3612,38,1,12,240.77643123116815
3613,38,1,13,80.32793003108397
3614,38,1,14,213.61776235432058
3615,38,1,15,215.3015404402581
3616,38,1,16,213.39470676112106
3617,38,1,17,73.7845505689498
3618,38,1,18,213.40213398829695
3619,38,1,19,75.09498008283097
3620,38,1,20,83.81826506330668
3621,38,1,21,68.42381487619407
3622,38,1,22,213.51384384239753
3623,38,1,23,240.99109713364217
3624,38,1,24,250.84662733695697
3625,38,1,25,81.34401489210687
3626,38,1,26,238.50492606155262
3627,38,1,27,239.8203230466516
3628,38,1,28,213.41853087079667
3629,38,1,29,239.1906175986952
3630,38,1,30,82.0757223526705
3631,38,1,31,255.63305427535713
3632,38,1,32,215.00830258885426
3633,38,1,33,240.5598024321333
3634,38,1,34,213.42103582931625
3635,38,1,35,213.55164176449162
3636,38,1,36,213.54368585161845
3637,38,1,37,244.38416635084445
3638,38,1,38,243.95123114006833
3639,38,1,39,254.6220643401529
3640,38,1,40,238.77335157359957
3641,38,1,41,80.13887601304549
3642,38,1,42,83.6335484961032
3643,38,1,43,83.6268270616414
3644,38,1,44,65.4130243847445
3645,38,1,45,213.65852174042723
3646,38,1,46,250.5687865129979
3647,38,1,47,72.97077411870507
3648,38,1,48,242.17756340710372
3649,38,1,49,240.42531457011853
3650,38,1,50,83.73571143892694
3651,38,1,51,239.35474840087878
3652,38,1,52,214.61524214115417
3653,38,1,53,213.54526097346508
3654,38,1,54,213.4259889626206
3655,38,1,55,213.44848453946855
3656,38,1,56,213.38805474264035
3657,38,1,57,242.4894505747299
3658,38,1,58,81.43616759401627
3659,38,1,59,241.60865045176436
3660,38,1,60,241.76626180384727
3661,38,1,61,71.55434838394909
3662,38,1,62,247.88795157146558
3663,38,1,63,213.38885723649327
3664,38,1,64,240.41125113371217
3665,38,1,65,213.7137448362875
3666,38,1,66,239.6528899540504
3667,38,1,67,241.37134880320033
3668,38,1,68,83.8395746919174
3669,38,1,69,213.41886514121413
3670,38,1,70,213.39060302805757
3671,38,1,71,213.4299257998699
3672,38,1,72,247.6323855783065
3673,38,1,73,243.0441799631343
3674,38,1,74,213.59222665545076
3675,38,1,75,215.33736185302462
3676,38,1,76,83.51494225110257
3677,38,1,77,72.06501183214093
3678,38,1,78,88.57962710419677
3679,38,1,79,213.42838651191934
3680,38,1,80,214.26819721121313
3681,38,1,81,213.4302284951452
3682,38,1,82,69.58539471424268
3683,38,1,83,83.82499333382505
3684,38,1,84,244.13490228226516
3685,38,1,85,241.11036939773913
3686,38,1,86,213.3895773301279
3687,38,1,87,213.39421217049147
3688,38,1,88,213.41192683771132
3689,38,1,89,246.2417628002793
3690,38,1,90,213.81433227329887
3691,38,1,91,72.91363463473832
3692,38,1,92,213.4506238789625
3693,38,1,93,245.62460502771256
3694,38,1,94,232.99798062973835
3695,38,1,95,83.83187475647769
3696,38,1,96,251.40149432872732
3697,38,1,97,213.67537600107622
3698,38,1,98,213.4004389082514
3699,38,1,99,241.10889423581108
3700,38,2,0,409.9422538922915
3701,38,2,1,158.3289156746898
3702,38,2,2,245.28805535371032
3703,38,2,3,154.08674118440197
3704,38,2,4,370.0444312400762
3705,38,2,5,150.42881090109358
3706,38,2,6,245.26955586262608
3707,38,2,7,244.46319889741181
3708,38,2,8,244.41493171244346
3709,38,2,9,187.26962289222655
3710,38,2,10,243.6736622384886
3711,38,2,11,245.13189437381337
3712,38,2,12,211.47645928842314
3713,38,2,13,245.29539794848466
3714,38,2,14,161.99701495786613
3715,38,2,15,181.145052838541
3716,38,2,16,245.33248988985164
3717,38,2,17,176.01448037828212
3718,38,2,18,245.35252624700675
3719,38,2,19,191.48065729010676
3720,38,2,20,160.61128139910605
3721,38,2,21,245.1340032339359
3722,38,2,22,149.43592117501078
3723,38,2,23,116.9608580141452
3724,38,2,24,243.21922390845623
3725,38,2,25,245.14654341954156
3726,38,2,26,139.49834582940477
3727,38,2,27,244.97652375223805
3728,38,2,28,430.2192377610723
3729,38,2,29,154.7323576875235
3730,38,2,30,244.89472806245257
3731,38,2,31,245.2710937523855
3732,38,2,32,245.35675396754672
3733,38,2,33,245.31195970932018
3734,38,2,34,149.934366117827
3735,38,2,35,245.27997972153847
3736,38,2,36,245.3391930703997
3737,38,2,37,140.3038249142247
3738,38,2,38,200.15956529567566
3739,38,2,39,189.65203670440556
3740,38,2,40,369.920380062755
3741,38,2,41,413.3409380957393
3742,38,2,42,243.69039099404867
3743,38,2,43,245.34538794424847
3744,38,2,44,245.3275975705137
3745,38,2,45,245.31299660496398
3746,38,2,46,245.33305045037713
3747,38,2,47,243.84677751875518
3748,38,2,48,245.35390255101584
3749,38,2,49,135.391411209859
3750,38,2,50,186.5848333601201
3751,38,2,51,245.05748297073094
3752,38,2,52,173.34000888702806
3753,38,2,53,245.34600833850166
3754,38,2,54,245.30622033206313
3755,38,2,55,243.64082025975387
3756,38,2,56,370.00452515115194
3757,38,2,57,198.25782414159076
3758,38,2,58,170.06333798389588
3759,38,2,59,245.27614226077702
3760,38,2,60,245.29585007846356
3761,38,2,61,191.23874803101677
3762,38,2,62,122.47053953572046
3763,38,2,63,193.3353060326624
3764,38,2,64,245.3416608104837
3765,38,2,65,140.6831183069829
3766,38,2,66,245.35445012356553
3767,38,2,67,244.99978634227165
3768,38,2,68,132.91491858077663
3769,38,2,69,172.81109110132178
3770,38,2,70,149.63496161817312
3771,38,2,71,245.31351169938065
3772,38,2,72,245.1245531703257
3773,38,2,73,245.35383072137157
3774,38,2,74,245.29600839450183
3775,38,2,75,245.2397918070188
3776,38,2,76,388.53051959351353
3777,38,2,77,245.17374345494824
3778,38,2,78,245.30175660951147
3779,38,2,79,245.2524464621885
3780,38,2,80,197.66407035430754
3781,38,2,81,245.33520224103637
3782,38,2,82,243.2786615371485
3783,38,2,83,245.24100973689443
3784,38,2,84,245.26926587160065
3785,38,2,85,434.12936014485433
3786,38,2,86,176.99364434404163
3787,38,2,87,245.2891059248423
3788,38,2,88,152.14930091278757
3789,38,2,89,244.45800455628387
3790,38,2,90,245.11122454186577
3791,38,2,91,160.38985732079018
3792,38,2,92,97.96925728184749
3793,38,2,93,370.02963378399494
3794,38,2,94,244.83890831092555
3795,38,2,95,245.18872404237968
3796,38,2,96,245.30817448917747
3797,38,2,97,193.89942658114583
3798,38,2,98,172.82256527714705
3799,38,2,99,245.3373850210827
3800,38,3,0,476.1886205803196
3801,38,3,1,427.33595112535653
3802,38,3,2,459.7376010368785
3803,38,3,3,491.3004652363194
3804,38,3,4,409.05039520139803
3805,38,3,5,469.17041213751514
3806,38,3,6,434.35398633080587
3807,38,3,7,472.5886578843079
3808,38,3,8,395.4968244061169
3809,38,3,9,441.16938627627155
3810,38,3,10,405.937999935561
3811,38,3,11,432.6179493051995
3812,38,3,12,476.18644385905947
3813,38,3,13,464.76620766843644
3814,38,3,14,488.4299386203562
3815,38,3,15,432.08370759538764
3816,38,3,16,501.80287344709853
3817,38,3,17,443.1260584529237
3818,38,3,18,413.7954672885149
3819,38,3,19,458.75836481429354
3820,38,3,20,411.50120082182326
3821,38,3,21,406.71554651046284
3822,38,3,22,492.1985743406869
3823,38,3,23,463.5332349503469
3824,38,3,24,467.84726314433834
3825,38,3,25,485.2176560635648
3826,38,3,26,473.0768945574221
3827,38,3,27,442.5573565352278
3828,38,3,28,470.1079350479132
3829,38,3,29,430.645026917727
3830,38,3,30,426.6287049410186
3831,38,3,31,394.65051504011853
3832,38,3,32,490.69119826600445
3833,38,3,33,438.8646733417201
3834,38,3,34,409.8319412361626
3835,38,3,35,476.1987243043132
3836,38,3,36,446.7693577458057
3837,38,3,37,405.567481901383
3838,38,3,38,456.81962024121134
3839,38,3,39,473.22113393760594
3840,38,3,40,501.9411006527065
3841,38,3,41,487.50028722987366
3842,38,3,42,408.0882856173208
3843,38,3,43,467.32537975062974
3844,38,3,44,482.11686001283726
3845,38,3,45,406.007218554099
3846,38,3,46,488.54089563808225
3847,38,3,47,451.2814153602946
3848,38,3,48,451.4737211721109
3849,38,3,49,443.67330939952194
3850,38,3,50,443.90802456770217
3851,38,3,51,409.7306445795703
3852,38,3,52,457.7983444293314
3853,38,3,53,489.3710707467823
3854,38,3,54,483.3644378079573
3855,38,3,55,428.9949218282712
3856,38,3,56,443.0557032412058
3857,38,3,57,480.6463042895864
3858,38,3,58,470.89346439676444
3859,38,3,59,473.28726307616887
3860,38,3,60,405.43672306458967
3861,38,3,61,470.8548323126403
3862,38,3,62,491.5949225860748
3863,38,3,63,405.10263419476007
3864,38,3,64,469.49054583505546
3865,38,3,65,488.4303179780131
3866,38,3,66,480.97048691310914
3867,38,3,67,481.91931534026753
3868,38,3,68,405.76294303485145
3869,38,3,69,413.95196768888565
3870,38,3,70,463.7185521332389
3871,38,3,71,429.00526829653666
3872,38,3,72,436.28306944052565
3873,38,3,73,421.34029223154704
3874,38,3,74,422.71366126233727
3875,38,3,75,488.5139158407547
3876,38,3,76,490.95909498108597
3877,38,3,77,436.7974558230077
3878,38,3,78,444.25123107124506
3879,38,3,79,421.33897610416835
3880,38,3,80,495.7125195502416
3881,38,3,81,406.3080165976412
3882,38,3,82,469.18555492222674
3883,38,3,83,460.6923651516229
3884,38,3,84,430.709712106997
3885,38,3,85,489.8644093172826
3886,38,3,86,495.6181499829669
3887,38,3,87,405.284741027727
3888,38,3,88,410.04735651856674
3889,38,3,89,449.94695502453476
3890,38,3,90,405.7872398487068
3891,38,3,91,407.33109855569757
3892,38,3,92,425.5088271511687
3893,38,3,93,441.69503415134295
3894,38,3,94,405.6521982020918
3895,38,3,95,422.70705369016963
3896,38,3,96,452.12908764461514
3897,38,3,97,406.48320512139327
3898,38,3,98,464.0154991303649
3899,38,3,99,480.57053122551537
3900,42,1,0,135.24933110398902
3901,42,1,1,141.52141559751638
3902,42,1,2,147.309857559896
3903,42,1,3,126.02459226594243
3904,42,1,4,119.12918387020783
3905,42,1,5,174.3503034297555
3906,42,1,6,109.39268820720048
3907,42,1,7,174.14662816613378
3908,42,1,8,111.34556855897856
3909,42,1,9,123.81392257526183
3910,42,1,10,114.36789673866713
3911,42,1,11,203.83037601157895
3912,42,1,12,190.278529125632
3913,42,1,13,144.92762653283572
3914,42,1,14,110.19953151000496
3915,42,1,15,126.96895668933162
3916,42,1,16,151.38909167803774
3917,42,1,17,136.88956772429555
3918,42,1,18,160.91107967936838
3919,42,1,19,167.0963061887661
3920,42,1,20,167.4496889575258
3921,42,1,21,143.1721537187013
3922,42,1,22,108.35009910130606
3923,42,1,23,146.65368711632166
3924,42,1,24,111.63864772647287
3925,42,1,25,178.67288586673823
3926,42,1,26,98.44139375422539
3927,42,1,27,133.99966525125248
3928,42,1,28,115.05959445635888
3929,42,1,29,144.97702519585457
3930,42,1,30,138.9148802567495
3931,42,1,31,177.2960088705675
3932,42,1,32,126.65880826802301
3933,42,1,33,170.74002722479074
3934,42,1,34,140.7124919577052
3935,42,1,35,130.876129953585
3936,42,1,36,136.56522454071833
3937,42,1,37,187.7158323979119
3938,42,1,38,174.02641541600917
3939,42,1,39,161.8556177798053
3940,42,1,40,159.8558682405323
3941,42,1,41,181.06205320286367
3942,42,1,42,107.49200919780824
3943,42,1,43,192.7544984505109
3944,42,1,44,109.26705717265745
3945,42,1,45,191.21952443366908
3946,42,1,46,112.0020731349919
3947,42,1,47,112.14950537959368
3948,42,1,48,184.92172829543654
3949,42,1,49,119.55822749038927
3950,42,1,50,192.8107030885045
3951,42,1,51,137.09112097515796
3952,42,1,52,114.53488098096955
3953,42,1,53,104.12756393862934
3954,42,1,54,137.57392241106203
3955,42,1,55,192.76975661079243
3956,42,1,56,164.490392762745
3957,42,1,57,117.17363382169204
3958,42,1,58,138.39329422860064
3959,42,1,59,153.92246787927624
3960,42,1,60,119.91300768965534
3961,42,1,61,109.84048323865012
3962,42,1,62,142.14438319335332
3963,42,1,63,129.1566660155299
3964,42,1,64,109.34582439420724
3965,42,1,65,205.06278636439114
3966,42,1,66,112.44865592465752
3967,42,1,67,117.94344787655304
3968,42,1,68,189.90986676625838
3969,42,1,69,186.72644626000002
3970,42,1,70,152.99262695306933
3971,42,1,71,159.99830286983402
3972,42,1,72,172.71240723441136
3973,42,1,73,127.1523823615822
3974,42,1,74,138.78363308618898
3975,42,1,75,155.29492241240817
3976,42,1,76,118.22042368024623
3977,42,1,77,139.2312439199874
3978,42,1,78,116.62110403360961
3979,42,1,79,186.97685042468171
3980,42,1,80,152.64564698177438
3981,42,1,81,111.82831103236552
3982,42,1,82,188.71698397102497
3983,42,1,83,177.31783140842933
3984,42,1,84,135.928133579545
3985,42,1,85,204.95135854848638
3986,42,1,86,193.37236731468616
3987,42,1,87,144.1294249928082
3988,42,1,88,169.76909005484123
3989,42,1,89,123.80356076095508
3990,42,1,90,138.87866870997325
3991,42,1,91,175.80346289659715
3992,42,1,92,112.36823021027081
3993,42,1,93,130.06330995610787
3994,42,1,94,190.6020454270043
3995,42,1,95,184.65859411064432
3996,42,1,96,186.6015118298089
3997,42,1,97,193.43261766855457
3998,42,1,98,192.69953659865354
3999,42,1,99,140.5995965351546
4000,42,2,0,206.98400929933217
4001,42,2,1,168.82378344612835
4002,42,2,2,175.2622994604536
4003,42,2,3,426.3869396310511
4004,42,2,4,399.3626217267242
4005,42,2,5,238.75059717473482
4006,42,2,6,160.45861080678458
4007,42,2,7,387.99451568208883
4008,42,2,8,162.26168810874032
4009,42,2,9,449.295821795153
4010,42,2,10,425.8166848189335
4011,42,2,11,369.55495052992
4012,42,2,12,237.98400130797071
4013,42,2,13,203.09226078132596
4014,42,2,14,190.2721492566929
4015,42,2,15,415.7650946127241
4016,42,2,16,238.4900759370023
4017,42,2,17,204.56220887403873
4018,42,2,18,421.44934804609767
4019,42,2,19,426.0858854569919
4020,42,2,20,364.55617301946234
4021,42,2,21,177.49497025648316
4022,42,2,22,437.41025552358514
4023,42,2,23,206.06851236588798
4024,42,2,24,370.2299728548601
4025,42,2,25,428.0065498122675
4026,42,2,26,185.44853735153166
4027,42,2,27,364.6505017819972
4028,42,2,28,364.6076970676861
4029,42,2,29,411.31690282336336
4030,42,2,30,183.61035231002404
4031,42,2,31,364.59140389248796
4032,42,2,32,199.7911846040545
4033,42,2,33,183.77251091272396
4034,42,2,34,398.84030361630323
4035,42,2,35,223.59563844299922
4036,42,2,36,191.3968713180683
4037,42,2,37,238.73980479857204
4038,42,2,38,375.59785968464377
4039,42,2,39,368.3088697587561
4040,42,2,40,364.67367778903093
4041,42,2,41,364.5984816306778
4042,42,2,42,409.87404943482983
4043,42,2,43,407.2360153824584
4044,42,2,44,219.59576898984102
4045,42,2,45,193.04400700411182
4046,42,2,46,229.46990658355054
4047,42,2,47,139.21863473344888
4048,42,2,48,390.3529288631622
4049,42,2,49,413.23631790986394
4050,42,2,50,183.58351376384567
4051,42,2,51,450.8615347248091
4052,42,2,52,195.44699881436244
4053,42,2,53,231.51617125724943
4054,42,2,54,387.6118524702367
4055,42,2,55,186.18522823119704
4056,42,2,56,405.100826417168
4057,42,2,57,222.12896627818213
4058,42,2,58,385.6467047427886
4059,42,2,59,401.7931313248872
4060,42,2,60,410.0089343000301
4061,42,2,61,219.88695092517872
4062,42,2,62,431.08969243647766
4063,42,2,63,197.24670326492736
4064,42,2,64,183.13790840396013
4065,42,2,65,204.7178641419656
4066,42,2,66,415.4854479530753
4067,42,2,67,417.17141272918235
4068,42,2,68,434.1809502888134
4069,42,2,69,154.23434550325263
4070,42,2,70,214.41863736050405
4071,42,2,71,418.0107742278051
4072,42,2,72,387.988376488222
4073,42,2,73,419.3455697932203
4074,42,2,74,396.45493706034
4075,42,2,75,189.50390065948457
4076,42,2,76,202.51507655682522
4077,42,2,77,215.00949880020423
4078,42,2,78,226.00944016627005
4079,42,2,79,413.0774482985098
4080,42,2,80,389.32663818026094
4081,42,2,81,238.72236509356122
4082,42,2,82,165.27658654574014
4083,42,2,83,221.2068393101403
4084,42,2,84,238.76506039818068
4085,42,2,85,238.74936625915072
4086,42,2,86,188.77098770526456
4087,42,2,87,384.3052186573061
4088,42,2,88,450.7868804184725
4089,42,2,89,186.48006746557587
4090,42,2,90,409.6921555298035
4091,42,2,91,428.9473381836622
4092,42,2,92,418.84906898122944
4093,42,2,93,364.56140146923474
4094,42,2,94,364.70451744418074
4095,42,2,95,202.00413027795625
4096,42,2,96,213.4284466048316
4097,42,2,97,230.52889877446503
4098,42,2,98,364.58651185172425
4099,42,2,99,364.57710942737964
4100,42,3,0,379.07217548773383
4101,42,3,1,421.31682562348965
4102,42,3,2,360.46008929452546
4103,42,3,3,529.9348848800664
4104,42,3,4,364.8039897825696
4105,42,3,5,365.0027207123081
4106,42,3,6,364.66065712697923
4107,42,3,7,369.416789777014
4108,42,3,8,520.0147985002255
4109,42,3,9,528.3686945632762
4110,42,3,10,524.6789046999253
4111,42,3,11,425.1849405979083
4112,42,3,12,402.1039679602999
4113,42,3,13,404.25931694763074
4114,42,3,14,364.64031804806336
4115,42,3,15,401.9176891477141
4116,42,3,16,536.0384936153331
4117,42,3,17,384.1075721113159
4118,42,3,18,384.15663041893976
4119,42,3,19,384.1419096236598
4120,42,3,20,376.8703993712485
4121,42,3,21,384.19789975641714
4122,42,3,22,364.5554758099618
4123,42,3,23,364.56121482795345
4124,42,3,24,384.28638216573023
4125,42,3,25,364.6046409113168
4126,42,3,26,421.2302947647199
4127,42,3,27,384.28390213939576
4128,42,3,28,521.3310284203178
4129,42,3,29,364.57151912714954
4130,42,3,30,380.6745407657579
4131,42,3,31,384.20394231830517
4132,42,3,32,389.1915522144463
4133,42,3,33,532.7352062597994
4134,42,3,34,365.42640841610074
4135,42,3,35,512.0317398921865
4136,42,3,36,534.8980700515768
4137,42,3,37,397.38955010515235
4138,42,3,38,520.5126544396683
4139,42,3,39,383.74158451217465
4140,42,3,40,530.5293120633256
4141,42,3,41,417.04099497320334
4142,42,3,42,535.5759528329033
4143,42,3,43,384.2319023234436
4144,42,3,44,364.5998807945146
4145,42,3,45,393.9948398435783
4146,42,3,46,380.86211880332957
4147,42,3,47,414.7468702650173
4148,42,3,48,535.2699189617697
4149,42,3,49,404.07883750218224
4150,42,3,50,388.3688768655641
4151,42,3,51,238.76863913332602
4152,42,3,52,398.65491509422935
4153,42,3,53,430.31878600413995
4154,42,3,54,360.755355042201
4155,42,3,55,383.2654799720467
4156,42,3,56,398.2077702538471
4157,42,3,57,528.682308811461
4158,42,3,58,384.2719612568465
4159,42,3,59,520.7133155837307
4160,42,3,60,384.2696513058941
4161,42,3,61,534.461135875104
4162,42,3,62,401.91206551313405
4163,42,3,63,399.4146916688949
4164,42,3,64,213.5639909718761
4165,42,3,65,392.13160216731046
4166,42,3,66,530.1122342812398
4167,42,3,67,373.88230943966556
4168,42,3,68,376.96744160937965
4169,42,3,69,395.2883143352257
4170,42,3,70,380.081365292094
4171,42,3,71,399.5149560843347
4172,42,3,72,402.1331501409785
4173,42,3,73,392.6631241724155
4174,42,3,74,396.91782148566125
4175,42,3,75,364.55684335563905
4176,42,3,76,388.0549501363186
4177,42,3,77,404.7311498415673
4178,42,3,78,384.28620697692037
4179,42,3,79,417.3983550517968
4180,42,3,80,431.6406819096914
4181,42,3,81,384.07907502394073
4182,42,3,82,381.2696054737489
4183,42,3,83,536.3097027514909
4184,42,3,84,390.59657085170716
4185,42,3,85,522.1122102001593
4186,42,3,86,371.4537510587845
4187,42,3,87,395.05133835107574
4188,42,3,88,402.6605843584659
4189,42,3,89,386.58384625999133
4190,42,3,90,526.7011077341571
4191,42,3,91,368.7207347819902
4192,42,3,92,528.5118329641123
4193,42,3,93,364.5718211715446
4194,42,3,94,521.9225053204179
4195,42,3,95,383.67125054994443
4196,42,3,96,396.54655844021335
4197,42,3,97,364.57263995607263
4198,42,3,98,394.55767554309745
4199,42,3,99,364.6157738861725
4200,45,1,0,71.76902937031323
4201,45,1,1,63.52472364407259
4202,45,1,2,81.02822942571198
4203,45,1,3,101.31527690168545
4204,45,1,4,69.45809873343143
4205,45,1,5,269.0998725990697
4206,45,1,6,100.16444701268821
4207,45,1,7,101.30504749232976
4208,45,1,8,224.90857170319978
4209,45,1,9,70.26778680154236
4210,45,1,10,250.57376974921885
4211,45,1,11,101.35107584966755
4212,45,1,12,101.35644484600657
4213,45,1,13,101.3733066866306
4214,45,1,14,225.71800369297836
4215,45,1,15,73.07749185641885
4216,45,1,16,76.08558684051856
4217,45,1,17,269.1777575725444
4218,45,1,18,274.81530902160745
4219,45,1,19,72.55103784241881
4220,45,1,20,101.30516016128597
4221,45,1,21,250.10653289849378
4222,45,1,22,65.94421634249714
4223,45,1,23,79.87195971158994
4224,45,1,24,100.83687632109101
4225,45,1,25,101.33817684936643
4226,45,1,26,101.03522796505419
4227,45,1,27,101.37278287806944
4228,45,1,28,224.95766716753124
4229,45,1,29,100.87337747622544
4230,45,1,30,73.264242682504
4231,45,1,31,101.37331255339298
4232,45,1,32,101.29941506156925
4233,45,1,33,111.87340637144095
4234,45,1,34,112.5911332215387
4235,45,1,35,224.95967023851227
4236,45,1,36,84.15712456654599
4237,45,1,37,65.46682379836072
4238,45,1,38,64.29748652847417
4239,45,1,39,66.9427092751731
4240,45,1,40,101.31732942685444
4241,45,1,41,101.37893350759451
4242,45,1,42,225.14329109879077
4243,45,1,43,101.37431447917518
4244,45,1,44,101.36072269521163
4245,45,1,45,101.36926606565612
4246,45,1,46,225.1319662460825
4247,45,1,47,76.4621176625857
4248,45,1,48,225.14553967648055
4249,45,1,49,62.82392740254815
4250,45,1,50,68.60293123133992
4251,45,1,51,241.86600171177344
4252,45,1,52,66.95872781290491
4253,45,1,53,76.277900591919
4254,45,1,54,225.16701835951704
4255,45,1,55,75.17240829532008
4256,45,1,56,67.20193186276889
4257,45,1,57,71.51499935518945
4258,45,1,58,71.5351868717481
4259,45,1,59,76.74974375645729
4260,45,1,60,101.38474098272656
4261,45,1,61,67.81335231872707
4262,45,1,62,246.73017542285504
4263,45,1,63,77.61094368244497
4264,45,1,64,251.91876076527018
4265,45,1,65,88.59136764813994
4266,45,1,66,101.35657411387264
4267,45,1,67,101.23260802428881
4268,45,1,68,73.9909590248513
4269,45,1,69,67.50416308301878
4270,45,1,70,101.23373890340173
4271,45,1,71,100.76305411307996
4272,45,1,72,259.57680397318484
4273,45,1,73,91.58303504127157
4274,45,1,74,101.13253019492936
4275,45,1,75,253.16220301258798
4276,45,1,76,86.59812942700343
4277,45,1,77,307.13661922053177
4278,45,1,78,74.18444384122519
4279,45,1,79,63.69706261869029
4280,45,1,80,262.6574256844594
4281,45,1,81,250.30154916820462
4282,45,1,82,101.36699566834851
4283,45,1,83,101.11004984262554
4284,45,1,84,226.1302686408356
4285,45,1,85,101.30745339264381
4286,45,1,86,101.3073626723451
4287,45,1,87,101.1790346028908
4288,45,1,88,248.26276298538528
4289,45,1,89,101.28918173219239
4290,45,1,90,101.24272407763706
4291,45,1,91,73.17056151320956
4292,45,1,92,101.35511629712212
4293,45,1,93,101.2542025199663
4294,45,1,94,91.38227659759487
4295,45,1,95,73.11382002471979
4296,45,1,96,101.37689733350356
4297,45,1,97,79.36757851176417
4298,45,1,98,253.71525037413682
4299,45,1,99,101.24426818586568
4300,45,2,0,357.10683328971766
4301,45,2,1,357.00715820326326
4302,45,2,2,357.049422324627
4303,45,2,3,358.3677492578806
4304,45,2,4,357.5410910138948
4305,45,2,5,357.06511369158636
4306,45,2,6,357.55298869664045
4307,45,2,7,357.00093923076264
4308,45,2,8,357.20310131888584
4309,45,2,9,357.0918135265372
4310,45,2,10,357.2812904418752
4311,45,2,11,357.0026951818026
4312,45,2,12,357.5206382940146
4313,45,2,13,357.27772817190976
4314,45,2,14,358.04691204691323
4315,45,2,15,357.10621479072915
4316,45,2,16,357.0870187536091
4317,45,2,17,357.03827666404305
4318,45,2,18,357.12584623403336
4319,45,2,19,357.01166684463084
4320,45,2,20,392.457731311507
4321,45,2,21,357.0242626639795
4322,45,2,22,357.0895925751471
4323,45,2,23,357.0351821489746
4324,45,2,24,357.2765559224541
4325,45,2,25,386.84831984480536
4326,45,2,26,357.1482650658545
4327,45,2,27,356.99954254857516
4328,45,2,28,357.1308211498683
4329,45,2,29,357.1280228629557
4330,45,2,30,357.84021084969174
4331,45,2,31,357.05343574516684
4332,45,2,32,357.09480919771744
4333,45,2,33,357.0602792173709
4334,45,2,34,357.6470223642671
4335,45,2,35,357.0915808787076
4336,45,2,36,357.0848724129472
4337,45,2,37,357.11565018167227
4338,45,2,38,357.04129927764063
4339,45,2,39,357.4410202757957
4340,45,2,40,357.0060729938748
4341,45,2,41,365.2106789520902
4342,45,2,42,359.8524615596701
4343,45,2,43,357.2401608782897
4344,45,2,44,357.0462852625541
4345,45,2,45,357.1134504087614
4346,45,2,46,354.28234814136135
4347,45,2,47,357.316276169626
4348,45,2,48,357.22911467254755
4349,45,2,49,358.1398957870392
4350,45,2,50,357.20184387618497
4351,45,2,51,357.0327032856012
4352,45,2,52,388.0720828008933
4353,45,2,53,358.6851354788112
4354,45,2,54,357.1944775699836
4355,45,2,55,357.2915241562982
4356,45,2,56,359.4958834840913
4357,45,2,57,357.2920188257905
4358,45,2,58,357.37107717945753
4359,45,2,59,357.02020367959756
4360,45,2,60,357.0394470951342
4361,45,2,61,357.0003059321781
4362,45,2,62,357.21629320652124
4363,45,2,63,357.173871831767
4364,45,2,64,360.00855977730725
4365,45,2,65,357.7243945399752
4366,45,2,66,357.4120093383517
4367,45,2,67,357.12486872503143
4368,45,2,68,357.0151702334698
4369,45,2,69,361.3340110231862
4370,45,2,70,357.20588832970833
4371,45,2,71,357.0251666803506
4372,45,2,72,357.2388766972808
4373,45,2,73,357.08952856913976
4374,45,2,74,380.58343891758926
4375,45,2,75,357.0355609344074
4376,45,2,76,357.1080327710358
4377,45,2,77,358.62670954915933
4378,45,2,78,357.2143138498211
4379,45,2,79,357.186155975819
4380,45,2,80,357.0346753974115
4381,45,2,81,357.0028911046873
4382,45,2,82,340.6231010023374
4383,45,2,83,357.13224712829043
4384,45,2,84,357.2827637037043
4385,45,2,85,357.01207552948
4386,45,2,86,357.0808268210405
4387,45,2,87,359.09862114227195
4388,45,2,88,357.5514382167464
4389,45,2,89,357.17263089898535
4390,45,2,90,358.45425421651635
4391,45,2,91,357.00196041004335
4392,45,2,92,357.0358175218269
4393,45,2,93,357.1932616056137
4394,45,2,94,357.0327483213327
4395,45,2,95,363.55674930250456
4396,45,2,96,357.46685907098305
4397,45,2,97,378.03906141803003
4398,45,2,98,357.26176230236115
4399,45,2,99,357.05492515817707
4400,45,3,0,536.9027715436642
4401,45,3,1,363.63137977520813
4402,45,3,2,520.9624190361804
4403,45,3,3,377.40119744137326
4404,45,3,4,514.5584119968271
4405,45,3,5,356.40615137334356
4406,45,3,6,360.9175412659526
4407,45,3,7,381.5037073492482
4408,45,3,8,385.8752532071923
4409,45,3,9,513.201271888549
4410,45,3,10,392.35624078872394
4411,45,3,11,367.3244301013694
4412,45,3,12,512.7608960891974
4413,45,3,13,356.9860248369293
4414,45,3,14,356.20745413956865
4415,45,3,15,529.6091834600942
4416,45,3,16,381.52251286647197
4417,45,3,17,516.8708741697466
4418,45,3,18,376.01055790777474
4419,45,3,19,523.1243540461012
4420,45,3,20,342.2891299839991
4421,45,3,21,382.7224487258252
4422,45,3,22,349.23539886835596
4423,45,3,23,369.6623365218469
4424,45,3,24,360.7045548486257
4425,45,3,25,357.58412079103033
4426,45,3,26,368.9880303616509
4427,45,3,27,349.39350707785223
4428,45,3,28,389.39382284989324
4429,45,3,29,337.4689886190517
4430,45,3,30,513.9993285044022
4431,45,3,31,516.5114789441899
4432,45,3,32,323.4512725179237
4433,45,3,33,334.2965558139294
4434,45,3,34,334.170064922672
4435,45,3,35,366.08138528659856
4436,45,3,36,375.8637428223069
4437,45,3,37,338.9485261732173
4438,45,3,38,335.4945970053472
4439,45,3,39,362.24296463935184
4440,45,3,40,334.205192919525
4441,45,3,41,361.82598996217047
4442,45,3,42,524.9569534850889
4443,45,3,43,364.263479768146
4444,45,3,44,521.0994199618445
4445,45,3,45,385.66117077904687
4446,45,3,46,512.7841398956397
4447,45,3,47,385.9289689812356
4448,45,3,48,383.82466231171963
4449,45,3,49,383.8695891557751
4450,45,3,50,339.7695069960646
4451,45,3,51,392.4712382298734
4452,45,3,52,343.1786436970748
4453,45,3,53,363.2992206403795
4454,45,3,54,358.3371921274786
4455,45,3,55,343.1273223640474
4456,45,3,56,535.2169837632417
4457,45,3,57,515.1778206648373
4458,45,3,58,344.72118342377297
4459,45,3,59,370.0179266175388
4460,45,3,60,514.6771278514664
4461,45,3,61,535.5812039622856
4462,45,3,62,526.0523886416961
4463,45,3,63,392.3962041780252
4464,45,3,64,379.438836289409
4465,45,3,65,325.1588227527837
4466,45,3,66,349.26305479255717
4467,45,3,67,387.0883866135267
4468,45,3,68,376.6989806998688
4469,45,3,69,522.6967744235202
4470,45,3,70,375.0041750892309
4471,45,3,71,335.9722644106655
4472,45,3,72,517.9985850566501
4473,45,3,73,525.236649700791
4474,45,3,74,507.2263867517878
4475,45,3,75,534.0818064178707
4476,45,3,76,531.3525249311558
4477,45,3,77,345.087228403929
4478,45,3,78,340.0150717350462
4479,45,3,79,361.4908187046367
4480,45,3,80,392.3881716085058
4481,45,3,81,377.1078048734597
4482,45,3,82,384.4103706031593
4483,45,3,83,525.7263499795115
4484,45,3,84,520.8607872786436
4485,45,3,85,346.05609171630726
4486,45,3,86,392.4377822085268
4487,45,3,87,373.5381947552022
4488,45,3,88,379.820826779898
4489,45,3,89,517.4473180881456
4490,45,3,90,392.42877121268407
4491,45,3,91,524.1034432811025
4492,45,3,92,337.09210078494397
4493,45,3,93,521.6688339137836
4494,45,3,94,525.4881577586763
4495,45,3,95,392.45349461074693
4496,45,3,96,533.752370138426
4497,45,3,97,527.1065729330159
4498,45,3,98,337.66904161300386
4499,45,3,99,364.3648655426708
4500,47,1,0,70.78134940406409
4501,47,1,1,74.01583319790761
4502,47,1,2,63.085818852468876
4503,47,1,3,78.11014614825585
4504,47,1,4,82.34901210999136
4505,47,1,5,86.47051835495137
4506,47,1,6,90.69518869799829
4507,47,1,7,107.77638934754506
4508,47,1,8,80.14213805551124
4509,47,1,9,74.24634294606807
4510,47,1,10,65.70146201132737
4511,47,1,11,71.03507102101884
4512,47,1,12,67.72002385378838
4513,47,1,13,80.15505096947673
4514,47,1,14,68.96923348915477
4515,47,1,15,80.16001465305447
4516,47,1,16,70.04918222027187
4517,47,1,17,73.25241824913374
4518,47,1,18,90.32051782339067
4519,47,1,19,76.9443215748091
4520,47,1,20,84.08193559495518
4521,47,1,21,81.00418010458678
4522,47,1,22,63.7653112379744
4523,47,1,23,84.1980775747394
4524,47,1,24,91.27448199464567
4525,47,1,25,94.54380653640364
4526,47,1,26,69.30032833344806
4527,47,1,27,84.27805372545858
4528,47,1,28,87.8195043273921
4529,47,1,29,81.27044685073682
4530,47,1,30,222.0744925575762
4531,47,1,31,63.34309951675018
4532,47,1,32,74.5082659404092
4533,47,1,33,80.12188279368439
4534,47,1,34,79.93830335020986
4535,47,1,35,71.34083111655288
4536,47,1,36,89.44034344346898
4537,47,1,37,77.07600043161975
4538,47,1,38,77.75172463781036
4539,47,1,39,86.04063874840281
4540,47,1,40,64.38885514815041
4541,47,1,41,70.02713362795006
4542,47,1,42,67.88340771803647
4543,47,1,43,81.01085560239454
4544,47,1,44,84.45768864851864
4545,47,1,45,63.32527385300606
4546,47,1,46,87.12534655849123
4547,47,1,47,78.47775066611973
4548,47,1,48,73.14408922262086
4549,47,1,49,67.04156114182945
4550,47,1,50,74.95088061330422
4551,47,1,51,99.94953633643155
4552,47,1,52,70.58429321948833
4553,47,1,53,65.487848196966
4554,47,1,54,79.39688653318528
4555,47,1,55,84.41712319185173
4556,47,1,56,74.11012004938186
4557,47,1,57,80.24607010523329
4558,47,1,58,84.20805538511873
4559,47,1,59,65.50683314732679
4560,47,1,60,79.45570938678915
4561,47,1,61,80.06860502691822
4562,47,1,62,72.59620110347511
4563,47,1,63,80.02250687962996
4564,47,1,64,91.92729920791012
4565,47,1,65,94.44500999828989
4566,47,1,66,91.10941751396412
4567,47,1,67,81.27419619869136
4568,47,1,68,84.02774679002614
4569,47,1,69,64.72519177542208
4570,47,1,70,89.73228787946546
4571,47,1,71,78.39597809251477
4572,47,1,72,80.36584446457701
4573,47,1,73,81.00169176117691
4574,47,1,74,63.304642560734806
4575,47,1,75,64.66907655747976
4576,47,1,76,75.83913233554516
4577,47,1,77,72.95337493417313
4578,47,1,78,77.86603382254732
4579,47,1,79,71.97148430997706
4580,47,1,80,224.00645603914293
4581,47,1,81,68.67330798631333
4582,47,1,82,72.43530886961373
4583,47,1,83,86.12545449957578
4584,47,1,84,80.1321766127651
4585,47,1,85,87.50257414028468
4586,47,1,86,72.55439165918965
4587,47,1,87,71.67941398984017
4588,47,1,88,68.64217735484742
4589,47,1,89,77.56270531847805
4590,47,1,90,96.64081247474444
4591,47,1,91,98.10980225071681
4592,47,1,92,79.86473779142108
4593,47,1,93,70.64665040141259
4594,47,1,94,63.81664793338968
4595,47,1,95,78.6335534939895
4596,47,1,96,74.6216998491384
4597,47,1,97,84.9016456358069
4598,47,1,98,74.20551762298527
4599,47,1,99,272.77844097213375
4600,47,2,0,338.5985098371251
4601,47,2,1,342.40841791882906
4602,47,2,2,317.5813216480179
4603,47,2,3,285.834709783958
4604,47,2,4,291.11934310036116
4605,47,2,5,253.02223567385664
4606,47,2,6,342.762271209323
4607,47,2,7,300.5056709139986
4608,47,2,8,338.3042160185922
4609,47,2,9,287.0230964373338
4610,47,2,10,338.13079752714754
4611,47,2,11,339.9783827104826
4612,47,2,12,257.5917412591784
4613,47,2,13,275.4676736637937
4614,47,2,14,300.7400404617327
4615,47,2,15,261.0874299924393
4616,47,2,16,260.59520993338856
4617,47,2,17,268.288777306516
4618,47,2,18,266.0891877604019
4619,47,2,19,318.1363581572678
4620,47,2,20,314.44738405415995
4621,47,2,21,342.77253963979143
4622,47,2,22,294.10984547643835
4623,47,2,23,278.0363235769724
4624,47,2,24,316.7208903963292
4625,47,2,25,338.88603799912386
4626,47,2,26,294.9137693704171
4627,47,2,27,332.76490678652937
4628,47,2,28,338.8319284222068
4629,47,2,29,321.48028138294455
4630,47,2,30,341.2237953783826
4631,47,2,31,282.10570603253456
4632,47,2,32,335.8894173181852
4633,47,2,33,323.93086219150564
4634,47,2,34,252.5179884123675
4635,47,2,35,273.9060865205586
4636,47,2,36,274.18907931464196
4637,47,2,37,264.05204137625
4638,47,2,38,277.4462468491211
4639,47,2,39,322.39418068847095
4640,47,2,40,257.0589746621022
4641,47,2,41,281.29914383941446
4642,47,2,42,288.778770078998
4643,47,2,43,343.22653688881434
4644,47,2,44,302.0250036944844
4645,47,2,45,332.53984884580404
4646,47,2,46,324.08316561322675
4647,47,2,47,261.1623703481151
4648,47,2,48,316.22261396614635
4649,47,2,49,304.1645547099873
4650,47,2,50,259.65379932895
4651,47,2,51,285.56624628214007
4652,47,2,52,333.6649507869137
4653,47,2,53,326.8019370049231
4654,47,2,54,279.8873064378858
4655,47,2,55,262.87025618793007
4656,47,2,56,341.238998120302
4657,47,2,57,261.09886632384115
4658,47,2,58,323.80375540308376
4659,47,2,59,334.64370339431264
4660,47,2,60,312.5423284792091
4661,47,2,61,304.4755216917017
4662,47,2,62,312.70441131831626
4663,47,2,63,276.7772427805935
4664,47,2,64,334.5364792299387
4665,47,2,65,286.3408492286611
4666,47,2,66,272.5822225900303
4667,47,2,67,268.27834150392573
4668,47,2,68,263.18082556302727
4669,47,2,69,339.2893830871402
4670,47,2,70,300.2999170758885
4671,47,2,71,338.206785802758
4672,47,2,72,283.7704267531481
4673,47,2,73,262.63168484238696
4674,47,2,74,327.4261329550399
4675,47,2,75,289.1622526081373
4676,47,2,76,293.6124355327425
4677,47,2,77,287.312537229213
4678,47,2,78,253.3634604862513
4679,47,2,79,270.3826985595718
4680,47,2,80,338.299112301428
4681,47,2,81,343.26248129437647
4682,47,2,82,339.15186252797287
4683,47,2,83,295.7022653305778
4684,47,2,84,336.856522301078
4685,47,2,85,278.3714671842297
4686,47,2,86,337.0549083663845
4687,47,2,87,261.46481148331264
4688,47,2,88,343.29064562309935
4689,47,2,89,353.57052731243186
4690,47,2,90,336.9148381675298
4691,47,2,91,282.36110894169724
4692,47,2,92,332.7107965220597
4693,47,2,93,258.3038721284698
4694,47,2,94,335.9463290472595
4695,47,2,95,312.5128262496368
4696,47,2,96,288.1201806846402
4697,47,2,97,319.51584297142836
4698,47,2,98,347.15349006920235
4699,47,2,99,317.454541704392
4700,47,3,0,504.0734109055973
4701,47,3,1,356.21633712250036
4702,47,3,2,534.3051149039883
4703,47,3,3,492.28073614010094
4704,47,3,4,492.16660004180926
4705,47,3,5,519.2012265831535
4706,47,3,6,492.16120101401884
4707,47,3,7,290.16079372805353
4708,47,3,8,334.1683240625222
4709,47,3,9,382.8160827829207
4710,47,3,10,351.2618247008845
4711,47,3,11,319.5221712454735
4712,47,3,12,382.69026764677125
4713,47,3,13,382.50573702601287
4714,47,3,14,382.774346031585
4715,47,3,15,382.806462711874
4716,47,3,16,496.83658117413887
4717,47,3,17,362.4423712765799
4718,47,3,18,515.701354212928
4719,47,3,19,346.4136484720469
4720,47,3,20,336.19308770028954
4721,47,3,21,337.4695489371361
4722,47,3,22,382.62648271843887
4723,47,3,23,352.9278903002739
4724,47,3,24,382.4371828069285
4725,47,3,25,382.8243304860882
4726,47,3,26,363.32379003469043
4727,47,3,27,381.5212263775042
4728,47,3,28,492.1569262563688
4729,47,3,29,351.9269776102578
4730,47,3,30,511.1338559715788
4731,47,3,31,382.78662028754735
4732,47,3,32,528.1411926363274
4733,47,3,33,352.8479379811915
4734,47,3,34,381.96162359649355
4735,47,3,35,382.77152851071196
4736,47,3,36,495.4206830345587
4737,47,3,37,366.44195827070774
4738,47,3,38,358.9976883091736
4739,47,3,39,522.5333981579568
4740,47,3,40,343.855842003604
4741,47,3,41,382.79627376123346
4742,47,3,42,533.1913481362211
4743,47,3,43,328.27298589973066
4744,47,3,44,382.706372810156
4745,47,3,45,492.30563999475174
4746,47,3,46,524.1381958360855
4747,47,3,47,529.2236214381396
4748,47,3,48,305.95928339959846
4749,47,3,49,518.9066460931035
4750,47,3,50,366.7483850457533
4751,47,3,51,492.32894884897905
4752,47,3,52,343.8264082370632
4753,47,3,53,314.06407106558885
4754,47,3,54,382.8149314081848
4755,47,3,55,516.7684071245392
4756,47,3,56,363.2415552980291
4757,47,3,57,355.3133507505533
4758,47,3,58,330.2032167385402
4759,47,3,59,492.2057571647354
4760,47,3,60,513.5148795012802
4761,47,3,61,522.8188840078775
4762,47,3,62,382.7901952825273
4763,47,3,63,514.3474722438143
4764,47,3,64,492.1651083239813
4765,47,3,65,351.90226399634
4766,47,3,66,492.1719211204862
4767,47,3,67,324.23471621769704
4768,47,3,68,319.10381185066166
4769,47,3,69,519.4956712576962
4770,47,3,70,334.9932478734166
4771,47,3,71,524.8953518124863
4772,47,3,72,316.6081890689329
4773,47,3,73,520.7744994838438
4774,47,3,74,371.8409305031534
4775,47,3,75,382.36741018302877
4776,47,3,76,343.7518864195193
4777,47,3,77,382.6891554644821
4778,47,3,78,339.4303784008183
4779,47,3,79,334.2395656679706
4780,47,3,80,353.7426769692798
4781,47,3,81,324.0467305705386
4782,47,3,82,382.730975411122
4783,47,3,83,369.0112396810679
4784,47,3,84,309.3436518232304
4785,47,3,85,382.7818903435528
4786,47,3,86,345.7677444922399
4787,47,3,87,501.657450876409
4788,47,3,88,492.49536243230676
4789,47,3,89,314.29058540205676
4790,47,3,90,382.47043155116313
4791,47,3,91,522.0839858637722
4792,47,3,92,309.4514573044283
4793,47,3,93,382.82095143845953
4794,47,3,94,361.43609906191807
4795,47,3,95,492.1612954393574
4796,47,3,96,516.6564612031154
4797,47,3,97,492.15743895146954
4798,47,3,98,382.7424957425021
4799,47,3,99,346.4979691286813
4800,48,1,0,83.06928318911066
4801,48,1,1,75.33348384622037
4802,48,1,2,220.77116852261122
4803,48,1,3,220.9503822486045
4804,48,1,4,76.84886933533221
4805,48,1,5,221.03042518403504
4806,48,1,6,70.6003281568659
4807,48,1,7,85.16810699649689
4808,48,1,8,220.09986315358867
4809,48,1,9,220.71374765735487
4810,48,1,10,220.81821115919564
4811,48,1,11,200.33572670072735
4812,48,1,12,80.80032661166237
4813,48,1,13,220.82757028015
4814,48,1,14,220.7725080538193
4815,48,1,15,73.09326417475737
4816,48,1,16,95.31280291568078
4817,48,1,17,220.71808146762257
4818,48,1,18,107.52632076031426
4819,48,1,19,220.94852074000488
4820,48,1,20,210.18456043331483
4821,48,1,21,228.2674390064244
4822,48,1,22,67.92098937229521
4823,48,1,23,82.1375957322369
4824,48,1,24,228.26069870055
4825,48,1,25,228.02467407474305
4826,48,1,26,220.81456606196056
4827,48,1,27,221.04619615948147
4828,48,1,28,221.48537277641688
4829,48,1,29,79.34303171860026
4830,48,1,30,79.86426080461503
4831,48,1,31,220.82069214081625
4832,48,1,32,99.66833625977472
4833,48,1,33,76.11256054126493
4834,48,1,34,220.73488513140137
4835,48,1,35,73.22499214567537
4836,48,1,36,215.26910155761712
4837,48,1,37,94.54924070973341
4838,48,1,38,228.26991193150587
4839,48,1,39,215.1611968123389
4840,48,1,40,64.83287713539941
4841,48,1,41,95.48197653883554
4842,48,1,42,220.9488944582606
4843,48,1,43,78.57106677263087
4844,48,1,44,70.84266575915397
4845,48,1,45,95.5083952306577
4846,48,1,46,75.53082845648959
4847,48,1,47,95.3129020581223
4848,48,1,48,209.1067865688056
4849,48,1,49,86.87401477020111
4850,48,1,50,220.75097001399664
4851,48,1,51,80.077420851792
4852,48,1,52,79.13026629298727
4853,48,1,53,95.38268906779176
4854,48,1,54,95.33509245828402
4855,48,1,55,93.59906204528858
4856,48,1,56,94.92539304566779
4857,48,1,57,68.3810323632752
4858,48,1,58,220.83715946590544
4859,48,1,59,194.22500172427348
4860,48,1,60,218.48071801990486
4861,48,1,61,218.9720167377735
4862,48,1,62,90.80192602456026
4863,48,1,63,95.29354186235247
4864,48,1,64,186.63505233405948
4865,48,1,65,105.23485392610812
4866,48,1,66,88.44159124039903
4867,48,1,67,95.4839308495048
4868,48,1,68,95.51146069709009
4869,48,1,69,221.7830157323856
4870,48,1,70,202.82280531489874
4871,48,1,71,210.4664559082002
4872,48,1,72,70.80394669501456
4873,48,1,73,64.5425032524248
4874,48,1,74,220.72250999222683
4875,48,1,75,86.90755198394542
4876,48,1,76,220.800091731435
4877,48,1,77,87.02365402390988
4878,48,1,78,67.96758571480278
4879,48,1,79,220.76316367856614
4880,48,1,80,220.7380613873632
4881,48,1,81,95.55554984563223
4882,48,1,82,77.86168722344757
4883,48,1,83,220.80660507563198
4884,48,1,84,74.84712217602626
4885,48,1,85,95.51815562640898
4886,48,1,86,76.05888344556668
4887,48,1,87,95.3668555805428
4888,48,1,88,109.16241203544517
4889,48,1,89,75.22931139754738
4890,48,1,90,74.68065269481777
4891,48,1,91,95.5122872305485
4892,48,1,92,220.7763451691176
4893,48,1,93,94.57649771144311
4894,48,1,94,65.30104776229736
4895,48,1,95,95.48615145231943
4896,48,1,96,95.51106190601622
4897,48,1,97,95.51632090016795
4898,48,1,98,227.15944875105177
4899,48,1,99,71.02083566513603
4900,48,2,0,455.2792177046587
4901,48,2,1,430.40201478074994
4902,48,2,2,414.9595470385463
4903,48,2,3,367.2391714874077
4904,48,2,4,452.21151636140934
4905,48,2,5,379.7292829301655
4906,48,2,6,427.0312101338314
4907,48,2,7,362.97205224023276
4908,48,2,8,392.34741078489975
4909,48,2,9,377.6482411844312
4910,48,2,10,402.7154712543723
4911,48,2,11,463.02922720684757
4912,48,2,12,413.3746336890962
4913,48,2,13,479.30302823597447
4914,48,2,14,400.1914171382194
4915,48,2,15,423.18747334022555
4916,48,2,16,401.53438790838663
4917,48,2,17,395.2090599982374
4918,48,2,18,398.915787514187
4919,48,2,19,381.4098950513758
4920,48,2,20,414.4793096538321
4921,48,2,21,443.6950601052878
4922,48,2,22,426.4314213105082
4923,48,2,23,384.9567417279525
4924,48,2,24,416.6748423871687
4925,48,2,25,400.77044086838345
4926,48,2,26,380.1886467049243
4927,48,2,27,429.75337320812065
4928,48,2,28,387.3784174173733
4929,48,2,29,418.3782980653159
4930,48,2,30,403.70082138329343
4931,48,2,31,410.98495386461093
4932,48,2,32,453.5281696611316
4933,48,2,33,409.71812294842186
4934,48,2,34,423.9032592711143
4935,48,2,35,481.80611649111154
4936,48,2,36,431.01090727875624
4937,48,2,37,365.462473672452
4938,48,2,38,435.10497197860076
4939,48,2,39,467.77996479609624
4940,48,2,40,393.8284339701908
4941,48,2,41,483.97651751880096
4942,48,2,42,414.40632189608795
4943,48,2,43,406.0702008120443
4944,48,2,44,484.53790311066246
4945,48,2,45,388.7238316221729
4946,48,2,46,407.5407593500141
4947,48,2,47,371.9869450330011
4948,48,2,48,443.883270894475
4949,48,2,49,496.0652451211995
4950,48,2,50,400.9107403265962
4951,48,2,51,416.1411763284646
4952,48,2,52,402.0035315747102
4953,48,2,53,367.35335248887264
4954,48,2,54,417.4655653696086
4955,48,2,55,417.3656461625257
4956,48,2,56,371.62850850438963
4957,48,2,57,384.477964445116
4958,48,2,58,431.0980336306947
4959,48,2,59,414.54079184571697
4960,48,2,60,379.9490725208256
4961,48,2,61,386.8945757091977
4962,48,2,62,403.05531862326995
4963,48,2,63,431.12766676605537
4964,48,2,64,428.23313110469
4965,48,2,65,411.84394822143304
4966,48,2,66,467.15702964772703
4967,48,2,67,406.00516577856274
4968,48,2,68,362.9861170576556
4969,48,2,69,423.994190551973
4970,48,2,70,466.2856655834043
4971,48,2,71,410.2921330241713
4972,48,2,72,424.33960615735066
4973,48,2,73,427.0114756998629
4974,48,2,74,368.89149397768455
4975,48,2,75,363.0919911580352
4976,48,2,76,403.77137491721487
4977,48,2,77,438.89148481650386
4978,48,2,78,378.9168476273759
4979,48,2,79,459.4235792195221
4980,48,2,80,429.3602769749304
4981,48,2,81,394.45812933933973
4982,48,2,82,499.28825574624466
4983,48,2,83,441.2994890721725
4984,48,2,84,436.85190800248347
4985,48,2,85,406.1089349372455
4986,48,2,86,397.59551389791284
4987,48,2,87,390.37030592641247
4988,48,2,88,408.01738997999615
4989,48,2,89,397.07680661703324
4990,48,2,90,391.98645882983254
4991,48,2,91,388.09691304591166
4992,48,2,92,380.7352927698357
4993,48,2,93,391.1582951940574
4994,48,2,94,421.5635856147889
4995,48,2,95,426.9874425297122
4996,48,2,96,453.13894043783284
4997,48,2,97,419.02177638398314
4998,48,2,98,388.9538684987331
4999,48,2,99,433.48759163230187
5000,48,3,0,454.266137123433
5001,48,3,1,473.92742404068366
5002,48,3,2,488.49321846734597
5003,48,3,3,470.2752997861455
5004,48,3,4,495.9035898102712
5005,48,3,5,492.05464012243925
5006,48,3,6,454.6133397351319
5007,48,3,7,502.6990035614078
5008,48,3,8,461.5233874343701
5009,48,3,9,483.01672764742557
5010,48,3,10,415.7989703931893
5011,48,3,11,431.819157567523
5012,48,3,12,421.34068277602637
5013,48,3,13,463.39598054193056
5014,48,3,14,483.864402183646
5015,48,3,15,491.9913123222992
5016,48,3,16,416.64534032973523
5017,48,3,17,489.17655809368944
5018,48,3,18,424.7644725472993
5019,48,3,19,457.70872751845826
5020,48,3,20,413.7269376515585
5021,48,3,21,463.00979424234265
5022,48,3,22,396.05653862201945
5023,48,3,23,495.42809631384955
5024,48,3,24,487.30755173834865
5025,48,3,25,470.74179381521463
5026,48,3,26,484.91461124744916
5027,48,3,27,407.1419721586768
5028,48,3,28,490.36291692327774
5029,48,3,29,412.72113824336407
5030,48,3,30,394.48767382758365
5031,48,3,31,434.7051678954371
5032,48,3,32,460.51921434968125
5033,48,3,33,411.98740925311824
5034,48,3,34,442.0220686685139
5035,48,3,35,484.1357227125547
5036,48,3,36,438.08945978708095
5037,48,3,37,410.37117256636697
5038,48,3,38,483.9744886455236
5039,48,3,39,423.9877189942926
5040,48,3,40,413.8264032591175
5041,48,3,41,454.67046899866904
5042,48,3,42,405.04605593455216
5043,48,3,43,406.5515615530141
5044,48,3,44,427.47287666149236
5045,48,3,45,472.8579104485127
5046,48,3,46,413.00495070017257
5047,48,3,47,481.6217024549641
5048,48,3,48,406.4758855884388
5049,48,3,49,482.0447962781081
5050,48,3,50,448.18002877155465
5051,48,3,51,395.2887794269363
5052,48,3,52,407.36836793422066
5053,48,3,53,428.6006517232578
5054,48,3,54,462.74666089545354
5055,48,3,55,432.77500504319306
5056,48,3,56,409.2756533480848
5057,48,3,57,500.94900725066793
5058,48,3,58,487.99495160424675
5059,48,3,59,429.36485064806016
5060,48,3,60,439.46195824175356
5061,48,3,61,407.3556742488093
5062,48,3,62,424.66004443464993
5063,48,3,63,412.7079379697379
5064,48,3,64,448.65689313027997
5065,48,3,65,461.0839604034116
5066,48,3,66,490.7005225393485
5067,48,3,67,414.5447674607596
5068,48,3,68,455.59020744016715
5069,48,3,69,488.7591463157997
5070,48,3,70,412.53108812837013
5071,48,3,71,488.18956847410726
5072,48,3,72,430.68428475540657
5073,48,3,73,443.71098278280255
5074,48,3,74,484.80783401612143
5075,48,3,75,411.8654605011096
5076,48,3,76,428.2091630626011
5077,48,3,77,486.0219217896201
5078,48,3,78,495.8313260544582
5079,48,3,79,429.9586697801429
5080,48,3,80,413.35202557768247
5081,48,3,81,435.5120406272135
5082,48,3,82,456.2765754981623
5083,48,3,83,488.7571149288568
5084,48,3,84,447.06017086653424
5085,48,3,85,500.87717777204597
5086,48,3,86,455.0109119980109
5087,48,3,87,490.0523442712082
5088,48,3,88,406.9129935442945
5089,48,3,89,470.44206873129053
5090,48,3,90,433.9913343911699
5091,48,3,91,463.78515718289736
5092,48,3,92,466.1352244045033
5093,48,3,93,414.529383633743
5094,48,3,94,411.4467889101772
5095,48,3,95,472.70092767394584
5096,48,3,96,428.24796948880044
5097,48,3,97,445.2912964163465
5098,48,3,98,483.7384650191791
5099,48,3,99,481.75115402928685
5100,50,1,0,77.38181516083338
5101,50,1,1,88.9240417891038
5102,50,1,2,69.3902418067138
5103,50,1,3,88.1285428595678
5104,50,1,4,76.83372900510477
5105,50,1,5,114.72051626105
5106,50,1,6,89.00806363041035
5107,50,1,7,85.10796779589333
5108,50,1,8,80.43209269662346
5109,50,1,9,76.89803059609144
5110,50,1,10,72.46183953557285
5111,50,1,11,88.77290308695422
5112,50,1,12,90.5398063434559
5113,50,1,13,88.93651034544831
5114,50,1,14,68.9604647837826
5115,50,1,15,87.81292644125202
5116,50,1,16,88.97264904335756
5117,50,1,17,75.57470939140674
5118,50,1,18,88.9679175887016
5119,50,1,19,68.65503575499693
5120,50,1,20,84.40858875629414
5121,50,1,21,70.8247011245593
5122,50,1,22,68.39574197959509
5123,50,1,23,71.89795287974313
5124,50,1,24,109.78270944701765
5125,50,1,25,74.75078859384791
5126,50,1,26,76.08923813227973
5127,50,1,27,88.83298112915567
5128,50,1,28,84.50687894854444
5129,50,1,29,106.07181611535155
5130,50,1,30,88.82492007535001
5131,50,1,31,77.24878286539035
5132,50,1,32,77.58259112156239
5133,50,1,33,96.63553398403617
5134,50,1,34,88.29653575631082
5135,50,1,35,69.1688767160038
5136,50,1,36,88.99544066862937
5137,50,1,37,71.97124238468973
5138,50,1,38,69.9227754111426
5139,50,1,39,71.54824352235359
5140,50,1,40,73.4247656130807
5141,50,1,41,87.86213461247503
5142,50,1,42,91.91276608817954
5143,50,1,43,88.77591555189458
5144,50,1,44,88.91132203788773
5145,50,1,45,81.73308834294521
5146,50,1,46,88.9921492109122
5147,50,1,47,88.52185261205715
5148,50,1,48,88.8782608631115
5149,50,1,49,75.41402019928103
5150,50,1,50,73.90923895484093
5151,50,1,51,91.33522448359435
5152,50,1,52,84.58023326456077
5153,50,1,53,88.93096878286232
5154,50,1,54,88.93167275245032
5155,50,1,55,69.7171171476612
5156,50,1,56,113.99278113799274
5157,50,1,57,76.91952497109328
5158,50,1,58,89.00900628743761
5159,50,1,59,67.86995936642141
5160,50,1,60,80.74020286774363
5161,50,1,61,76.7588545908282
5162,50,1,62,74.674837614041
5163,50,1,63,88.61131643022293
5164,50,1,64,89.01836981896236
5165,50,1,65,89.02601163617052
5166,50,1,66,99.22175650428406
5167,50,1,67,73.1986945031574
5168,50,1,68,88.9068658025453
5169,50,1,69,88.9944568669516
5170,50,1,70,98.11823835083257
5171,50,1,71,65.98179118789743
5172,50,1,72,80.82822027753978
5173,50,1,73,88.7377913298917
5174,50,1,74,65.29922132303346
5175,50,1,75,96.71342605002569
5176,50,1,76,89.02197702146879
5177,50,1,77,88.60087635786032
5178,50,1,78,89.0131065049472
5179,50,1,79,76.0027339559291
5180,50,1,80,88.97227512022984
5181,50,1,81,64.07387612749159
5182,50,1,82,67.17190686964764
5183,50,1,83,88.76333317522351
5184,50,1,84,96.85908091360153
5185,50,1,85,88.98698606158372
5186,50,1,86,97.88117305101527
5187,50,1,87,86.72282900876239
5188,50,1,88,82.63752285448997
5189,50,1,89,88.88367975731899
5190,50,1,90,85.80579951250267
5191,50,1,91,103.48899655273148
5192,50,1,92,103.90999741717876
5193,50,1,93,111.53372189712084
5194,50,1,94,92.01834688184573
5195,50,1,95,89.01623001960608
5196,50,1,96,104.14996919308663
5197,50,1,97,88.9314261217702
5198,50,1,98,63.00304442991912
5199,50,1,99,98.06266415333533
5200,50,2,0,363.0329781703816
5201,50,2,1,196.44125512824303
5202,50,2,2,367.1265616806721
5203,50,2,3,356.1930623962416
5204,50,2,4,364.83165727916963
5205,50,2,5,230.18467520890022
5206,50,2,6,223.34321930701478
5207,50,2,7,360.4337303188286
5208,50,2,8,360.3990718299172
5209,50,2,9,367.8930339357658
5210,50,2,10,418.2232207522255
5211,50,2,11,356.1260896028327
5212,50,2,12,205.61607981051168
5213,50,2,13,375.66695786431035
5214,50,2,14,372.13658954701896
5215,50,2,15,357.2211010938454
5216,50,2,16,357.22206640695805
5217,50,2,17,356.1225506350462
5218,50,2,18,362.00774241743983
5219,50,2,19,365.63253466702645
5220,50,2,20,373.98048180763857
5221,50,2,21,390.1502938673974
5222,50,2,22,362.6722348311829
5223,50,2,23,364.90600341546946
5224,50,2,24,447.5359794560811
5225,50,2,25,363.20654146163133
5226,50,2,26,363.68765433460237
5227,50,2,27,356.61396287598654
5228,50,2,28,224.45690108518878
5229,50,2,29,361.29101764891504
5230,50,2,30,365.7896160016647
5231,50,2,31,362.9494422197209
5232,50,2,32,358.12775577746146
5233,50,2,33,356.1226550939758
5234,50,2,34,358.94871080512553
5235,50,2,35,366.78615034279846
5236,50,2,36,366.2347714971576
5237,50,2,37,356.2912435401493
5238,50,2,38,372.14706372732877
5239,50,2,39,428.1485824804951
5240,50,2,40,361.16201243197287
5241,50,2,41,368.5814569803753
5242,50,2,42,356.1900587522982
5243,50,2,43,358.764960647658
5244,50,2,44,372.0730708374368
5245,50,2,45,420.41219001346866
5246,50,2,46,215.87019415709028
5247,50,2,47,229.86850216897022
5248,50,2,48,207.0939689115201
5249,50,2,49,356.12201976347677
5250,50,2,50,361.1190921986613
5251,50,2,51,362.3015037244456
5252,50,2,52,360.5142071379056
5253,50,2,53,361.3568933781518
5254,50,2,54,356.74690474369896
5255,50,2,55,364.7364843497804
5256,50,2,56,361.41870275995757
5257,50,2,57,356.30776141196066
5258,50,2,58,362.1641755088703
5259,50,2,59,370.51674603484855
5260,50,2,60,356.2919348147918
5261,50,2,61,365.3959444142757
5262,50,2,62,364.4143301431325
5263,50,2,63,400.51395689749233
5264,50,2,64,357.13278916453703
5265,50,2,65,368.8922344615148
5266,50,2,66,361.70321179799754
5267,50,2,67,377.46477811643547
5268,50,2,68,359.6118559544549
5269,50,2,69,359.77954625551035
5270,50,2,70,215.6725954338824
5271,50,2,71,365.13007683218444
5272,50,2,72,367.1768654108542
5273,50,2,73,392.9593667762803
5274,50,2,74,356.25501345624707
5275,50,2,75,367.2101547073402
5276,50,2,76,362.99489854073215
5277,50,2,77,229.65130210694628
5278,50,2,78,230.09269581146918
5279,50,2,79,370.0392816740658
5280,50,2,80,371.34410105176596
5281,50,2,81,218.6296808420276
5282,50,2,82,360.1300589498964
5283,50,2,83,427.7733379377808
5284,50,2,84,400.27525001264337
5285,50,2,85,360.77944809016225
5286,50,2,86,364.3926602779244
5287,50,2,87,214.71240944710104
5288,50,2,88,371.5437275167492
5289,50,2,89,358.1328359272366
5290,50,2,90,215.53476536815998
5291,50,2,91,360.26918685221136
5292,50,2,92,363.5425108706717
5293,50,2,93,369.71650136444316
5294,50,2,94,408.66885626471174
5295,50,2,95,356.10854203739257
5296,50,2,96,356.2790398890774
5297,50,2,97,364.34547210392077
5298,50,2,98,356.50967298014325
5299,50,2,99,214.47247530055802
5300,50,3,0,384.5160462453628
5301,50,3,1,384.35023484984197
5302,50,3,2,367.8534261333402
5303,50,3,3,367.91049857311174
5304,50,3,4,382.9774137806327
5305,50,3,5,384.40612100771807
5306,50,3,6,504.43563126653225
5307,50,3,7,384.58871780326547
5308,50,3,8,383.1854634497829
5309,50,3,9,384.596192597323
5310,50,3,10,376.92267835984455
5311,50,3,11,384.1209700265308
5312,50,3,12,219.05683229126043
5313,50,3,13,384.23308559884765
5314,50,3,14,365.15073167790604
5315,50,3,15,527.346305737994
5316,50,3,16,384.47553665831816
5317,50,3,17,506.0278587483282
5318,50,3,18,520.3749482331193
5319,50,3,19,502.90469645817
5320,50,3,20,356.98306972903015
5321,50,3,21,384.3545155417188
5322,50,3,22,361.8513475269484
5323,50,3,23,515.0362088076538
5324,50,3,24,383.6857730256498
5325,50,3,25,384.51899776444054
5326,50,3,26,361.71833718386983
5327,50,3,27,384.5120305267733
5328,50,3,28,384.5866320619198
5329,50,3,29,383.2147773168246
5330,50,3,30,384.4543178603882
5331,50,3,31,347.67608006546
5332,50,3,32,366.834047817043
5333,50,3,33,383.1387726370653
5334,50,3,34,384.5742154007949
5335,50,3,35,384.58893118868633
5336,50,3,36,384.54190289678417
5337,50,3,37,369.6120997448594
5338,50,3,38,530.8475960133534
5339,50,3,39,504.4617723807497
5340,50,3,40,384.39044738762584
5341,50,3,41,383.17081148111566
5342,50,3,42,384.5120308614112
5343,50,3,43,367.89376257540823
5344,50,3,44,384.28331621238675
5345,50,3,45,384.1310241962009
5346,50,3,46,504.3947761977824
5347,50,3,47,534.2072538178643
5348,50,3,48,352.84211673632524
5349,50,3,49,369.7639786384202
5350,50,3,50,533.7054293604559
5351,50,3,51,384.54559034693466
5352,50,3,52,384.546210162701
5353,50,3,53,383.90584783039895
5354,50,3,54,504.3736676824894
5355,50,3,55,504.28827017160825
5356,50,3,56,357.564654081764
5357,50,3,57,508.5552653607639
5358,50,3,58,528.303416241624
5359,50,3,59,384.56615502037744
5360,50,3,60,366.0208042626347
5361,50,3,61,356.44367563601264
5362,50,3,62,509.22604167033654
5363,50,3,63,535.8942187275691
5364,50,3,64,384.5190640093334
5365,50,3,65,384.54640700743795
5366,50,3,66,384.35376974411525
5367,50,3,67,516.7282750546728
5368,50,3,68,526.7363631868857
5369,50,3,69,384.5685956790005
5370,50,3,70,384.3720445036544
5371,50,3,71,360.4079218725549
5372,50,3,72,384.4159643067973
5373,50,3,73,384.59079045318845
5374,50,3,74,384.5790941443542
5375,50,3,75,513.3902838664822
5376,50,3,76,369.53196583225395
5377,50,3,77,368.6573013075027
5378,50,3,78,384.590273698302
5379,50,3,79,522.8097680824764
5380,50,3,80,527.5941066252882
5381,50,3,81,369.43586169200637
5382,50,3,82,384.5635528752435
5383,50,3,83,520.2371728025033
5384,50,3,84,384.57886135261543
5385,50,3,85,504.28258297560393
5386,50,3,86,384.5648099625236
5387,50,3,87,210.78781409761046
5388,50,3,88,384.2472882977839
5389,50,3,89,513.9728758943616
5390,50,3,90,384.53908900262803
5391,50,3,91,359.7404970019169
5392,50,3,92,384.59568890152667
5393,50,3,93,384.5912684621848
5394,50,3,94,384.54330187522095
5395,50,3,95,382.6185412923175
5396,50,3,96,529.5918303728184
5397,50,3,97,384.6016617047349
5398,50,3,98,363.1545519701076
5399,50,3,99,523.0543465330768
5400,56,1,0,236.90718203898783
5401,56,1,1,72.19435630340735
5402,56,1,2,65.21902388892171
5403,56,1,3,97.4194712781004
5404,56,1,4,267.8663309060775
5405,56,1,5,97.4860400660687
5406,56,1,6,245.45575219793125
5407,56,1,7,75.55748035033696
5408,56,1,8,64.6763400508653
5409,56,1,9,72.27992873013795
5410,56,1,10,68.73628708475323
5411,56,1,11,74.3637233040485
5412,56,1,12,75.76137481632537
5413,56,1,13,233.04680635366336
5414,56,1,14,63.44145892755607
5415,56,1,15,269.2361619227792
5416,56,1,16,223.13530655722167
5417,56,1,17,62.74946450629217
5418,56,1,18,71.01661998754878
5419,56,1,19,72.31667999542674
5420,56,1,20,239.22942008009647
5421,56,1,21,96.99457058456849
5422,56,1,22,222.323443113378
5423,56,1,23,67.20864741616532
5424,56,1,24,74.85693148296865
5425,56,1,25,233.04510806322054
5426,56,1,26,249.5885293417107
5427,56,1,27,68.88295615875172
5428,56,1,28,63.8409145766211
5429,56,1,29,73.69682230440675
5430,56,1,30,97.44744941959998
5431,56,1,31,96.90089224336754
5432,56,1,32,240.92943515869234
5433,56,1,33,222.46093056862952
5434,56,1,34,97.35394765749137
5435,56,1,35,97.46867973222768
5436,56,1,36,222.32566632138094
5437,56,1,37,265.7993631669643
5438,56,1,38,72.5649438640232
5439,56,1,39,238.70671015002742
5440,56,1,40,236.67676820497513
5441,56,1,41,64.90772981001514
5442,56,1,42,97.473659720876
5443,56,1,43,85.52085313143714
5444,56,1,44,222.34188523025128
5445,56,1,45,64.97556255831466
5446,56,1,46,91.56985103478098
5447,56,1,47,106.55690712732995
5448,56,1,48,78.83982139528783
5449,56,1,49,67.22904759085844
5450,56,1,50,232.23264011971835
5451,56,1,51,79.34376842481228
5452,56,1,52,81.10210580146763
5453,56,1,53,78.43606524098318
5454,56,1,54,229.23041291750306
5455,56,1,55,69.29910558088699
5456,56,1,56,78.77403300261415
5457,56,1,57,96.77760276873121
5458,56,1,58,75.09584992076162
5459,56,1,59,63.12429441765366
5460,56,1,60,97.44713327412238
5461,56,1,61,97.26561008784202
5462,56,1,62,97.49269267260881
5463,56,1,63,97.03180345497383
5464,56,1,64,241.37505140480005
5465,56,1,65,80.8205795695564
5466,56,1,66,97.48919191696753
5467,56,1,67,75.15930345357451
5468,56,1,68,83.27385384262105
5469,56,1,69,97.38673909753469
5470,56,1,70,70.39632013339
5471,56,1,71,97.40803647714715
5472,56,1,72,97.49129124296711
5473,56,1,73,88.606582923937
5474,56,1,74,74.63603426196205
5475,56,1,75,74.04554807624899
5476,56,1,76,65.84864921098733
5477,56,1,77,72.71667749016366
5478,56,1,78,246.72636896402997
5479,56,1,79,68.375067605444
5480,56,1,80,77.49183576515175
5481,56,1,81,96.92169663245944
5482,56,1,82,67.19217031958121
5483,56,1,83,83.34295982989013
5484,56,1,84,65.05573750586873
5485,56,1,85,68.13594352054805
5486,56,1,86,63.623689583005905
5487,56,1,87,69.68048813279731
5488,56,1,88,63.1629840718401
5489,56,1,89,239.36058485070114
5490,56,1,90,69.85037526202103
5491,56,1,91,97.47582845441043
5492,56,1,92,83.34041098653225
5493,56,1,93,71.93541225696217
5494,56,1,94,82.16938528865701
5495,56,1,95,97.31963938111845
5496,56,1,96,234.15663348076154
5497,56,1,97,97.13069281631552
5498,56,1,98,71.0698116192928
5499,56,1,99,97.44848979070045
5500,56,2,0,370.44979966584384
5501,56,2,1,435.9779201520416
5502,56,2,2,396.113990296067
5503,56,2,3,425.0815686169694
5504,56,2,4,403.7467364009806
5505,56,2,5,381.6650541102049
5506,56,2,6,382.765931030569
5507,56,2,7,439.3984397773929
5508,56,2,8,425.5835161644996
5509,56,2,9,371.37589467568995
5510,56,2,10,382.819529261584
5511,56,2,11,433.23590591910363
5512,56,2,12,453.1683596846626
5513,56,2,13,387.72078394444037
5514,56,2,14,402.4425273377004
5515,56,2,15,394.14024270294925
5516,56,2,16,405.49568689447835
5517,56,2,17,370.51970186994987
5518,56,2,18,389.62573530753696
5519,56,2,19,393.6478198538714
5520,56,2,20,391.1798069823444
5521,56,2,21,379.4197706773562
5522,56,2,22,430.18102062174023
5523,56,2,23,417.9681550500095
5524,56,2,24,401.7540971426282
5525,56,2,25,370.60245097933387
5526,56,2,26,373.8250874404139
5527,56,2,27,369.89930190511
5528,56,2,28,420.38196972918576
5529,56,2,29,411.2973857716784
5530,56,2,30,387.2944464800545
5531,56,2,31,426.54086092928804
5532,56,2,32,417.58856859163546
5533,56,2,33,399.0706447988474
5534,56,2,34,371.81339453258914
5535,56,2,35,432.5924954300978
5536,56,2,36,402.73351011847905
5537,56,2,37,420.9950112306712
5538,56,2,38,371.4652256495048
5539,56,2,39,437.7838365041468
5540,56,2,40,370.3145256824535
5541,56,2,41,404.60223405068933
5542,56,2,42,458.33338813636595
5543,56,2,43,372.68080737374925
5544,56,2,44,396.95575616230843
5545,56,2,45,389.24701997832614
5546,56,2,46,395.2573430484778
5547,56,2,47,373.18964729470605
5548,56,2,48,375.87083989927766
5549,56,2,49,368.9119037284438
5550,56,2,50,376.40175729156056
5551,56,2,51,432.39598786316276
5552,56,2,52,405.1987024074993
5553,56,2,53,373.02252888257124
5554,56,2,54,373.60166050498844
5555,56,2,55,390.46697924845716
5556,56,2,56,434.19174887533075
5557,56,2,57,372.16592998412204
5558,56,2,58,413.5559377502142
5559,56,2,59,372.7263254725214
5560,56,2,60,418.9766916981901
5561,56,2,61,400.5667806523286
5562,56,2,62,431.80700888457346
5563,56,2,63,471.19307450934457
5564,56,2,64,423.182075361085
5565,56,2,65,394.4463560297324
5566,56,2,66,410.0369791264554
5567,56,2,67,423.3603430969618
5568,56,2,68,429.3064373351209
5569,56,2,69,437.5037076862739
5570,56,2,70,371.2842497837174
5571,56,2,71,384.38107069907755
5572,56,2,72,416.9313802573632
5573,56,2,73,371.9641392226674
5574,56,2,74,370.51761387883556
5575,56,2,75,379.0864607629699
5576,56,2,76,391.79442562402926
5577,56,2,77,370.9719159609074
5578,56,2,78,371.31119192649476
5579,56,2,79,387.4555036135584
5580,56,2,80,383.233976397376
5581,56,2,81,381.25810313301383
5582,56,2,82,400.5054211715876
5583,56,2,83,377.7677833218188
5584,56,2,84,382.60796718946943
5585,56,2,85,389.3285547350925
5586,56,2,86,382.18395382289185
5587,56,2,87,394.13052170768816
5588,56,2,88,387.86130260776446
5589,56,2,89,381.5106346736467
5590,56,2,90,372.0937497104762
5591,56,2,91,381.83763334214615
5592,56,2,92,418.12939354281866
5593,56,2,93,409.2876692180861
5594,56,2,94,416.67401317162677
5595,56,2,95,388.69232908440335
5596,56,2,96,383.7664785275906
5597,56,2,97,472.2866811920564
5598,56,2,98,430.5368862001818
5599,56,2,99,371.5113799663573
5600,56,3,0,410.24762547294625
5601,56,3,1,469.76211356741265
5602,56,3,2,494.0539303397818
5603,56,3,3,415.7579050149795
5604,56,3,4,405.46793960748346
5605,56,3,5,454.7775583701119
5606,56,3,6,455.09240502682036
5607,56,3,7,434.2815435441049
5608,56,3,8,488.44921806635546
5609,56,3,9,467.69104787324005
5610,56,3,10,406.3382506713403
5611,56,3,11,501.0367687318355
5612,56,3,12,431.47762631572317
5613,56,3,13,483.02343405516854
5614,56,3,14,492.11675612699884
5615,56,3,15,472.76444772620016
5616,56,3,16,480.59408140689607
5617,56,3,17,458.5050409408619
5618,56,3,18,471.6617318132427
5619,56,3,19,468.1953369802093
5620,56,3,20,407.12155110003476
5621,56,3,21,490.5084652574071
5622,56,3,22,467.0613203443111
5623,56,3,23,406.95408822769383
5624,56,3,24,406.88739157319844
5625,56,3,25,406.09159843004284
5626,56,3,26,410.34767525422797
5627,56,3,27,449.07077727554355
5628,56,3,28,413.1487646026569
5629,56,3,29,409.5025352442317
5630,56,3,30,428.6792327000906
5631,56,3,31,494.5566342522786
5632,56,3,32,491.2269812478766
5633,56,3,33,486.0691626042038
5634,56,3,34,429.68761942913295
5635,56,3,35,422.7101375631946
5636,56,3,36,441.9829707127997
5637,56,3,37,488.1560642545292
5638,56,3,38,396.7049690893885
5639,56,3,39,435.05595276080095
5640,56,3,40,406.75612790405035
5641,56,3,41,440.87694780473623
5642,56,3,42,413.32735717764467
5643,56,3,43,428.3659201602059
5644,56,3,44,492.290327253118
5645,56,3,45,413.32544647716503
5646,56,3,46,435.39800511674076
5647,56,3,47,486.6214115918582
5648,56,3,48,444.07991543997116
5649,56,3,49,457.67372973014074
5650,56,3,50,459.38049616695366
5651,56,3,51,411.1608521294694
5652,56,3,52,485.75992523680776
5653,56,3,53,485.8685498495434
5654,56,3,54,485.53779067909903
5655,56,3,55,487.58864963007875
5656,56,3,56,435.2604958935766
5657,56,3,57,416.7102000687462
5658,56,3,58,442.6873566745234
5659,56,3,59,472.92685381878624
5660,56,3,60,406.2445683949554
5661,56,3,61,480.53197818129763
5662,56,3,62,486.14146129253555
5663,56,3,63,425.57954766006213
5664,56,3,64,408.2098717285392
5665,56,3,65,438.1159154695656
5666,56,3,66,443.71327282386267
5667,56,3,67,469.154175472594
5668,56,3,68,469.4866671588249
5669,56,3,69,480.51286022971016
5670,56,3,70,438.4917828030577
5671,56,3,71,407.01807022972224
5672,56,3,72,406.8863474663269
5673,56,3,73,460.40248907740784
5674,56,3,74,403.065293052095
5675,56,3,75,411.64055454576186
5676,56,3,76,446.08734283310423
5677,56,3,77,491.0021472967399
5678,56,3,78,421.3517997962567
5679,56,3,79,409.1110888581489
5680,56,3,80,408.67760605431425
5681,56,3,81,395.1929832912404
5682,56,3,82,465.0339474379295
5683,56,3,83,482.28412305778244
5684,56,3,84,489.5183580444989
5685,56,3,85,437.0533302291177
5686,56,3,86,487.4638262692541
5687,56,3,87,427.6364088550965
5688,56,3,88,412.873647392304
5689,56,3,89,406.1261599428487
5690,56,3,90,481.953616425073
5691,56,3,91,451.16316650505087
5692,56,3,92,423.2225537429646
5693,56,3,93,425.32182894584827
5694,56,3,94,490.94044063628303
5695,56,3,95,488.6065218306112
5696,56,3,96,458.52941589135816
5697,56,3,97,490.8855357860769
5698,56,3,98,452.7745812228768
5699,56,3,99,450.6836325406869
5700,59,1,0,269.4171120016701
5701,59,1,1,277.75001882191697
5702,59,1,2,308.8899172543907
5703,59,1,3,75.88384924645241
5704,59,1,4,97.71931571943281
5705,59,1,5,262.4762500389494
5706,59,1,6,314.9283739080258
5707,59,1,7,220.32838788432525
5708,59,1,8,220.3479727884682
5709,59,1,9,220.3383164385881
5710,59,1,10,261.47830209642973
5711,59,1,11,90.68319161685781
5712,59,1,12,92.01577993406576
5713,59,1,13,295.9870217442415
5714,59,1,14,220.4675570130198
5715,59,1,15,272.24674873464653
5716,59,1,16,222.91575359092738
5717,59,1,17,68.06904094164827
5718,59,1,18,315.281798471884
5719,59,1,19,83.07424987796502
5720,59,1,20,293.392975230041
5721,59,1,21,259.5336945257093
5722,59,1,22,288.5296332983999
5723,59,1,23,88.80861178460087
5724,59,1,24,220.45511533935752
5725,59,1,25,220.38679055422176
5726,59,1,26,80.47591433983831
5727,59,1,27,94.70825752299534
5728,59,1,28,75.8170269287883
5729,59,1,29,220.38070710714192
5730,59,1,30,220.35133694683225
5731,59,1,31,220.54049926016316
5732,59,1,32,308.75240628794165
5733,59,1,33,284.6111843154971
5734,59,1,34,273.2160892581255
5735,59,1,35,298.43603205393333
5736,59,1,36,270.40515021881157
5737,59,1,37,97.71906815672209
5738,59,1,38,220.3393231500707
5739,59,1,39,316.13465093329154
5740,59,1,40,344.9619001128764
5741,59,1,41,294.3652909500519
5742,59,1,42,242.71219079284006
5743,59,1,43,220.3693373848013
5744,59,1,44,74.14735382571996
5745,59,1,45,220.35120279784584
5746,59,1,46,220.39983612966307
5747,59,1,47,220.37954807297504
5748,59,1,48,220.87607951422405
5749,59,1,49,220.4287238883018
5750,59,1,50,220.4197517686105
5751,59,1,51,92.9231147706544
5752,59,1,52,297.155034640199
5753,59,1,53,97.73122758097287
5754,59,1,54,220.360501042402
5755,59,1,55,263.64611300246827
5756,59,1,56,345.94068225446006
5757,59,1,57,65.12820623542808
5758,59,1,58,79.98876293128902
5759,59,1,59,220.37443619739287
5760,59,1,60,220.3382103856847
5761,59,1,61,220.40344655573324
5762,59,1,62,288.90910320762083
5763,59,1,63,220.4801257900256
5764,59,1,64,220.54523920148247
5765,59,1,65,69.67542555338132
5766,59,1,66,240.978677378805
5767,59,1,67,220.55751570426736
5768,59,1,68,220.40568488739513
5769,59,1,69,71.96323513988008
5770,59,1,70,220.6251167351412
5771,59,1,71,94.38727104366376
5772,59,1,72,74.93563669338802
5773,59,1,73,221.00873148424108
5774,59,1,74,83.57716779643329
5775,59,1,75,81.11388243443413
5776,59,1,76,220.3922736161609
5777,59,1,77,86.30336761619122
5778,59,1,78,220.46203221073947
5779,59,1,79,220.3364073620765
5780,59,1,80,220.3486317763484
5781,59,1,81,97.61642940578145
5782,59,1,82,83.65149171932158
5783,59,1,83,317.6026006524654
5784,59,1,84,339.50767625712086
5785,59,1,85,75.8416038273817
5786,59,1,86,220.3497689339369
5787,59,1,87,72.07335201430215
5788,59,1,88,253.2807250487907
5789,59,1,89,336.2775956350712
5790,59,1,90,220.3502692314871
5791,59,1,91,258.0854397025437
5792,59,1,92,268.8426393207807
5793,59,1,93,220.33994102060203
5794,59,1,94,252.35913166394678
5795,59,1,95,252.01961681243628
5796,59,1,96,97.532685806809
5797,59,1,97,288.51330492064784
5798,59,1,98,220.94456614605775
5799,59,1,99,95.09488910130369
5800,59,2,0,311.4447241798112
5801,59,2,1,342.2218313928531
5802,59,2,2,284.3971769720927
5803,59,2,3,304.2263633437695
5804,59,2,4,318.0129469992192
5805,59,2,5,303.36637838887515
5806,59,2,6,322.82003507690354
5807,59,2,7,284.40842391590877
5808,59,2,8,333.77204656877603
5809,59,2,9,339.50444128557535
5810,59,2,10,339.1071388105326
5811,59,2,11,352.6746821490526
5812,59,2,12,324.1193193932775
5813,59,2,13,340.4193816400939
5814,59,2,14,262.7964871276284
5815,59,2,15,316.79185703761834
5816,59,2,16,254.60637497380952
5817,59,2,17,272.58450873489926
5818,59,2,18,326.04472117265607
5819,59,2,19,293.56870858967807
5820,59,2,20,325.4346995991827
5821,59,2,21,319.7218996765236
5822,59,2,22,246.2691545595654
5823,59,2,23,263.47839667666597
5824,59,2,24,325.00896965312864
5825,59,2,25,315.3886325146777
5826,59,2,26,337.247961272799
5827,59,2,27,317.08951397318845
5828,59,2,28,257.9410819784429
5829,59,2,29,306.33070514368336
5830,59,2,30,339.35165536335654
5831,59,2,31,302.6443574547413
5832,59,2,32,352.90374057985616
5833,59,2,33,276.07854547060214
5834,59,2,34,306.26007927829914
5835,59,2,35,304.240119106061
5836,59,2,36,294.443896356435
5837,59,2,37,353.8233578643658
5838,59,2,38,331.4165139733861
5839,59,2,39,339.76385010430437
5840,59,2,40,263.71393718218036
5841,59,2,41,246.62884426652687
5842,59,2,42,325.4627987912281
5843,59,2,43,337.44497909524654
5844,59,2,44,263.3853245294413
5845,59,2,45,302.72849400780586
5846,59,2,46,258.1567499448644
5847,59,2,47,247.37223438451022
5848,59,2,48,263.23130048038615
5849,59,2,49,286.45132818897406
5850,59,2,50,279.75452730415986
5851,59,2,51,262.7123884323647
5852,59,2,52,293.6182840511993
5853,59,2,53,308.12080077263926
5854,59,2,54,309.3587790419061
5855,59,2,55,275.99783540685
5856,59,2,56,256.6446402040676
5857,59,2,57,290.6592179875223
5858,59,2,58,333.66838098385114
5859,59,2,59,302.4384868218251
5860,59,2,60,339.1837609936836
5861,59,2,61,346.47238235910686
5862,59,2,62,340.9012462385749
5863,59,2,63,315.93003177093016
5864,59,2,64,306.1280307657656
5865,59,2,65,265.4679826844693
5866,59,2,66,341.6788731902006
5867,59,2,67,337.2703115293715
5868,59,2,68,336.75577681551727
5869,59,2,69,343.96916378162723
5870,59,2,70,279.7336734695825
5871,59,2,71,284.9095336709438
5872,59,2,72,313.5765326411845
5873,59,2,73,260.4294796736359
5874,59,2,74,320.64941726830574
5875,59,2,75,287.7627525491298
5876,59,2,76,342.31500446271804
5877,59,2,77,291.56179165809596
5878,59,2,78,260.24189608185003
5879,59,2,79,261.71124382152294
5880,59,2,80,296.8906153547785
5881,59,2,81,246.6383987860296
5882,59,2,82,324.17931984566184
5883,59,2,83,332.5013145455123
5884,59,2,84,264.1210993469382
5885,59,2,85,257.4070432480825
5886,59,2,86,320.8013290216861
5887,59,2,87,341.9205671893464
5888,59,2,88,316.6322039531079
5889,59,2,89,317.73309637077494
5890,59,2,90,300.23209763333716
5891,59,2,91,324.58013651962705
5892,59,2,92,327.4161595611005
5893,59,2,93,261.0846499184391
5894,59,2,94,263.9081091555347
5895,59,2,95,316.24721799112336
5896,59,2,96,260.9529579945273
5897,59,2,97,279.2516167791872
5898,59,2,98,289.2333541677994
5899,59,2,99,305.883075077231
5900,59,3,0,387.2349883671261
5901,59,3,1,387.233333440122
5902,59,3,2,387.2912100914255
5903,59,3,3,387.2391382523601
5904,59,3,4,387.3153960950912
5905,59,3,5,387.29431823027807
5906,59,3,6,387.15924619219754
5907,59,3,7,387.3102802188081
5908,59,3,8,387.2198100444178
5909,59,3,9,386.74369095874175
5910,59,3,10,383.9082761106595
5911,59,3,11,385.5292298818867
5912,59,3,12,387.29826812826553
5913,59,3,13,387.27421356204707
5914,59,3,14,386.5447028747442
5915,59,3,15,387.31289995275483
5916,59,3,16,387.08326757908736
5917,59,3,17,308.466601876526
5918,59,3,18,387.22342662394766
5919,59,3,19,381.05392157525245
5920,59,3,20,387.1200235869103
5921,59,3,21,387.09048574515003
5922,59,3,22,385.3013107732729
5923,59,3,23,387.2849271216687
5924,59,3,24,384.16424386045804
5925,59,3,25,387.3101475014539
5926,59,3,26,387.1439136488622
5927,59,3,27,387.1292470353469
5928,59,3,28,387.0960540257176
5929,59,3,29,387.30477452347805
5930,59,3,30,387.15081605356517
5931,59,3,31,386.4824935388437
5932,59,3,32,387.2857821177313
5933,59,3,33,387.2910393243694
5934,59,3,34,387.1770675492517
5935,59,3,35,387.26853920414516
5936,59,3,36,387.2324072456329
5937,59,3,37,386.53580153831416
5938,59,3,38,386.5640741694777
5939,59,3,39,386.18071959559165
5940,59,3,40,387.2014030270743
5941,59,3,41,387.17151285869505
5942,59,3,42,332.8856834733524
5943,59,3,43,387.15925682402076
5944,59,3,44,387.30703975413843
5945,59,3,45,387.2583993869736
5946,59,3,46,387.310736268033
5947,59,3,47,386.3008046060496
5948,59,3,48,387.2826583149598
5949,59,3,49,386.44147858352636
5950,59,3,50,387.3071738047557
5951,59,3,51,387.30361271346294
5952,59,3,52,331.7692362310783
5953,59,3,53,386.9715068192285
5954,59,3,54,387.2594798394104
5955,59,3,55,386.62328000851267
5956,59,3,56,385.211309422821
5957,59,3,57,387.2089485646422
5958,59,3,58,386.73915459581764
5959,59,3,59,387.302737075826
5960,59,3,60,387.1524478387322
5961,59,3,61,387.0535035977457
5962,59,3,62,387.21642546795164
5963,59,3,63,387.2869899554348
5964,59,3,64,387.1210821348115
5965,59,3,65,387.2595490726746
5966,59,3,66,387.3120763151669
5967,59,3,67,386.8422441590725
5968,59,3,68,386.6997783084834
5969,59,3,69,387.3037556871435
5970,59,3,70,387.1528604205048
5971,59,3,71,387.1089547886266
5972,59,3,72,385.20464371267394
5973,59,3,73,386.972904446474
5974,59,3,74,387.3004368544621
5975,59,3,75,387.1473851643916
5976,59,3,76,387.0299582728602
5977,59,3,77,387.085186240236
5978,59,3,78,387.26556162844537
5979,59,3,79,387.1883673877533
5980,59,3,80,387.09650159721474
5981,59,3,81,387.2351692752557
5982,59,3,82,387.1905326683451
5983,59,3,83,387.29943703388705
5984,59,3,84,387.10768975958575
5985,59,3,85,387.24994284330506
5986,59,3,86,386.65670537473073
5987,59,3,87,387.2790210425032
5988,59,3,88,387.31168985587533
5989,59,3,89,303.22013110309854
5990,59,3,90,386.37398950306726
5991,59,3,91,385.6678572865269
5992,59,3,92,387.0189144786043
5993,59,3,93,387.3093259891593
5994,59,3,94,387.2745165351127
5995,59,3,95,387.3088346435785
5996,59,3,96,386.8125372963835
5997,59,3,97,386.9290991579528
5998,59,3,98,387.2500673851382
5999,59,3,99,387.1197883664256
6000,62,1,0,94.8541206554187
6001,62,1,1,94.19358045894188
6002,62,1,2,94.91273910692854
6003,62,1,3,95.00377494835334
6004,62,1,4,94.99809693914143
6005,62,1,5,94.98508800697351
6006,62,1,6,94.98467500896915
6007,62,1,7,94.62181600262169
6008,62,1,8,94.89584683210848
6009,62,1,9,94.91279182508592
6010,62,1,10,93.07174979802352
6011,62,1,11,79.62126859405502
6012,62,1,12,94.93704983762578
6013,62,1,13,94.8902121257171
6014,62,1,14,94.85638791928397
6015,62,1,15,85.88942595033137
6016,62,1,16,94.68821448912458
6017,62,1,17,94.94930246056136
6018,62,1,18,94.98394820129519
6019,62,1,19,94.95589876525456
6020,62,1,20,94.97006903779467
6021,62,1,21,94.64279559670567
6022,62,1,22,94.980906770478
6023,62,1,23,94.98076369803604
6024,62,1,24,94.9045441253189
6025,62,1,25,94.9989011505062
6026,62,1,26,73.8986519676138
6027,62,1,27,79.55950954660413
6028,62,1,28,94.83089621847941
6029,62,1,29,94.75041421215673
6030,62,1,30,94.94457143900014
6031,62,1,31,94.83794036852665
6032,62,1,32,82.66781555948258
6033,62,1,33,94.89441207708936
6034,62,1,34,94.7098084452093
6035,62,1,35,94.98781531262583
6036,62,1,36,94.96100866046352
6037,62,1,37,94.82161817519922
6038,62,1,38,94.9255026802867
6039,62,1,39,94.95447323948596
6040,62,1,40,94.98144905237602
6041,62,1,41,94.97726581582442
6042,62,1,42,94.59101280313503
6043,62,1,43,94.99827369781623
6044,62,1,44,94.90143005422175
6045,62,1,45,95.00392322609696
6046,62,1,46,94.51371048961691
6047,62,1,47,94.71030849283115
6048,62,1,48,94.97752799385324
6049,62,1,49,93.35085467670535
6050,62,1,50,94.97670739750538
6051,62,1,51,94.91898126449048
6052,62,1,52,94.9780356077058
6053,62,1,53,95.0045191012589
6054,62,1,54,94.97434922578442
6055,62,1,55,94.85086584960808
6056,62,1,56,94.84374893302669
6057,62,1,57,94.99607040277351
6058,62,1,58,93.27430254671573
6059,62,1,59,85.96972189950709
6060,62,1,60,94.93821787676582
6061,62,1,61,95.00198259978617
6062,62,1,62,94.88511787244325
6063,62,1,63,94.83398651937932
6064,62,1,64,94.96030717237457
6065,62,1,65,83.5170496821067
6066,62,1,66,94.80418306724204
6067,62,1,67,95.00008105429511
6068,62,1,68,94.90768124491294
6069,62,1,69,92.76718173676163
6070,62,1,70,94.54089715884733
6071,62,1,71,88.24350330008727
6072,62,1,72,94.46086269587066
6073,62,1,73,94.50903509880673
6074,62,1,74,94.96459646435287
6075,62,1,75,94.85920978003351
6076,62,1,76,94.72557541723249
6077,62,1,77,94.88409881510134
6078,62,1,78,94.94039650297712
6079,62,1,79,94.9815344221546
6080,62,1,80,94.81234061196024
6081,62,1,81,94.9637924152096
6082,62,1,82,94.88183537157992
6083,62,1,83,94.4797472836087
6084,62,1,84,94.9969080941609
6085,62,1,85,94.8455871286189
6086,62,1,86,94.8644597331754
6087,62,1,87,91.0982404701874
6088,62,1,88,94.95599339055052
6089,62,1,89,94.80052189164408
6090,62,1,90,79.68204967357552
6091,62,1,91,94.8833353755371
6092,62,1,92,94.82074708417898
6093,62,1,93,94.85709735639017
6094,62,1,94,94.93218820302971
6095,62,1,95,94.6963316056123
6096,62,1,96,94.94802661371739
6097,62,1,97,93.80605057568607
6098,62,1,98,94.74639603856204
6099,62,1,99,94.65238725921145
6100,62,2,0,223.368868910647
6101,62,2,1,228.79718900287415
6102,62,2,2,224.65199364353597
6103,62,2,3,227.77528166882897
6104,62,2,4,239.9151201604668
6105,62,2,5,224.8472822912465
6106,62,2,6,243.71503172135132
6107,62,2,7,221.90797974849858
6108,62,2,8,243.7280441341086
6109,62,2,9,369.9500178954771
6110,62,2,10,239.24521164753142
6111,62,2,11,208.91408788944673
6112,62,2,12,387.68044276878203
6113,62,2,13,214.84741189971237
6114,62,2,14,194.66022176734376
6115,62,2,15,219.2362489719394
6116,62,2,16,232.4928825379266
6117,62,2,17,237.03925114122993
6118,62,2,18,239.163459680071
6119,62,2,19,240.5533869581327
6120,62,2,20,369.65027695375227
6121,62,2,21,235.99527729135454
6122,62,2,22,212.1513233058611
6123,62,2,23,214.39059037985385
6124,62,2,24,243.6523907043599
6125,62,2,25,243.72689823512712
6126,62,2,26,232.77969882578765
6127,62,2,27,243.6792085220584
6128,62,2,28,243.70494217344722
6129,62,2,29,230.52700126914263
6130,62,2,30,233.09180299216422
6131,62,2,31,230.37153520165322
6132,62,2,32,221.21091517087203
6133,62,2,33,233.17060883682691
6134,62,2,34,191.87375251767943
6135,62,2,35,241.29761532857128
6136,62,2,36,230.06931768568472
6137,62,2,37,243.69613285129708
6138,62,2,38,226.40729779664812
6139,62,2,39,231.21934720746262
6140,62,2,40,407.82612008303005
6141,62,2,41,243.39293537738348
6142,62,2,42,234.44074921564788
6143,62,2,43,243.644167238583
6144,62,2,44,205.62614656088678
6145,62,2,45,214.79071813091912
6146,62,2,46,381.641782041172
6147,62,2,47,219.4403043301664
6148,62,2,48,387.6597026008594
6149,62,2,49,238.32108126805082
6150,62,2,50,232.55982067625362
6151,62,2,51,235.38226692598013
6152,62,2,52,234.50347360474353
6153,62,2,53,220.65167187399913
6154,62,2,54,237.88971203805568
6155,62,2,55,237.81688214879676
6156,62,2,56,225.01439124685965
6157,62,2,57,243.68583002880447
6158,62,2,58,213.29857803427598
6159,62,2,59,242.54241692569727
6160,62,2,60,243.64910287703802
6161,62,2,61,221.5618774872322
6162,62,2,62,228.43681206333392
6163,62,2,63,243.40150863629202
6164,62,2,64,228.77690608355184
6165,62,2,65,233.42831992963963
6166,62,2,66,231.6629182624824
6167,62,2,67,243.695393550756
6168,62,2,68,243.67218949499332
6169,62,2,69,215.65456667835264
6170,62,2,70,243.6335271217634
6171,62,2,71,224.15618173195463
6172,62,2,72,230.9574776367945
6173,62,2,73,215.47736155788888
6174,62,2,74,230.25854440594583
6175,62,2,75,236.69784646831172
6176,62,2,76,225.89376311490318
6177,62,2,77,239.7275966545119
6178,62,2,78,243.49973643241168
6179,62,2,79,208.76767685504947
6180,62,2,80,225.90370966746795
6181,62,2,81,243.7253774997924
6182,62,2,82,231.62607276484235
6183,62,2,83,228.34336082087532
6184,62,2,84,235.16772022819575
6185,62,2,85,388.63941902053926
6186,62,2,86,228.3209885843141
6187,62,2,87,241.19011449693824
6188,62,2,88,217.88936558369596
6189,62,2,89,243.62151903497488
6190,62,2,90,234.68437430375855
6191,62,2,91,228.458979707505
6192,62,2,92,209.94044159121546
6193,62,2,93,397.3790747274367
6194,62,2,94,228.4166098153525
6195,62,2,95,243.72236786125364
6196,62,2,96,243.49531998766875
6197,62,2,97,200.030553327883
6198,62,2,98,220.855205159137
6199,62,2,99,243.6074562247405
6200,62,3,0,385.59871515535553
6201,62,3,1,385.5765087814037
6202,62,3,2,385.6580337702658
6203,62,3,3,385.86489238071687
6204,62,3,4,385.6356076369344
6205,62,3,5,385.8557458894958
6206,62,3,6,385.1397674937112
6207,62,3,7,384.23767448421836
6208,62,3,8,385.9281677071572
6209,62,3,9,385.8785690110516
6210,62,3,10,385.92766362264797
6211,62,3,11,385.9183291015436
6212,62,3,12,385.615935340692
6213,62,3,13,385.8486106066657
6214,62,3,14,385.86670278383946
6215,62,3,15,385.34692943556627
6216,62,3,16,384.9714191688901
6217,62,3,17,384.8199696113117
6218,62,3,18,385.96385440934847
6219,62,3,19,385.96359570361847
6220,62,3,20,385.9202264653471
6221,62,3,21,385.8392525547654
6222,62,3,22,385.9388650765584
6223,62,3,23,385.96628494571024
6224,62,3,24,385.9384180004978
6225,62,3,25,385.76457924881424
6226,62,3,26,385.7517266823902
6227,62,3,27,385.74025230966464
6228,62,3,28,385.73703022117996
6229,62,3,29,385.9312930341277
6230,62,3,30,385.5087562976654
6231,62,3,31,385.8246329613708
6232,62,3,32,385.9522263271832
6233,62,3,33,385.91479903102305
6234,62,3,34,385.82855199907283
6235,62,3,35,385.8684824704246
6236,62,3,36,385.652222002991
6237,62,3,37,385.9643657525168
6238,62,3,38,385.9618260292647
6239,62,3,39,384.9549358256944
6240,62,3,40,385.9381324578342
6241,62,3,41,385.95375627108655
6242,62,3,42,385.7659679841572
6243,62,3,43,385.92393691426173
6244,62,3,44,385.96553443933715
6245,62,3,45,385.8286596031237
6246,62,3,46,385.894216054169
6247,62,3,47,385.8524818849115
6248,62,3,48,385.59454234106556
6249,62,3,49,385.34171031871676
6250,62,3,50,385.43263570819596
6251,62,3,51,385.96547199316433
6252,62,3,52,385.95511431060663
6253,62,3,53,385.83486805351055
6254,62,3,54,506.4867572725381
6255,62,3,55,385.82136449627995
6256,62,3,56,385.9170891311587
6257,62,3,57,384.322882557836
6258,62,3,58,385.9196815315308
6259,62,3,59,385.7120754125236
6260,62,3,60,385.6698387310874
6261,62,3,61,385.7917324611701
6262,62,3,62,378.65014995689216
6263,62,3,63,385.9264257325289
6264,62,3,64,385.8080547019921
6265,62,3,65,385.5790932997471
6266,62,3,66,384.5940616603912
6267,62,3,67,385.9483040091347
6268,62,3,68,385.8853263157146
6269,62,3,69,385.65412285200966
6270,62,3,70,385.71975173497094
6271,62,3,71,385.9366436998404
6272,62,3,72,385.8724499747472
6273,62,3,73,385.9202733678625
6274,62,3,74,385.93726383418675
6275,62,3,75,385.83657216452985
6276,62,3,76,385.641637080812
6277,62,3,77,385.9549143921602
6278,62,3,78,385.8760754529876
6279,62,3,79,385.01230612813833
6280,62,3,80,385.9353849869168
6281,62,3,81,385.958393827267
6282,62,3,82,496.44938722899354
6283,62,3,83,385.9537281886829
6284,62,3,84,385.5156208114629
6285,62,3,85,385.93842237151523
6286,62,3,86,385.57543458971463
6287,62,3,87,385.95461974145445
6288,62,3,88,385.9109536195914
6289,62,3,89,385.56962242776456
6290,62,3,90,506.604580389148
6291,62,3,91,385.6842628095669
6292,62,3,92,385.94480121999015
6293,62,3,93,503.77394623493
6294,62,3,94,385.8390137905864
6295,62,3,95,385.28691437449964
6296,62,3,96,383.2487729595266
6297,62,3,97,507.1028244206687
6298,62,3,98,385.87608847721833
6299,62,3,99,385.73423304047765
6300,70,1,0,242.8072385909817
6301,70,1,1,241.639172271267
6302,70,1,2,219.11540178942371
6303,70,1,3,219.72133790692823
6304,70,1,4,234.15144549337285
6305,70,1,5,219.13961613110774
6306,70,1,6,219.23966727592781
6307,70,1,7,270.6109615430842
6308,70,1,8,408.04561916970357
6309,70,1,9,249.5279615844268
6310,70,1,10,219.20180497760225
6311,70,1,11,83.91678553373615
6312,70,1,12,241.60815159469192
6313,70,1,13,416.5799764160025
6314,70,1,14,236.90688060201597
6315,70,1,15,368.78716728240175
6316,70,1,16,229.32085751772095
6317,70,1,17,234.39877691883075
6318,70,1,18,246.46760448950954
6319,70,1,19,370.5259194644675
6320,70,1,20,83.88115611332333
6321,70,1,21,219.28558917383677
6322,70,1,22,219.16389018588828
6323,70,1,23,83.81289303687282
6324,70,1,24,70.07170910171882
6325,70,1,25,256.08951266201916
6326,70,1,26,368.7858530156503
6327,70,1,27,234.93224984030402
6328,70,1,28,256.86899608854446
6329,70,1,29,236.65888828991524
6330,70,1,30,262.8468459798297
6331,70,1,31,256.04145312815143
6332,70,1,32,240.71336955371982
6333,70,1,33,260.80384946041477
6334,70,1,34,83.67416353055064
6335,70,1,35,219.13720376516477
6336,70,1,36,259.693383787291
6337,70,1,37,368.8264815556207
6338,70,1,38,219.41984067163963
6339,70,1,39,239.3623155986427
6340,70,1,40,368.8328482981441
6341,70,1,41,243.29889254589625
6342,70,1,42,369.7275939361274
6343,70,1,43,218.59091322211637
6344,70,1,44,251.20394708461376
6345,70,1,45,427.6646387026188
6346,70,1,46,407.3189008334293
6347,70,1,47,255.51323491896053
6348,70,1,48,232.7953222904738
6349,70,1,49,235.79016964674068
6350,70,1,50,264.166472016791
6351,70,1,51,263.4388150972483
6352,70,1,52,228.09617660207783
6353,70,1,53,83.68571836301186
6354,70,1,54,219.27275206015292
6355,70,1,55,251.4336624321102
6356,70,1,56,265.95360972492415
6357,70,1,57,237.0826334874471
6358,70,1,58,255.12755827278852
6359,70,1,59,428.412713093023
6360,70,1,60,219.13967682853422
6361,70,1,61,214.78390753195373
6362,70,1,62,263.3281458163779
6363,70,1,63,87.13288581134884
6364,70,1,64,229.4403611371093
6365,70,1,65,255.1193868138808
6366,70,1,66,253.57810557002682
6367,70,1,67,247.25601645679598
6368,70,1,68,219.30229956807267
6369,70,1,69,219.14162580360292
6370,70,1,70,219.71343361248512
6371,70,1,71,232.25168455600632
6372,70,1,72,236.56203742021563
6373,70,1,73,269.1154949332188
6374,70,1,74,219.18346348708243
6375,70,1,75,222.70034904789688
6376,70,1,76,219.22561248455278
6377,70,1,77,253.12343425249475
6378,70,1,78,222.06714798379858
6379,70,1,79,249.89013208627077
6380,70,1,80,251.52467828470017
6381,70,1,81,437.0119528267722
6382,70,1,82,251.39214572297863
6383,70,1,83,368.7932764415436
6384,70,1,84,244.76773784384795
6385,70,1,85,83.89987612572558
6386,70,1,86,219.14696813752403
6387,70,1,87,77.72152792831108
6388,70,1,88,251.43686908191452
6389,70,1,89,219.77409576741388
6390,70,1,90,260.52270644290553
6391,70,1,91,86.16923498671548
6392,70,1,92,71.47256939623483
6393,70,1,93,214.01206159288796
6394,70,1,94,219.20684700120978
6395,70,1,95,368.88461148954104
6396,70,1,96,256.54099324720073
6397,70,1,97,219.13244457084718
6398,70,1,98,246.41053054131643
6399,70,1,99,83.39032838483247
6400,70,2,0,227.3594512912451
6401,70,2,1,368.77834766216495
6402,70,2,2,368.79311353162416
6403,70,2,3,368.7821673748721
6404,70,2,4,417.1776421847615
6405,70,2,5,368.86343740201556
6406,70,2,6,368.92053775556076
6407,70,2,7,249.0578941664225
6408,70,2,8,414.35932151913704
6409,70,2,9,369.54144152430337
6410,70,2,10,437.6495735300674
6411,70,2,11,251.46172413295673
6412,70,2,12,400.22685496480227
6413,70,2,13,369.1300301026451
6414,70,2,14,243.51921600389818
6415,70,2,15,416.31868224716493
6416,70,2,16,251.3356873450462
6417,70,2,17,368.9761477943464
6418,70,2,18,368.81517321928527
6419,70,2,19,368.77571564051766
6420,70,2,20,368.78052844821536
6421,70,2,21,368.7850349538111
6422,70,2,22,368.9282022706808
6423,70,2,23,368.7785852029148
6424,70,2,24,413.3346894544381
6425,70,2,25,368.83295216498936
6426,70,2,26,406.20502761408
6427,70,2,27,412.62349626389675
6428,70,2,28,430.91174232290837
6429,70,2,29,368.9064958296715
6430,70,2,30,152.2993170536971
6431,70,2,31,369.0197314986385
6432,70,2,32,369.0384093637043
6433,70,2,33,215.88546840532766
6434,70,2,34,368.82748654135764
6435,70,2,35,222.22368857464537
6436,70,2,36,368.892689202701
6437,70,2,37,251.56328966457963
6438,70,2,38,369.1846445179343
6439,70,2,39,205.9829278134515
6440,70,2,40,368.8930380417386
6441,70,2,41,368.8154381987947
6442,70,2,42,192.28517891992132
6443,70,2,43,369.2438520858793
6444,70,2,44,220.082922432823
6445,70,2,45,394.2895864460829
6446,70,2,46,400.3812830756852
6447,70,2,47,368.801548298162
6448,70,2,48,368.8077605665537
6449,70,2,49,368.8017500184524
6450,70,2,50,251.54051345667222
6451,70,2,51,410.5866423665701
6452,70,2,52,368.8377131664133
6453,70,2,53,181.34842130473226
6454,70,2,54,368.78367294560996
6455,70,2,55,368.79789363994684
6456,70,2,56,181.99793145905684
6457,70,2,57,368.7839800183053
6458,70,2,58,368.84902038792103
6459,70,2,59,403.3192598641834
6460,70,2,60,404.4663545133894
6461,70,2,61,221.46885012507929
6462,70,2,62,368.7885819398682
6463,70,2,63,368.90635953521826
6464,70,2,64,251.5133949705875
6465,70,2,65,400.261161060287
6466,70,2,66,368.83833988047815
6467,70,2,67,369.0238980611898
6468,70,2,68,368.7943506954105
6469,70,2,69,368.82513433238245
6470,70,2,70,368.94316457457575
6471,70,2,71,412.58345126019384
6472,70,2,72,368.7925578219033
6473,70,2,73,232.25936461372618
6474,70,2,74,224.54204246557617
6475,70,2,75,368.8700984465405
6476,70,2,76,368.9046777508824
6477,70,2,77,368.7793509957934
6478,70,2,78,371.46158938495586
6479,70,2,79,370.0970876310314
6480,70,2,80,397.3453380279158
6481,70,2,81,368.91054884729806
6482,70,2,82,368.8547192158707
6483,70,2,83,369.0190533283692
6484,70,2,84,368.7945792029073
6485,70,2,85,368.9370581694106
6486,70,2,86,368.7824808606896
6487,70,2,87,251.35727675924514
6488,70,2,88,368.8557926479595
6489,70,2,89,216.0706772334752
6490,70,2,90,410.8229761995929
6491,70,2,91,251.49483467882743
6492,70,2,92,368.8635727007948
6493,70,2,93,241.1805740896582
6494,70,2,94,368.91073812942415
6495,70,2,95,369.044644648116
6496,70,2,96,400.73352004661876
6497,70,2,97,368.83455154662454
6498,70,2,98,400.4070932246851
6499,70,2,99,368.82443550795466
6500,70,3,0,474.60781411383715
6501,70,3,1,394.55699633694576
6502,70,3,2,410.36140524249885
6503,70,3,3,435.5066713694554
6504,70,3,4,491.60409119010063
6505,70,3,5,406.60636055050173
6506,70,3,6,472.9014371259275
6507,70,3,7,473.29208395277897
6508,70,3,8,445.1960109912211
6509,70,3,9,460.7130975570512
6510,70,3,10,464.361897094187
6511,70,3,11,405.7922085697306
6512,70,3,12,413.85822338259413
6513,70,3,13,407.8388916563045
6514,70,3,14,464.52471043657545
6515,70,3,15,453.4004503407827
6516,70,3,16,480.70499000578184
6517,70,3,17,441.4043851488094
6518,70,3,18,491.7294378838714
6519,70,3,19,432.68506181872993
6520,70,3,20,442.670834113471
6521,70,3,21,442.3416288789443
6522,70,3,22,487.91362937336606
6523,70,3,23,411.64902065387156
6524,70,3,24,471.0264550639663
6525,70,3,25,452.45923935479635
6526,70,3,26,478.12094075921584
6527,70,3,27,424.23654337698645
6528,70,3,28,448.1766626408231
6529,70,3,29,416.85545898477545
6530,70,3,30,442.7006494745944
6531,70,3,31,431.92089242557745
6532,70,3,32,453.7464620631323
6533,70,3,33,416.4746418338474
6534,70,3,34,463.3950820379525
6535,70,3,35,476.18638565655857
6536,70,3,36,489.8224862038059
6537,70,3,37,417.41361018245584
6538,70,3,38,434.26311546507594
6539,70,3,39,427.1539515285742
6540,70,3,40,489.07305234976195
6541,70,3,41,490.84704375592605
6542,70,3,42,406.2208201695534
6543,70,3,43,490.0002594035875
6544,70,3,44,421.34539394328027
6545,70,3,45,463.4250513472814
6546,70,3,46,442.5361801794336
6547,70,3,47,488.5367291625805
6548,70,3,48,401.87641190121076
6549,70,3,49,405.9051944907657
6550,70,3,50,415.0091740779166
6551,70,3,51,473.22788681009496
6552,70,3,52,473.2408211738235
6553,70,3,53,461.51626514462987
6554,70,3,54,491.1204566081272
6555,70,3,55,413.45165701291745
6556,70,3,56,488.3070399302573
6557,70,3,57,409.32040331376794
6558,70,3,58,472.31153868577906
6559,70,3,59,448.63424085881474
6560,70,3,60,405.7977739706824
6561,70,3,61,414.9481992870725
6562,70,3,62,438.87819402523996
6563,70,3,63,482.89951677162594
6564,70,3,64,424.0571207424749
6565,70,3,65,481.78335053543344
6566,70,3,66,421.331803601473
6567,70,3,67,485.0302531317543
6568,70,3,68,450.19764587145613
6569,70,3,69,421.9509911821351
6570,70,3,70,411.4204757333877
6571,70,3,71,406.4350227583409
6572,70,3,72,406.09236315024447
6573,70,3,73,450.6925575082965
6574,70,3,74,490.3507379683354
6575,70,3,75,434.80322451741023
6576,70,3,76,489.98182701588735
6577,70,3,77,433.6780014550967
6578,70,3,78,485.4784494351469
6579,70,3,79,422.9966927584501
6580,70,3,80,486.3542468706635
6581,70,3,81,424.1344251806976
6582,70,3,82,490.5976315193747
6583,70,3,83,490.50859354757745
6584,70,3,84,423.2493985270475
6585,70,3,85,402.13380258628695
6586,70,3,86,415.90111110468416
6587,70,3,87,426.6687657351309
6588,70,3,88,478.6345076220347
6589,70,3,89,406.1350936195817
6590,70,3,90,484.90455847300143
6591,70,3,91,434.0883463321549
6592,70,3,92,489.789525650391
6593,70,3,93,467.48142270021543
6594,70,3,94,457.007909892328
6595,70,3,95,405.91853605095673
6596,70,3,96,478.4736066472474
6597,70,3,97,445.22506204468453
6598,70,3,98,496.20089767318336
6599,70,3,99,424.20936152986843
6600,74,1,0,115.1350311341514
6601,74,1,1,118.9284040757897
6602,74,1,2,138.03059160704802
6603,74,1,3,149.00493238443056
6604,74,1,4,112.79389531026405
6605,74,1,5,155.34683702132816
6606,74,1,6,188.48542847261714
6607,74,1,7,140.72337556996166
6608,74,1,8,119.36814477627667
6609,74,1,9,163.00522024143243
6610,74,1,10,160.2472196827709
6611,74,1,11,157.33840311196545
6612,74,1,12,114.98675576686263
6613,74,1,13,162.80576160368088
6614,74,1,14,151.292853459563
6615,74,1,15,191.66191238051604
6616,74,1,16,189.65937244358054
6617,74,1,17,183.94040348017114
6618,74,1,18,174.87670225712395
6619,74,1,19,114.40663425945122
6620,74,1,20,115.92936355171275
6621,74,1,21,188.85175002838193
6622,74,1,22,113.29800987463851
6623,74,1,23,159.46830825118633
6624,74,1,24,98.5973374606087
6625,74,1,25,147.44721616306913
6626,74,1,26,165.96122846407556
6627,74,1,27,116.04636972745277
6628,74,1,28,186.87667547462055
6629,74,1,29,186.87532978482594
6630,74,1,30,170.06443829912274
6631,74,1,31,113.03563414624196
6632,74,1,32,150.11548952980326
6633,74,1,33,147.8819219760258
6634,74,1,34,134.98552862536377
6635,74,1,35,203.95642596916443
6636,74,1,36,144.934336813998
6637,74,1,37,165.17211454842376
6638,74,1,38,109.69633125248738
6639,74,1,39,150.71097275058116
6640,74,1,40,191.00826925889174
6641,74,1,41,148.5324865473178
6642,74,1,42,144.9985008007899
6643,74,1,43,152.42975320240353
6644,74,1,44,170.66915796920995
6645,74,1,45,194.7036488809192
6646,74,1,46,109.84146331100573
6647,74,1,47,189.46595431608608
6648,74,1,48,155.28581553028633
6649,74,1,49,109.14808108231398
6650,74,1,50,204.99996358454675
6651,74,1,51,163.2656703363652
6652,74,1,52,109.4064094741073
6653,74,1,53,185.19694873686623
6654,74,1,54,163.80315291480122
6655,74,1,55,173.2135297898909
6656,74,1,56,144.85778076501958
6657,74,1,57,171.1698636230804
6658,74,1,58,142.92137924601462
6659,74,1,59,167.86032207882027
6660,74,1,60,115.17596171190365
6661,74,1,61,155.8757591061925
6662,74,1,62,155.9239468007629
6663,74,1,63,204.41239052709608
6664,74,1,64,160.0090956169799
6665,74,1,65,112.07572930398585
6666,74,1,66,156.00182381586313
6667,74,1,67,131.1418215576997
6668,74,1,68,114.39033683200651
6669,74,1,69,191.5913713977226
6670,74,1,70,103.97823207015485
6671,74,1,71,164.27374060463947
6672,74,1,72,126.56081764174456
6673,74,1,73,129.3207099772197
6674,74,1,74,133.33194127126677
6675,74,1,75,174.87720047492044
6676,74,1,76,205.3845771042842
6677,74,1,77,151.80082369689322
6678,74,1,78,189.56822557545115
6679,74,1,79,111.51656919915722
6680,74,1,80,196.80297543121753
6681,74,1,81,108.5752221737144
6682,74,1,82,109.56923927776839
6683,74,1,83,115.11334365682416
6684,74,1,84,158.03142213922376
6685,74,1,85,113.82706417059251
6686,74,1,86,193.88313829205845
6687,74,1,87,115.13580316772351
6688,74,1,88,205.56960275663826
6689,74,1,89,170.4339708520493
6690,74,1,90,204.7955614420655
6691,74,1,91,193.7436122805815
6692,74,1,92,126.00748221174909
6693,74,1,93,125.72262309079935
6694,74,1,94,205.11763875347222
6695,74,1,95,170.39495966271778
6696,74,1,96,174.39844293590562
6697,74,1,97,149.95166982425843
6698,74,1,98,111.79828642791672
6699,74,1,99,113.25930775172438
6700,74,2,0,388.92870560341805
6701,74,2,1,362.2275672194564
6702,74,2,2,184.54367631393848
6703,74,2,3,156.0810078380848
6704,74,2,4,364.5227575455351
6705,74,2,5,207.62401786742194
6706,74,2,6,204.79092531496175
6707,74,2,7,144.8764895583137
6708,74,2,8,366.1058152808817
6709,74,2,9,152.79759194707069
6710,74,2,10,388.24733036928336
6711,74,2,11,366.17046054977834
6712,74,2,12,355.7619321255086
6713,74,2,13,215.30892453388256
6714,74,2,14,359.48313160997
6715,74,2,15,389.6148356765478
6716,74,2,16,182.0237829386949
6717,74,2,17,171.36327672128172
6718,74,2,18,217.5787179460697
6719,74,2,19,191.9604172526171
6720,74,2,20,215.64117135252724
6721,74,2,21,389.504288456264
6722,74,2,22,357.5162341791056
6723,74,2,23,219.47202674529026
6724,74,2,24,378.925358714472
6725,74,2,25,369.626832035374
6726,74,2,26,356.6655990799113
6727,74,2,27,213.0094309875088
6728,74,2,28,188.94188586878823
6729,74,2,29,201.46204712058304
6730,74,2,30,356.726522873896
6731,74,2,31,237.8945936539066
6732,74,2,32,379.5021840448402
6733,74,2,33,197.40470398178707
6734,74,2,34,365.14050557094544
6735,74,2,35,384.53191230163833
6736,74,2,36,378.69215197297035
6737,74,2,37,178.43631561793728
6738,74,2,38,355.7039956947144
6739,74,2,39,365.48238979053343
6740,74,2,40,218.41874795837822
6741,74,2,41,389.56144669542346
6742,74,2,42,155.60782824030417
6743,74,2,43,157.65117661607718
6744,74,2,44,389.5158826712737
6745,74,2,45,380.22271830510834
6746,74,2,46,387.667706791736
6747,74,2,47,178.9910106937745
6748,74,2,48,237.89621876696765
6749,74,2,49,237.683668831622
6750,74,2,50,392.95316990251115
6751,74,2,51,205.36354873711753
6752,74,2,52,237.8834074365083
6753,74,2,53,192.6023375116178
6754,74,2,54,390.915011920937
6755,74,2,55,390.2806810577006
6756,74,2,56,378.2413881028335
6757,74,2,57,358.0610879008554
6758,74,2,58,156.2109065311494
6759,74,2,59,400.54214005959847
6760,74,2,60,174.6113613584899
6761,74,2,61,192.44456121129033
6762,74,2,62,237.70532106830908
6763,74,2,63,175.39588868485922
6764,74,2,64,224.19354637005375
6765,74,2,65,237.86149351853817
6766,74,2,66,203.41303363001776
6767,74,2,67,381.2946318071191
6768,74,2,68,209.07625608260412
6769,74,2,69,386.81268211387925
6770,74,2,70,212.5250948395461
6771,74,2,71,236.50734862810558
6772,74,2,72,165.2845100214795
6773,74,2,73,377.38930034464164
6774,74,2,74,237.8916744919379
6775,74,2,75,370.8103369691409
6776,74,2,76,181.78671137337955
6777,74,2,77,193.83489867160552
6778,74,2,78,169.61784505732425
6779,74,2,79,210.62456323242145
6780,74,2,80,355.8721898197981
6781,74,2,81,387.3277692911642
6782,74,2,82,175.37297947322207
6783,74,2,83,235.4677489838968
6784,74,2,84,237.8673126897047
6785,74,2,85,355.59835324245
6786,74,2,86,394.92117825403426
6787,74,2,87,376.4352392954279
6788,74,2,88,237.8522884840073
6789,74,2,89,389.526223366574
6790,74,2,90,237.84461497315314
6791,74,2,91,355.7084106751169
6792,74,2,92,357.7522981890977
6793,74,2,93,192.40247582978975
6794,74,2,94,373.1286433899731
6795,74,2,95,210.21461527254758
6796,74,2,96,176.78002231625396
6797,74,2,97,218.2552717596287
6798,74,2,98,194.30257859683798
6799,74,2,99,237.86547410559913
6800,74,3,0,353.3190006066958
6801,74,3,1,355.03858356111044
6802,74,3,2,524.6028262069153
6803,74,3,3,531.9393072915263
6804,74,3,4,522.9249111548892
6805,74,3,5,536.8146535916011
6806,74,3,6,536.8933900508032
6807,74,3,7,533.1345306238929
6808,74,3,8,534.2431066101722
6809,74,3,9,536.0274163573957
6810,74,3,10,536.0955890681358
6811,74,3,11,536.7812656739873
6812,74,3,12,507.85654062968774
6813,74,3,13,384.43061243003143
6814,74,3,14,384.59261469636033
6815,74,3,15,532.1928091627603
6816,74,3,16,529.047015120523
6817,74,3,17,384.51525299027946
6818,74,3,18,518.697668658864
6819,74,3,19,507.9402619374412
6820,74,3,20,532.1603939489196
6821,74,3,21,508.9126675503836
6822,74,3,22,526.1506230410082
6823,74,3,23,532.5691249068501
6824,74,3,24,529.3867187057785
6825,74,3,25,528.5160997818751
6826,74,3,26,530.811290946068
6827,74,3,27,518.354769686324
6828,74,3,28,517.0897376238736
6829,74,3,29,365.1087615230549
6830,74,3,30,525.3433023987367
6831,74,3,31,535.2739818665124
6832,74,3,32,347.1350373513519
6833,74,3,33,521.8473268733812
6834,74,3,34,384.4661947672873
6835,74,3,35,535.510336505129
6836,74,3,36,527.3934746631886
6837,74,3,37,520.2105721383444
6838,74,3,38,384.5916896699381
6839,74,3,39,530.1010146300484
6840,74,3,40,384.40393218544824
6841,74,3,41,534.6403550729085
6842,74,3,42,520.977960106165
6843,74,3,43,528.9973041896818
6844,74,3,44,513.2637284294822
6845,74,3,45,515.8789327506066
6846,74,3,46,526.5721915951441
6847,74,3,47,357.5469429087646
6848,74,3,48,509.64159065042315
6849,74,3,49,524.8272338219549
6850,74,3,50,535.418517323882
6851,74,3,51,524.5049537288544
6852,74,3,52,515.4684133767257
6853,74,3,53,512.8994845566893
6854,74,3,54,384.5923856651788
6855,74,3,55,536.8605281092701
6856,74,3,56,508.5635168956649
6857,74,3,57,519.835679351401
6858,74,3,58,536.404603624023
6859,74,3,59,532.7480247348171
6860,74,3,60,529.3990503766911
6861,74,3,61,528.112249009318
6862,74,3,62,359.0944647421236
6863,74,3,63,531.4535007861729
6864,74,3,64,355.17206365342025
6865,74,3,65,520.8301092566168
6866,74,3,66,532.6474090129606
6867,74,3,67,535.6896380901195
6868,74,3,68,534.6447212349096
6869,74,3,69,527.7142028340149
6870,74,3,70,527.3218346660985
6871,74,3,71,384.5905800572486
6872,74,3,72,515.8028392586353
6873,74,3,73,354.7161103487501
6874,74,3,74,536.8834105755384
6875,74,3,75,532.0890130832904
6876,74,3,76,528.6744192772351
6877,74,3,77,384.42670199116554
6878,74,3,78,536.8459969804868
6879,74,3,79,529.383579661052
6880,74,3,80,530.5749672328229
6881,74,3,81,527.370456800479
6882,74,3,82,523.8229900674303
6883,74,3,83,534.4867612532724
6884,74,3,84,355.57426777366226
6885,74,3,85,531.4333086591778
6886,74,3,86,384.5876401793499
6887,74,3,87,528.3607644168865
6888,74,3,88,515.0615887827984
6889,74,3,89,534.7231937897396
6890,74,3,90,523.3627540068011
6891,74,3,91,371.819128909781
6892,74,3,92,517.6261681331072
6893,74,3,93,522.9715582326216
6894,74,3,94,384.60098853919106
6895,74,3,95,525.7585302883607
6896,74,3,96,520.3654981625502
6897,74,3,97,364.53006361055793
6898,74,3,98,534.7666733584653
6899,74,3,99,531.7778272929567
6900,80,1,0,72.65236908833823
6901,80,1,1,71.86797389374341
6902,80,1,2,83.08589401024331
6903,80,1,3,82.30293086868042
6904,80,1,4,78.77940519439734
6905,80,1,5,80.88903398243727
6906,80,1,6,73.85712329298293
6907,80,1,7,80.20137334396041
6908,80,1,8,280.0818054529742
6909,80,1,9,81.15798893501194
6910,80,1,10,208.47185182463966
6911,80,1,11,207.61333926260696
6912,80,1,12,77.59284707796563
6913,80,1,13,248.9205232651186
6914,80,1,14,256.61575366690374
6915,80,1,15,73.58494503007458
6916,80,1,16,79.57270684460443
6917,80,1,17,235.44442793469534
6918,80,1,18,80.62690560822766
6919,80,1,19,81.59097039328287
6920,80,1,20,207.50268403415842
6921,80,1,21,87.91380336887106
6922,80,1,22,99.86089806361217
6923,80,1,23,70.72073856069417
6924,80,1,24,74.56300617537124
6925,80,1,25,79.24381199577681
6926,80,1,26,80.28775007802659
6927,80,1,27,81.32872009239014
6928,80,1,28,79.9355278633715
6929,80,1,29,80.52139742527785
6930,80,1,30,81.31343716957073
6931,80,1,31,79.54885421099836
6932,80,1,32,79.28853447507717
6933,80,1,33,98.08329023358708
6934,80,1,34,235.82641195749434
6935,80,1,35,83.86876208477096
6936,80,1,36,83.18267591863973
6937,80,1,37,77.96906183533568
6938,80,1,38,207.7663136251095
6939,80,1,39,72.88682043291512
6940,80,1,40,77.15115405946462
6941,80,1,41,75.93135356284007
6942,80,1,42,77.83276110712698
6943,80,1,43,77.45105523957136
6944,80,1,44,80.02532707374756
6945,80,1,45,252.61482105821486
6946,80,1,46,207.45842197135408
6947,80,1,47,78.583090095854
6948,80,1,48,83.30763777118183
6949,80,1,49,77.64377985145764
6950,80,1,50,76.12174834715553
6951,80,1,51,81.37136746062377
6952,80,1,52,265.99994172197717
6953,80,1,53,248.0118910244421
6954,80,1,54,78.2485451116668
6955,80,1,55,75.68974671995173
6956,80,1,56,79.25261444334545
6957,80,1,57,249.77672842482204
6958,80,1,58,80.62023716458309
6959,80,1,59,76.5444328719626
6960,80,1,60,83.04213607514211
6961,80,1,61,258.7625866107765
6962,80,1,62,78.31498624968891
6963,80,1,63,76.32439419261856
6964,80,1,64,81.78238781628552
6965,80,1,65,73.27603003030308
6966,80,1,66,247.80437739373588
6967,80,1,67,81.43573930807658
6968,80,1,68,80.09885160431863
6969,80,1,69,75.57946158071225
6970,80,1,70,71.57435060268882
6971,80,1,71,238.66431553695668
6972,80,1,72,72.12029215670324
6973,80,1,73,230.81607266320296
6974,80,1,74,78.64521501793556
6975,80,1,75,70.71533094787135
6976,80,1,76,208.00603753231923
6977,80,1,77,265.1585198920032
6978,80,1,78,76.009168650357
6979,80,1,79,82.3496159645617
6980,80,1,80,71.69290257039566
6981,80,1,81,75.13638132781105
6982,80,1,82,240.79596132593178
6983,80,1,83,78.55776107170105
6984,80,1,84,208.67395734674196
6985,80,1,85,80.93958370135678
6986,80,1,86,83.31743370024564
6987,80,1,87,76.47019805182288
6988,80,1,88,207.45004576714547
6989,80,1,89,73.41634794912963
6990,80,1,90,80.81026193591046
6991,80,1,91,104.12234235131237
6992,80,1,92,79.33530879438015
6993,80,1,93,81.20028792477157
6994,80,1,94,76.02750999485691
6995,80,1,95,80.57802344295504
6996,80,1,96,74.08568446048986
6997,80,1,97,266.60444510220594
6998,80,1,98,207.5385956602088
6999,80,1,99,244.30080721110144
7000,80,2,0,357.6663481983186
7001,80,2,1,356.22511213361804
7002,80,2,2,357.61042429731594
7003,80,2,3,357.8645338632723
7004,80,2,4,357.62900608430317
7005,80,2,5,357.68873682600645
7006,80,2,6,358.1167809636196
7007,80,2,7,354.53643234925744
7008,80,2,8,376.0867432952926
7009,80,2,9,357.99488948192845
7010,80,2,10,359.0619599621078
7011,80,2,11,359.45948212284827
7012,80,2,12,357.6704561963223
7013,80,2,13,395.2897892473071
7014,80,2,14,358.06583077852326
7015,80,2,15,357.78239761645193
7016,80,2,16,357.60659934760764
7017,80,2,17,358.11241670546536
7018,80,2,18,357.611587434673
7019,80,2,19,348.07307779579526
7020,80,2,20,357.6800749924389
7021,80,2,21,357.6164764935527
7022,80,2,22,357.61201465200736
7023,80,2,23,357.698128418469
7024,80,2,24,380.93171399200145
7025,80,2,25,358.15042804312566
7026,80,2,26,357.6251529104341
7027,80,2,27,357.70775843791444
7028,80,2,28,359.1497199014313
7029,80,2,29,357.68332311607037
7030,80,2,30,368.96259077299516
7031,80,2,31,351.0894486958138
7032,80,2,32,357.6268450348322
7033,80,2,33,357.9045124145813
7034,80,2,34,374.3240352865245
7035,80,2,35,357.63884529832006
7036,80,2,36,357.6039610367837
7037,80,2,37,357.8430851062164
7038,80,2,38,357.6410525755516
7039,80,2,39,357.65248004035135
7040,80,2,40,357.6210063128443
7041,80,2,41,358.1023034138524
7042,80,2,42,357.6579799107479
7043,80,2,43,357.6295011561872
7044,80,2,44,357.6339909656851
7045,80,2,45,357.66160904746124
7046,80,2,46,358.68799746179553
7047,80,2,47,357.6568497455483
7048,80,2,48,357.70074875092195
7049,80,2,49,357.77096394793335
7050,80,2,50,357.64267346833685
7051,80,2,51,358.02295525913894
7052,80,2,52,357.7407688026605
7053,80,2,53,382.32832859275993
7054,80,2,54,357.821644283507
7055,80,2,55,354.7503954498582
7056,80,2,56,357.62607667332463
7057,80,2,57,357.6836518759847
7058,80,2,58,358.26339311055733
7059,80,2,59,357.6580328765265
7060,80,2,60,357.8116393082514
7061,80,2,61,357.82599111490447
7062,80,2,62,377.9220757783946
7063,80,2,63,357.6175367152143
7064,80,2,64,357.64543210602926
7065,80,2,65,357.6257243693907
7066,80,2,66,357.64557320166415
7067,80,2,67,357.75138533970016
7068,80,2,68,356.19619427739553
7069,80,2,69,358.1330719776363
7070,80,2,70,357.60988021181356
7071,80,2,71,357.610536610923
7072,80,2,72,357.7043312403473
7073,80,2,73,358.31875341396636
7074,80,2,74,378.01665276321984
7075,80,2,75,357.69671314837166
7076,80,2,76,357.6188475473591
7077,80,2,77,357.80784249027045
7078,80,2,78,357.7840399621746
7079,80,2,79,337.1054760448522
7080,80,2,80,372.99183384613934
7081,80,2,81,353.57418732727547
7082,80,2,82,357.68279059377437
7083,80,2,83,357.67920001893043
7084,80,2,84,337.381734620226
7085,80,2,85,357.6434978612388
7086,80,2,86,353.6279034426603
7087,80,2,87,357.6365236558024
7088,80,2,88,357.63173132816456
7089,80,2,89,357.61567207928226
7090,80,2,90,363.6398661966385
7091,80,2,91,357.744474421394
7092,80,2,92,341.6620528452532
7093,80,2,93,357.6334440045045
7094,80,2,94,357.7830501829034
7095,80,2,95,357.67300049749093
7096,80,2,96,358.87921057193853
7097,80,2,97,358.0428628954426
7098,80,2,98,357.61697494816076
7099,80,2,99,357.8402174317128
7100,80,3,0,536.6384831049681
7101,80,3,1,531.0943488979315
7102,80,3,2,535.0888853078942
7103,80,3,3,535.7683345209671
7104,80,3,4,516.0449147774685
7105,80,3,5,512.0193672398326
7106,80,3,6,522.3640079523049
7107,80,3,7,517.0473984030632
7108,80,3,8,365.46480929375497
7109,80,3,9,338.39914428518915
7110,80,3,10,519.9275512851939
7111,80,3,11,383.83963390591623
7112,80,3,12,526.1298568990446
7113,80,3,13,529.587810631506
7114,80,3,14,502.08085176821464
7115,80,3,15,515.0769027739343
7116,80,3,16,503.7277801649594
7117,80,3,17,518.9472372886283
7118,80,3,18,519.7307430115295
7119,80,3,19,526.0760107552123
7120,80,3,20,514.1585355251501
7121,80,3,21,522.670740647701
7122,80,3,22,531.4447697597168
7123,80,3,23,324.7597332409442
7124,80,3,24,536.2960467367897
7125,80,3,25,508.01896175676154
7126,80,3,26,517.6265734083223
7127,80,3,27,530.3058848726814
7128,80,3,28,351.25512162671777
7129,80,3,29,343.2816799407404
7130,80,3,30,535.4982293235133
7131,80,3,31,374.1360646157287
7132,80,3,32,383.80760819960744
7133,80,3,33,513.526672596369
7134,80,3,34,512.5299059429159
7135,80,3,35,534.3914842536254
7136,80,3,36,357.51755630629157
7137,80,3,37,361.2731282884532
7138,80,3,38,529.5672814651706
7139,80,3,39,369.9425537098002
7140,80,3,40,508.11635775480653
7141,80,3,41,526.2275781544387
7142,80,3,42,527.5905916218173
7143,80,3,43,520.5422365027213
7144,80,3,44,501.9239714639344
7145,80,3,45,530.0029544544876
7146,80,3,46,501.81932445767967
7147,80,3,47,514.1305081255389
7148,80,3,48,530.8102512418544
7149,80,3,49,518.412207730591
7150,80,3,50,501.8337864982221
7151,80,3,51,383.8015388792975
7152,80,3,52,529.4627556703331
7153,80,3,53,383.84140928663055
7154,80,3,54,516.4391944557159
7155,80,3,55,527.8406482095811
7156,80,3,56,371.01616269100197
7157,80,3,57,366.78809587899957
7158,80,3,58,532.307168397361
7159,80,3,59,511.386211900075
7160,80,3,60,522.4691026936969
7161,80,3,61,525.3145989994789
7162,80,3,62,528.7428383254711
7163,80,3,63,351.28480317428745
7164,80,3,64,344.5590039797584
7165,80,3,65,363.7328977477762
7166,80,3,66,364.25039160499176
7167,80,3,67,523.4792871802216
7168,80,3,68,528.1962395043387
7169,80,3,69,520.5394751021092
7170,80,3,70,534.5213374121538
7171,80,3,71,369.97350383668993
7172,80,3,72,536.163150250345
7173,80,3,73,347.65784945343836
7174,80,3,74,494.27591806764286
7175,80,3,75,534.4329868835933
7176,80,3,76,373.1260324378895
7177,80,3,77,502.5010970076286
7178,80,3,78,501.8290720815776
7179,80,3,79,360.36031325541205
7180,80,3,80,517.3723667363606
7181,80,3,81,532.5816083628318
7182,80,3,82,383.8461142113721
7183,80,3,83,507.91644379710397
7184,80,3,84,366.7111992194696
7185,80,3,85,515.4124567667902
7186,80,3,86,535.077563103295
7187,80,3,87,352.14521778835046
7188,80,3,88,515.2608657579727
7189,80,3,89,349.4776355419769
7190,80,3,90,520.757230791744
7191,80,3,91,529.6659108886088
7192,80,3,92,533.2294039776191
7193,80,3,93,515.2714665468291
7194,80,3,94,492.09056883780255
7195,80,3,95,336.65821071796444
7196,80,3,96,532.4078952779334
7197,80,3,97,530.4263202010574
7198,80,3,98,502.04228138774766
7199,80,3,99,502.0710982804942
7200,82,1,0,96.62995609626384
7201,82,1,1,96.65782808076372
7202,82,1,2,96.63589973851171
7203,82,1,3,96.05819898001413
7204,82,1,4,96.66999165192205
7205,82,1,5,96.66265381776353
7206,82,1,6,96.66438446776783
7207,82,1,7,96.62306260696391
7208,82,1,8,95.40505104726307
7209,82,1,9,96.62631631570416
7210,82,1,10,96.64873033152736
7211,82,1,11,96.66965998176302
7212,82,1,12,96.67644915561023
7213,82,1,13,96.67584453701303
7214,82,1,14,96.4836375908081
7215,82,1,15,96.60291606657233
7216,82,1,16,96.46143772300911
7217,82,1,17,67.10393009900847
7218,82,1,18,96.66191250635995
7219,82,1,19,96.55664991946988
7220,82,1,20,96.54405365572035
7221,82,1,21,96.50391560690665
7222,82,1,22,96.61954396242305
7223,82,1,23,96.67328997323705
7224,82,1,24,96.6642819475245
7225,82,1,25,96.66052154414142
7226,82,1,26,96.52227566717966
7227,82,1,27,96.61355354015102
7228,82,1,28,96.63448262135472
7229,82,1,29,96.63507951736874
7230,82,1,30,96.53387513101563
7231,82,1,31,96.64406866023374
7232,82,1,32,96.44241969280162
7233,82,1,33,96.6781767570495
7234,82,1,34,96.36091219911083
7235,82,1,35,96.5926664707661
7236,82,1,36,96.2398246437532
7237,82,1,37,96.29335398964346
7238,82,1,38,96.64161078080512
7239,82,1,39,96.56320018599196
7240,82,1,40,96.67358015427841
7241,82,1,41,96.62292572651218
7242,82,1,42,95.81161158538741
7243,82,1,43,96.47636397131116
7244,82,1,44,96.54392541791617
7245,82,1,45,69.35137064544136
7246,82,1,46,96.6647676242517
7247,82,1,47,96.60735400692734
7248,82,1,48,96.66975930739976
7249,82,1,49,96.5140612690456
7250,82,1,50,95.99187017126384
7251,82,1,51,228.05309890845652
7252,82,1,52,64.71816489866131
7253,82,1,53,96.62797515523033
7254,82,1,54,96.50418330698382
7255,82,1,55,96.62282648102764
7256,82,1,56,76.04435761683848
7257,82,1,57,96.59761925616289
7258,82,1,58,96.5549772254381
7259,82,1,59,96.56674514031587
7260,82,1,60,96.49867272814095
7261,82,1,61,222.64115322414258
7262,82,1,62,96.52136731758925
7263,82,1,63,216.24825177779277
7264,82,1,64,96.66901291663147
7265,82,1,65,65.99270359103997
7266,82,1,66,96.67337562461265
7267,82,1,67,96.66343587647887
7268,82,1,68,96.67411966394938
7269,82,1,69,96.5749789210855
7270,82,1,70,96.51596885841849
7271,82,1,71,96.66225943843413
7272,82,1,72,96.08637472937778
7273,82,1,73,96.67208331902553
7274,82,1,74,96.65199036048465
7275,82,1,75,75.54592960420258
7276,82,1,76,96.6171303331561
7277,82,1,77,96.63794149758476
7278,82,1,78,96.66542357160081
7279,82,1,79,96.57953299131513
7280,82,1,80,96.65645148432708
7281,82,1,81,96.61385071970935
7282,82,1,82,63.85795125416598
7283,82,1,83,96.6429149117247
7284,82,1,84,67.95914229311336
7285,82,1,85,96.67702908765105
7286,82,1,86,70.82552714240292
7287,82,1,87,96.63848139065324
7288,82,1,88,96.53791320640454
7289,82,1,89,96.6174235816364
7290,82,1,90,96.4369214191324
7291,82,1,91,96.61164274988694
7292,82,1,92,96.47521936026216
7293,82,1,93,96.64876980656607
7294,82,1,94,96.34857452379543
7295,82,1,95,96.47359035445318
7296,82,1,96,96.28661602785492
7297,82,1,97,96.65621089203522
7298,82,1,98,96.49430985934431
7299,82,1,99,96.52649220595706
7300,82,2,0,223.58808797437771
7301,82,2,1,217.31371579287605
7302,82,2,2,225.96749989490854
7303,82,2,3,214.08291265960224
7304,82,2,4,214.69373904352216
7305,82,2,5,220.2862962503146
7306,82,2,6,371.2900741639861
7307,82,2,7,207.09080767226047
7308,82,2,8,360.55245519267794
7309,82,2,9,375.2089361711056
7310,82,2,10,377.8258291798774
7311,82,2,11,234.323534937983
7312,82,2,12,218.34547624582288
7313,82,2,13,197.63969402500987
7314,82,2,14,223.3271230040166
7315,82,2,15,381.59489576491393
7316,82,2,16,224.95781344408041
7317,82,2,17,220.02745660970652
7318,82,2,18,389.5109794790575
7319,82,2,19,360.5150120285055
7320,82,2,20,217.99605240434968
7321,82,2,21,200.39724921006854
7322,82,2,22,360.48868732846233
7323,82,2,23,362.9716239726693
7324,82,2,24,377.1837839435412
7325,82,2,25,212.77560216446534
7326,82,2,26,383.34946121073045
7327,82,2,27,222.24131573337758
7328,82,2,28,373.2448389540427
7329,82,2,29,361.6166788808892
7330,82,2,30,375.01949338390006
7331,82,2,31,220.12634821674183
7332,82,2,32,360.58863449806444
7333,82,2,33,230.64310378453993
7334,82,2,34,234.4094042623367
7335,82,2,35,215.04809654539596
7336,82,2,36,234.35589493229762
7337,82,2,37,389.18264467273514
7338,82,2,38,397.8628554268321
7339,82,2,39,376.3097290772824
7340,82,2,40,379.1983003867211
7341,82,2,41,220.88206872593955
7342,82,2,42,220.81171612631252
7343,82,2,43,368.5783917722789
7344,82,2,44,231.66049010439733
7345,82,2,45,377.74035348033954
7346,82,2,46,200.40182048171735
7347,82,2,47,206.61782556516198
7348,82,2,48,232.4719707378752
7349,82,2,49,220.87448673243856
7350,82,2,50,360.4898945893396
7351,82,2,51,216.82217649892172
7352,82,2,52,224.04736115565606
7353,82,2,53,234.36925465146928
7354,82,2,54,395.0114832930245
7355,82,2,55,212.3524026683061
7356,82,2,56,230.58715573996702
7357,82,2,57,370.7951550949362
7358,82,2,58,382.1962579143015
7359,82,2,59,226.15472103233887
7360,82,2,60,360.58977502746944
7361,82,2,61,372.9966506902461
7362,82,2,62,378.3707000323473
7363,82,2,63,229.619312183412
7364,82,2,64,202.30667344789003
7365,82,2,65,228.74084788592168
7366,82,2,66,216.34491933786143
7367,82,2,67,360.48919843991587
7368,82,2,68,360.82925465976456
7369,82,2,69,207.15829223036965
7370,82,2,70,360.4870631076526
7371,82,2,71,219.80790635839568
7372,82,2,72,360.5630748032174
7373,82,2,73,226.76792829312143
7374,82,2,74,223.52132011636846
7375,82,2,75,223.60106587316236
7376,82,2,76,372.2476568560591
7377,82,2,77,227.4032109563634
7378,82,2,78,360.75062720729443
7379,82,2,79,234.50247536410075
7380,82,2,80,361.3751077866121
7381,82,2,81,223.5424916825911
7382,82,2,82,384.22035225503686
7383,82,2,83,234.12269043059752
7384,82,2,84,228.58487247247405
7385,82,2,85,377.278120053788
7386,82,2,86,206.21589338493354
7387,82,2,87,365.04563793292755
7388,82,2,88,222.83494256284615
7389,82,2,89,389.0159619547677
7390,82,2,90,217.30478325699954
7391,82,2,91,233.60194028568046
7392,82,2,92,229.17686053904433
7393,82,2,93,234.4158595773241
7394,82,2,94,220.93852768709766
7395,82,2,95,211.06980104224215
7396,82,2,96,210.00579244015228
7397,82,2,97,226.74882277853484
7398,82,2,98,233.37982702644607
7399,82,2,99,385.59040651306333
7400,82,3,0,355.1397589901871
7401,82,3,1,377.60431119289825
7402,82,3,2,374.2560149723385
7403,82,3,3,510.08813128644886
7404,82,3,4,391.94041384205815
7405,82,3,5,368.47416409407066
7406,82,3,6,502.32423557332686
7407,82,3,7,338.333936020848
7408,82,3,8,362.5010295315449
7409,82,3,9,327.3897602934426
7410,82,3,10,330.13229448106534
7411,82,3,11,392.26825666861305
7412,82,3,12,380.5949012668056
7413,82,3,13,343.7915101430276
7414,82,3,14,366.9588192556079
7415,82,3,15,369.7905074480895
7416,82,3,16,335.6912073587495
7417,82,3,17,353.56991598838323
7418,82,3,18,373.9008602439297
7419,82,3,19,392.30472313514264
7420,82,3,20,368.8683556415335
7421,82,3,21,363.32600493910104
7422,82,3,22,356.41946087696715
7423,82,3,23,342.4220581808288
7424,82,3,24,338.76618269976586
7425,82,3,25,392.37727803816335
7426,82,3,26,316.9384354515344
7427,82,3,27,330.76412993098836
7428,82,3,28,533.6385268302917
7429,82,3,29,385.85383617795804
7430,82,3,30,371.49740591902275
7431,82,3,31,502.6924898219926
7432,82,3,32,349.26086470923667
7433,82,3,33,392.3013250103794
7434,82,3,34,348.91460698191
7435,82,3,35,380.9018634309438
7436,82,3,36,371.8226857874704
7437,82,3,37,354.2167124507547
7438,82,3,38,392.34687940074224
7439,82,3,39,366.89149051444514
7440,82,3,40,321.8381283905332
7441,82,3,41,335.9371656742671
7442,82,3,42,392.3032742720644
7443,82,3,43,366.954135373467
7444,82,3,44,527.229224664682
7445,82,3,45,328.1798354339612
7446,82,3,46,503.04826807140955
7447,82,3,47,392.35513279097813
7448,82,3,48,392.2072454110107
7449,82,3,49,364.04486865168377
7450,82,3,50,392.376847316322
7451,82,3,51,367.3635935988503
7452,82,3,52,392.3458287570876
7453,82,3,53,392.1461409650915
7454,82,3,54,392.3725883229543
7455,82,3,55,374.18166275579165
7456,82,3,56,387.93130862651697
7457,82,3,57,336.58040255809334
7458,82,3,58,372.6443915640621
7459,82,3,59,392.2686255101556
7460,82,3,60,521.8080088003477
7461,82,3,61,350.0083521233321
7462,82,3,62,392.3398207875801
7463,82,3,63,338.95121250983965
7464,82,3,64,392.27525267294305
7465,82,3,65,366.3620881209406
7466,82,3,66,329.3087769365822
7467,82,3,67,392.37097149794636
7468,82,3,68,392.26987698285177
7469,82,3,69,378.1363935425155
7470,82,3,70,392.36712639724186
7471,82,3,71,502.6262854464013
7472,82,3,72,392.27461604928425
7473,82,3,73,392.36399818165296
7474,82,3,74,350.2381699278068
7475,82,3,75,508.08602950078875
7476,82,3,76,502.6876754520639
7477,82,3,77,392.29693382602926
7478,82,3,78,328.8218955961574
7479,82,3,79,365.236165193157
7480,82,3,80,369.9561184577814
7481,82,3,81,362.1131252595188
7482,82,3,82,374.29497233320274
7483,82,3,83,392.3506303839619
7484,82,3,84,392.37955428962425
7485,82,3,85,356.3598487024818
7486,82,3,86,349.2067694503102
7487,82,3,87,378.4620800549495
7488,82,3,88,377.6468667742382
7489,82,3,89,381.0638034249961
7490,82,3,90,325.3378642911735
7491,82,3,91,392.35136197533154
7492,82,3,92,361.72366029127846
7493,82,3,93,392.3779264032668
7494,82,3,94,360.7533020412704
7495,82,3,95,345.2105957420384
7496,82,3,96,355.26676912794983
7497,82,3,97,361.6549782139374
7498,82,3,98,379.29204244669455
7499,82,3,99,357.8331187932728
7500,84,1,0,74.66296763832662
7501,84,1,1,263.83149709064514
7502,84,1,2,85.4401327318969
7503,84,1,3,251.15619173200915
7504,84,1,4,213.76254951641656
7505,84,1,5,213.80797612905533
7506,84,1,6,78.75924645541006
7507,84,1,7,236.6435616632826
7508,84,1,8,213.87006454890815
7509,84,1,9,266.0518628961696
7510,84,1,10,83.84024089598279
7511,84,1,11,97.14111540877667
7512,84,1,12,245.35738114608137
7513,84,1,13,228.98255516612608
7514,84,1,14,99.12959248516103
7515,84,1,15,257.03356963734024
7516,84,1,16,253.26991857865178
7517,84,1,17,236.9876698323515
7518,84,1,18,213.93879942086085
7519,84,1,19,252.1616906360118
7520,84,1,20,82.57756245166796
7521,84,1,21,254.45387342430308
7522,84,1,22,71.6813647673868
7523,84,1,23,258.88196218240984
7524,84,1,24,250.30196235804482
7525,84,1,25,99.11962680174145
7526,84,1,26,213.82859755267276
7527,84,1,27,72.7959016329697
7528,84,1,28,98.21925467645966
7529,84,1,29,214.00031624946766
7530,84,1,30,237.35008853054006
7531,84,1,31,242.09135556436752
7532,84,1,32,213.75180464432788
7533,84,1,33,63.37742226634162
7534,84,1,34,87.23593894156288
7535,84,1,35,99.0557818313116
7536,84,1,36,213.75392691019096
7537,84,1,37,239.1978646722431
7538,84,1,38,78.85118631047547
7539,84,1,39,250.04547301275383
7540,84,1,40,274.7929556129185
7541,84,1,41,213.7523316643665
7542,84,1,42,213.74832393509726
7543,84,1,43,237.40355548211113
7544,84,1,44,213.77847971642763
7545,84,1,45,263.1586655933596
7546,84,1,46,213.7548148798197
7547,84,1,47,63.35565645510126
7548,84,1,48,248.5032980059267
7549,84,1,49,260.18437965916064
7550,84,1,50,264.70958088314745
7551,84,1,51,251.128838711161
7552,84,1,52,237.92854706319972
7553,84,1,53,247.221553639843
7554,84,1,54,213.7993715268406
7555,84,1,55,213.79167085737254
7556,84,1,56,213.99380694292338
7557,84,1,57,99.01286001871304
7558,84,1,58,75.86884267781488
7559,84,1,59,251.48873737241567
7560,84,1,60,213.80887354895393
7561,84,1,61,230.44504054146924
7562,84,1,62,99.17546753108515
7563,84,1,63,213.74910817537682
7564,84,1,64,213.97049969628404
7565,84,1,65,63.46539813782775
7566,84,1,66,65.8136870523528
7567,84,1,67,213.79479751018488
7568,84,1,68,99.18056996587836
7569,84,1,69,213.7681227698719
7570,84,1,70,99.1499396626821
7571,84,1,71,258.6408430024143
7572,84,1,72,213.8216123636359
7573,84,1,73,213.8781707375094
7574,84,1,74,213.89965777805264
7575,84,1,75,233.81270450004226
7576,84,1,76,243.94002566109938
7577,84,1,77,213.8247496731223
7578,84,1,78,86.0260505457972
7579,84,1,79,99.18360117912117
7580,84,1,80,244.17306990238066
7581,84,1,81,89.12948983377468
7582,84,1,82,213.82652416458149
7583,84,1,83,242.2659554845697
7584,84,1,84,213.7482785999833
7585,84,1,85,72.6194788768461
7586,84,1,86,249.27844762802746
7587,84,1,87,251.36860864782196
7588,84,1,88,213.76639947122433
7589,84,1,89,213.7658926843364
7590,84,1,90,213.7649381596017
7591,84,1,91,73.5920538537404
7592,84,1,92,249.68494541356807
7593,84,1,93,213.95460149450278
7594,84,1,94,213.8795209636429
7595,84,1,95,251.6812812915784
7596,84,1,96,213.76342473884122
7597,84,1,97,230.62476264041916
7598,84,1,98,214.28504213157655
7599,84,1,99,245.10129639480553
7600,84,2,0,369.06059441321986
7601,84,2,1,217.6527723409445
7602,84,2,2,365.61667673281374
7603,84,2,3,369.0259763655077
7604,84,2,4,367.6898364974385
7605,84,2,5,368.1224331091079
7606,84,2,6,369.0988229788448
7607,84,2,7,394.27286763494374
7608,84,2,8,220.5999876053945
7609,84,2,9,366.81763278662197
7610,84,2,10,365.05243694374496
7611,84,2,11,228.40182774288536
7612,84,2,12,366.8741973881712
7613,84,2,13,232.7622546371458
7614,84,2,14,232.92666165068994
7615,84,2,15,381.59382901484054
7616,84,2,16,240.27828351330433
7617,84,2,17,380.02216445898176
7618,84,2,18,388.01792730882755
7619,84,2,19,369.56471184590794
7620,84,2,20,369.22900116694484
7621,84,2,21,221.50640430713787
7622,84,2,22,215.19366191478932
7623,84,2,23,216.82832597384757
7624,84,2,24,205.44315492537064
7625,84,2,25,383.7983650767929
7626,84,2,26,391.8014578666695
7627,84,2,27,157.5265488479884
7628,84,2,28,382.27413500241715
7629,84,2,29,368.3777664460001
7630,84,2,30,384.50192286788973
7631,84,2,31,369.64797636671307
7632,84,2,32,368.5060888381736
7633,84,2,33,229.22574663064123
7634,84,2,34,370.0259692982315
7635,84,2,35,388.12766256142805
7636,84,2,36,379.70784896296317
7637,84,2,37,374.75463919073695
7638,84,2,38,196.06264844252934
7639,84,2,39,240.42509835280364
7640,84,2,40,365.4148799274844
7641,84,2,41,370.14983262033417
7642,84,2,42,387.87589391121145
7643,84,2,43,366.732128858449
7644,84,2,44,214.96709555403763
7645,84,2,45,240.17029483607112
7646,84,2,46,366.6395119647742
7647,84,2,47,370.3238274882447
7648,84,2,48,237.01212959498284
7649,84,2,49,381.2524834772553
7650,84,2,50,366.84519667685845
7651,84,2,51,382.8906829191235
7652,84,2,52,374.6137653180142
7653,84,2,53,240.3807439254012
7654,84,2,54,369.79266621641875
7655,84,2,55,375.79862976930394
7656,84,2,56,367.379928498042
7657,84,2,57,217.12797292753936
7658,84,2,58,368.4105383437855
7659,84,2,59,188.15910650206774
7660,84,2,60,202.7975450062253
7661,84,2,61,237.22497604674754
7662,84,2,62,184.99913859375621
7663,84,2,63,367.8733503455627
7664,84,2,64,370.6768445894718
7665,84,2,65,371.458491638394
7666,84,2,66,222.19809322392075
7667,84,2,67,234.83175626017345
7668,84,2,68,203.17989718449437
7669,84,2,69,365.8660572782634
7670,84,2,70,379.5588397433282
7671,84,2,71,366.25783788540406
7672,84,2,72,201.10709775319015
7673,84,2,73,368.0287603681551
7674,84,2,74,369.4413605900406
7675,84,2,75,240.47254686339014
7676,84,2,76,366.03088611140413
7677,84,2,77,216.12283101155464
7678,84,2,78,193.65118981234417
7679,84,2,79,368.4425358267826
7680,84,2,80,221.82470348103334
7681,84,2,81,367.82888050657397
7682,84,2,82,212.66977815993445
7683,84,2,83,375.1901548270789
7684,84,2,84,225.02382103249298
7685,84,2,85,240.39897295670042
7686,84,2,86,240.30472255708912
7687,84,2,87,191.2293177026957
7688,84,2,88,378.758281884407
7689,84,2,89,370.0543457904729
7690,84,2,90,219.635052350065
7691,84,2,91,378.0474887045346
7692,84,2,92,219.21506282901925
7693,84,2,93,212.52415513096227
7694,84,2,94,227.71672891554516
7695,84,2,95,366.75053734616
7696,84,2,96,382.6875103381604
7697,84,2,97,370.7723633950522
7698,84,2,98,198.45718513979014
7699,84,2,99,365.0626099405992
7700,84,3,0,381.1118757214212
7701,84,3,1,517.3375608146558
7702,84,3,2,527.2608485325328
7703,84,3,3,500.1617254749114
7704,84,3,4,536.0933860819333
7705,84,3,5,514.2417100436157
7706,84,3,6,529.6296218897597
7707,84,3,7,499.9500591185601
7708,84,3,8,536.1443132565031
7709,84,3,9,533.5626105837098
7710,84,3,10,500.0390398233399
7711,84,3,11,377.26296845503407
7712,84,3,12,374.95540319356024
7713,84,3,13,382.4376847116324
7714,84,3,14,499.9333052071703
7715,84,3,15,500.29854850570877
7716,84,3,16,499.9339206511802
7717,84,3,17,379.95450641731736
7718,84,3,18,500.01040701751396
7719,84,3,19,500.0488598952691
7720,84,3,20,500.2392094474264
7721,84,3,21,377.59867616327756
7722,84,3,22,500.0333770447363
7723,84,3,23,499.9289791968091
7724,84,3,24,500.7655906995277
7725,84,3,25,534.9633072303154
7726,84,3,26,500.03258944918315
7727,84,3,27,533.7296179825566
7728,84,3,28,499.94495762135176
7729,84,3,29,530.7532261668529
7730,84,3,30,499.94910271499384
7731,84,3,31,358.83762063816783
7732,84,3,32,499.9327562712489
7733,84,3,33,375.71216283685754
7734,84,3,34,522.9689721949759
7735,84,3,35,529.103288051279
7736,84,3,36,518.3716411285083
7737,84,3,37,536.7916877370908
7738,84,3,38,520.6293152641442
7739,84,3,39,380.39658489889604
7740,84,3,40,532.9712553982457
7741,84,3,41,499.9795561046432
7742,84,3,42,500.1301111399057
7743,84,3,43,528.2340981919092
7744,84,3,44,499.9514734642181
7745,84,3,45,374.21677680695177
7746,84,3,46,518.2880083660717
7747,84,3,47,516.7721775723867
7748,84,3,48,500.04211708779917
7749,84,3,49,517.8328188590214
7750,84,3,50,499.9208889999383
7751,84,3,51,378.2034656656298
7752,84,3,52,500.7938886192881
7753,84,3,53,499.9262651684094
7754,84,3,54,500.05098561453826
7755,84,3,55,499.9373964961476
7756,84,3,56,499.9290790743403
7757,84,3,57,377.224191633014
7758,84,3,58,499.92418591731973
7759,84,3,59,499.97913454325794
7760,84,3,60,499.9226195580748
7761,84,3,61,375.5229999389362
7762,84,3,62,500.34538569133014
7763,84,3,63,500.11388222076005
7764,84,3,64,500.0001952144021
7765,84,3,65,500.01428002020714
7766,84,3,66,500.1011621723888
7767,84,3,67,379.6473966437434
7768,84,3,68,499.946449413777
7769,84,3,69,499.9249707670318
7770,84,3,70,500.2220954656047
7771,84,3,71,534.1941592445556
7772,84,3,72,382.0207090413907
7773,84,3,73,499.994860736765
7774,84,3,74,500.0802977997403
7775,84,3,75,500.23520308703854
7776,84,3,76,499.96052061937115
7777,84,3,77,500.37853376535577
7778,84,3,78,500.1047901809733
7779,84,3,79,533.2522059672775
7780,84,3,80,499.9934335888661
7781,84,3,81,499.94007693678293
7782,84,3,82,499.9363561170199
7783,84,3,83,378.3088063349121
7784,84,3,84,500.2213973677866
7785,84,3,85,516.8453576150406
7786,84,3,86,499.9323861458588
7787,84,3,87,532.0476091506665
7788,84,3,88,499.94730847015876
7789,84,3,89,532.0818421007805
7790,84,3,90,519.8395645394517
7791,84,3,91,500.2576175115714
7792,84,3,92,499.92093312856133
7793,84,3,93,513.9361270332646
7794,84,3,94,514.32396727564
7795,84,3,95,499.9397298569618
7796,84,3,96,499.9830551001788
7797,84,3,97,499.9441340355137
7798,84,3,98,500.2069656092039
7799,84,3,99,530.315616716143
7800,86,1,0,87.7522495542585
7801,86,1,1,87.56015669568484
7802,86,1,2,250.96314928470935
7803,86,1,3,88.03050526434126
7804,86,1,4,88.1504210999756
7805,86,1,5,87.6301324091797
7806,86,1,6,87.75842991528975
7807,86,1,7,88.16896154147018
7808,86,1,8,88.12379024087618
7809,86,1,9,88.14802672422107
7810,86,1,10,88.18240708246236
7811,86,1,11,87.76453524145278
7812,86,1,12,280.1292332361609
7813,86,1,13,210.29617350977267
7814,86,1,14,88.19312438462057
7815,86,1,15,88.12248076945531
7816,86,1,16,87.72023692431407
7817,86,1,17,100.05640740695611
7818,86,1,18,87.56756852789522
7819,86,1,19,87.97804851806589
7820,86,1,20,95.36460521158037
7821,86,1,21,87.57023008510912
7822,86,1,22,98.35941325930543
7823,86,1,23,88.03998240415389
7824,86,1,24,106.023140224184
7825,86,1,25,87.75698298100146
7826,86,1,26,251.7526359821503
7827,86,1,27,262.7953787054923
7828,86,1,28,87.61701042929589
7829,86,1,29,87.95035868915203
7830,86,1,30,88.09494077059121
7831,86,1,31,87.7835702576806
7832,86,1,32,87.78590132483612
7833,86,1,33,87.6844010375166
7834,86,1,34,87.94695748120684
7835,86,1,35,86.76355925519805
7836,86,1,36,87.67657033438093
7837,86,1,37,90.39871067273845
7838,86,1,38,87.81535784378445
7839,86,1,39,87.96624952785109
7840,86,1,40,87.95752494312326
7841,86,1,41,210.48143539621896
7842,86,1,42,87.69054041868094
7843,86,1,43,210.32708762742894
7844,86,1,44,88.11053212563004
7845,86,1,45,87.9445710419711
7846,86,1,46,87.52599548791193
7847,86,1,47,87.39480023487425
7848,86,1,48,210.27084256336144
7849,86,1,49,245.94300737753187
7850,86,1,50,291.9556032569336
7851,86,1,51,86.69718294283487
7852,86,1,52,87.73654589249091
7853,86,1,53,87.82859568471902
7854,86,1,54,93.13304794969926
7855,86,1,55,87.57348950361764
7856,86,1,56,210.31921309377051
7857,86,1,57,87.59794267121389
7858,86,1,58,104.58139629372941
7859,86,1,59,241.86438482700302
7860,86,1,60,87.76868422911322
7861,86,1,61,87.80810205588058
7862,86,1,62,87.65460450518357
7863,86,1,63,87.63642471324202
7864,86,1,64,210.36068692294222
7865,86,1,65,87.94114020804925
7866,86,1,66,87.79763045148232
7867,86,1,67,82.38720587824305
7868,86,1,68,84.40841993840962
7869,86,1,69,83.41365776356685
7870,86,1,70,87.78012586495709
7871,86,1,71,87.64695923265229
7872,86,1,72,88.12215140638583
7873,86,1,73,210.36476068368404
7874,86,1,74,210.29896521570913
7875,86,1,75,88.1745442714002
7876,86,1,76,88.1989546925638
7877,86,1,77,87.83261308177327
7878,86,1,78,250.31265962589606
7879,86,1,79,87.99922703344747
7880,86,1,80,86.91806958954044
7881,86,1,81,210.26023382623967
7882,86,1,82,210.52523771741784
7883,86,1,83,87.05874083060841
7884,86,1,84,87.54326355739458
7885,86,1,85,276.5358745635093
7886,86,1,86,210.25726345991862
7887,86,1,87,87.85638300826959
7888,86,1,88,87.68999313980792
7889,86,1,89,87.6013257015184
7890,86,1,90,88.12229438510938
7891,86,1,91,87.89846893840138
7892,86,1,92,87.88361324972547
7893,86,1,93,88.00630329962189
7894,86,1,94,276.15369904656205
7895,86,1,95,284.4410916402816
7896,86,1,96,309.0087963123094
7897,86,1,97,87.98207087487329
7898,86,1,98,88.03404743287315
7899,86,1,99,88.2472615923144
7900,86,2,0,256.91814786418126
7901,86,2,1,253.9722460125905
7902,86,2,2,298.210638005552
7903,86,2,3,299.99613960199906
7904,86,2,4,336.4596605929078
7905,86,2,5,288.6449717169973
7906,86,2,6,295.0771228001717
7907,86,2,7,281.9943468387143
7908,86,2,8,341.0658680220055
7909,86,2,9,278.0381128986379
7910,86,2,10,302.60713556347525
7911,86,2,11,319.7413348127124
7912,86,2,12,311.16241194334833
7913,86,2,13,279.4148465920087
7914,86,2,14,316.0602809443782
7915,86,2,15,281.5596208383461
7916,86,2,16,289.221135554729
7917,86,2,17,300.0603296860854
7918,86,2,18,306.17284456840474
7919,86,2,19,265.62911613720877
7920,86,2,20,338.7599450076277
7921,86,2,21,257.17228909605143
7922,86,2,22,310.2954859289898
7923,86,2,23,340.6607901957502
7924,86,2,24,339.71377849465716
7925,86,2,25,307.16234712137026
7926,86,2,26,288.0369225239275
7927,86,2,27,319.54871969440654
7928,86,2,28,326.01957698792376
7929,86,2,29,257.6577786664425
7930,86,2,30,335.78979260140096
7931,86,2,31,322.037440634465
7932,86,2,32,280.9005177737173
7933,86,2,33,262.6834368327785
7934,86,2,34,273.9165434953105
7935,86,2,35,316.26626190524865
7936,86,2,36,325.2745503930106
7937,86,2,37,316.2216335080022
7938,86,2,38,278.67261830276874
7939,86,2,39,318.4193024928343
7940,86,2,40,264.01748928673527
7941,86,2,41,283.7802301448476
7942,86,2,42,352.9093213143307
7943,86,2,43,280.92850558524697
7944,86,2,44,262.84667082356316
7945,86,2,45,272.57988887976967
7946,86,2,46,304.63107212785013
7947,86,2,47,342.8013676954732
7948,86,2,48,304.45521783748796
7949,86,2,49,320.52596135950546
7950,86,2,50,321.8424607798314
7951,86,2,51,353.28282750248974
7952,86,2,52,301.7190966864329
7953,86,2,53,302.6441754111079
7954,86,2,54,263.3764931310778
7955,86,2,55,341.9003360618427
7956,86,2,56,258.00492484099544
7957,86,2,57,335.87444804715466
7958,86,2,58,258.6159047990359
7959,86,2,59,275.27860714055356
7960,86,2,60,320.74767304155444
7961,86,2,61,316.9056906264175
7962,86,2,62,259.87036229163414
7963,86,2,63,293.59284307352857
7964,86,2,64,261.7328755766998
7965,86,2,65,338.686389400633
7966,86,2,66,337.121771238768
7967,86,2,67,314.6938862898727
7968,86,2,68,247.72508097593285
7969,86,2,69,318.8309954609836
7970,86,2,70,343.10355810079136
7971,86,2,71,266.90078652480446
7972,86,2,72,342.9647894965081
7973,86,2,73,332.95636042943806
7974,86,2,74,301.38726270830495
7975,86,2,75,340.45379492810116
7976,86,2,76,308.2165418530041
7977,86,2,77,318.737084326982
7978,86,2,78,289.35008092360005
7979,86,2,79,268.2723623922393
7980,86,2,80,312.09967267439606
7981,86,2,81,353.08239681670443
7982,86,2,82,305.98006434263016
7983,86,2,83,310.8577728153948
7984,86,2,84,313.71286148784736
7985,86,2,85,308.7060302876572
7986,86,2,86,292.9371110694482
7987,86,2,87,342.79286375726906
7988,86,2,88,339.3641909136215
7989,86,2,89,342.32568373883083
7990,86,2,90,338.4120637289052
7991,86,2,91,256.75073388474243
7992,86,2,92,337.4222507196111
7993,86,2,93,253.95925392671668
7994,86,2,94,287.09052369375314
7995,86,2,95,275.6038507177403
7996,86,2,96,341.1000902666114
7997,86,2,97,264.0354490895547
7998,86,2,98,254.40437229598476
7999,86,2,99,268.2067261246615
8000,86,3,0,363.1660915134302
8001,86,3,1,373.49391036249983
8002,86,3,2,536.5349143949311
8003,86,3,3,504.4835998910547
8004,86,3,4,295.78286339717715
8005,86,3,5,330.035519659267
8006,86,3,6,354.3740325804701
8007,86,3,7,363.3371085699868
8008,86,3,8,363.4370987491867
8009,86,3,9,362.57454327431475
8010,86,3,10,352.154804691833
8011,86,3,11,325.4490196196332
8012,86,3,12,312.49128873236094
8013,86,3,13,311.03369957924156
8014,86,3,14,362.3563879914001
8015,86,3,15,375.9340384726754
8016,86,3,16,524.8430429252675
8017,86,3,17,361.5386001294768
8018,86,3,18,534.5416627828328
8019,86,3,19,533.6557296418393
8020,86,3,20,308.0948708389582
8021,86,3,21,361.9432717454073
8022,86,3,22,533.9867165128519
8023,86,3,23,329.3137467953365
8024,86,3,24,522.9453356850904
8025,86,3,25,317.50214624331176
8026,86,3,26,331.42369800085686
8027,86,3,27,353.79966537388896
8028,86,3,28,528.8468706803321
8029,86,3,29,365.39453985898
8030,86,3,30,332.26046656318647
8031,86,3,31,347.72518198990485
8032,86,3,32,361.62071741697144
8033,86,3,33,342.96815318942487
8034,86,3,34,318.3483913550311
8035,86,3,35,307.37878009997996
8036,86,3,36,363.66943414725506
8037,86,3,37,368.8811459233857
8038,86,3,38,371.09251895551074
8039,86,3,39,336.7802396549395
8040,86,3,40,344.5205362499873
8041,86,3,41,300.6924290668411
8042,86,3,42,322.3462791058166
8043,86,3,43,509.1092699750832
8044,86,3,44,335.4401388930317
8045,86,3,45,361.4123457375588
8046,86,3,46,367.70965114291107
8047,86,3,47,333.0090034772584
8048,86,3,48,517.9585593274635
8049,86,3,49,350.9943430996356
8050,86,3,50,371.5896072112358
8051,86,3,51,345.78033031038785
8052,86,3,52,321.41464650664017
8053,86,3,53,375.21431932030276
8054,86,3,54,513.9834959411268
8055,86,3,55,337.64948677859616
8056,86,3,56,536.3998335349987
8057,86,3,57,372.08583185661394
8058,86,3,58,307.9836700509997
8059,86,3,59,515.0832690692209
8060,86,3,60,309.54712537288975
8061,86,3,61,358.3539401155872
8062,86,3,62,376.04826557209554
8063,86,3,63,513.6664001725719
8064,86,3,64,337.88113774631233
8065,86,3,65,274.14459328929183
8066,86,3,66,356.33895595045124
8067,86,3,67,527.7736392618398
8068,86,3,68,513.566548495218
8069,86,3,69,374.35416423788587
8070,86,3,70,335.0995474953692
8071,86,3,71,334.309208236674
8072,86,3,72,371.0842698643617
8073,86,3,73,313.0536975317896
8074,86,3,74,365.11126812526555
8075,86,3,75,532.2173705704647
8076,86,3,76,530.958856376656
8077,86,3,77,362.85821257719556
8078,86,3,78,362.125041680107
8079,86,3,79,510.08493061059266
8080,86,3,80,369.50192748155655
8081,86,3,81,531.4397126555104
8082,86,3,82,325.139156176708
8083,86,3,83,312.7729255818442
8084,86,3,84,296.9844270445174
8085,86,3,85,325.2146600478098
8086,86,3,86,324.10084208186925
8087,86,3,87,515.7490781981288
8088,86,3,88,363.92748353585756
8089,86,3,89,518.3635199330012
8090,86,3,90,364.0789260292286
8091,86,3,91,359.13140267109196
8092,86,3,92,326.87588919450366
8093,86,3,93,327.3117511146008
8094,86,3,94,339.6785506273388
8095,86,3,95,532.5866041363282
8096,86,3,96,531.5870296581768
8097,86,3,97,365.0188694164657
8098,86,3,98,292.9408233450464
8099,86,3,99,521.745004508997
8100,90,1,0,283.64318745996394
8101,90,1,1,101.01894915624749
8102,90,1,2,293.24436344475333
8103,90,1,3,259.3314276484078
8104,90,1,4,268.5206599967089
8105,90,1,5,256.09506523039573
8106,90,1,6,281.7785582354226
8107,90,1,7,63.28619052982242
8108,90,1,8,86.81692668617526
8109,90,1,9,294.46862138281625
8110,90,1,10,283.6622236507073
8111,90,1,11,90.4025515102816
8112,90,1,12,67.05031641412558
8113,90,1,13,240.1318290625559
8114,90,1,14,63.503155528604985
8115,90,1,15,75.75996552945657
8116,90,1,16,80.46684265307199
8117,90,1,17,89.16035778738443
8118,90,1,18,90.39284759935083
8119,90,1,19,90.45666773927951
8120,90,1,20,270.58754311910326
8121,90,1,21,65.4802067883749
8122,90,1,22,85.117509900788
8123,90,1,23,281.66716778702227
8124,90,1,24,90.39614520062334
8125,90,1,25,73.01464055217104
8126,90,1,26,75.45285723999704
8127,90,1,27,90.46240319265834
8128,90,1,28,90.01363202735149
8129,90,1,29,81.25521153408945
8130,90,1,30,271.8670226430737
8131,90,1,31,256.84088236033597
8132,90,1,32,77.5534859400609
8133,90,1,33,88.6118743270625
8134,90,1,34,90.49569357338405
8135,90,1,35,264.4240817986434
8136,90,1,36,90.25225201988263
8137,90,1,37,220.6511460347456
8138,90,1,38,67.58676412144477
8139,90,1,39,93.86797590503126
8140,90,1,40,220.9714340295116
8141,90,1,41,97.56382943923482
8142,90,1,42,90.47931695047389
8143,90,1,43,84.51889948406168
8144,90,1,44,88.27576990241762
8145,90,1,45,90.4847027227621
8146,90,1,46,66.40105787200521
8147,90,1,47,83.21184803285924
8148,90,1,48,278.1909132448098
8149,90,1,49,90.42872313543839
8150,90,1,50,85.55576045977769
8151,90,1,51,71.23124825503085
8152,90,1,52,84.2933266090511
8153,90,1,53,262.61548182629576
8154,90,1,54,75.43136237035395
8155,90,1,55,79.32902530015988
8156,90,1,56,72.32335652547862
8157,90,1,57,252.43538598285232
8158,90,1,58,274.5706789430764
8159,90,1,59,62.87614264319094
8160,90,1,60,98.00957274945038
8161,90,1,61,291.4534748194794
8162,90,1,62,68.2198276304401
8163,90,1,63,245.62620166181938
8164,90,1,64,330.6821906446727
8165,90,1,65,65.14794125548391
8166,90,1,66,90.46995895480443
8167,90,1,67,264.425066490541
8168,90,1,68,334.11216434453485
8169,90,1,69,273.28271805651053
8170,90,1,70,278.22838884646706
8171,90,1,71,300.6213092583306
8172,90,1,72,81.9670905779728
8173,90,1,73,90.47830899948485
8174,90,1,74,251.06815333895545
8175,90,1,75,324.1026044894639
8176,90,1,76,347.5173971584898
8177,90,1,77,70.32400124139289
8178,90,1,78,72.9460282536702
8179,90,1,79,90.48291138947879
8180,90,1,80,90.37739167396978
8181,90,1,81,286.87945953711096
8182,90,1,82,71.47861117306266
8183,90,1,83,262.71179720206175
8184,90,1,84,338.76789919798466
8185,90,1,85,220.6623460440765
8186,90,1,86,280.4925043682735
8187,90,1,87,319.0604211325221
8188,90,1,88,271.7911412100761
8189,90,1,89,71.82582698855688
8190,90,1,90,288.4406614248205
8191,90,1,91,79.27508803829171
8192,90,1,92,74.62454499451916
8193,90,1,93,263.41624244669856
8194,90,1,94,97.09994536561945
8195,90,1,95,230.80814496815233
8196,90,1,96,272.271120065991
8197,90,1,97,70.99214710426895
8198,90,1,98,66.94656401492568
8199,90,1,99,72.45933508254245
8200,90,2,0,370.4115069041486
8201,90,2,1,147.91228731177557
8202,90,2,2,376.80133131637393
8203,90,2,3,131.89182141189025
8204,90,2,4,175.80734884655962
8205,90,2,5,370.77267586034185
8206,90,2,6,168.41846569853303
8207,90,2,7,121.49620341347209
8208,90,2,8,225.3097194622463
8209,90,2,9,244.56212414045245
8210,90,2,10,198.88526845403618
8211,90,2,11,201.66408289485958
8212,90,2,12,373.9836330361496
8213,90,2,13,167.94149188308216
8214,90,2,14,363.355501396613
8215,90,2,15,144.81530878034707
8216,90,2,16,244.32943452634242
8217,90,2,17,221.27092232883524
8218,90,2,18,244.22356157998408
8219,90,2,19,380.42063739038366
8220,90,2,20,225.86805559296226
8221,90,2,21,166.59300232799458
8222,90,2,22,231.40028865995978
8223,90,2,23,244.51284248625913
8224,90,2,24,179.5577030461304
8225,90,2,25,244.49073930222553
8226,90,2,26,233.1843977319308
8227,90,2,27,215.79966347806877
8228,90,2,28,215.41304521607756
8229,90,2,29,227.89702713212804
8230,90,2,30,214.08462696587185
8231,90,2,31,194.42567828960583
8232,90,2,32,354.71813371042504
8233,90,2,33,366.4257120446709
8234,90,2,34,170.60234488266053
8235,90,2,35,387.1182753338064
8236,90,2,36,224.8586594199184
8237,90,2,37,228.43451230978522
8238,90,2,38,154.3327356725546
8239,90,2,39,367.4586301726567
8240,90,2,40,244.4181452397101
8241,90,2,41,178.8017150307246
8242,90,2,42,144.29220408564356
8243,90,2,43,108.11776682624124
8244,90,2,44,173.8386514378107
8245,90,2,45,203.94725240742187
8246,90,2,46,359.95713104807743
8247,90,2,47,363.76375564806926
8248,90,2,48,184.38769268140217
8249,90,2,49,205.7934969981489
8250,90,2,50,244.47306625706716
8251,90,2,51,164.41718388195886
8252,90,2,52,204.9998280691433
8253,90,2,53,243.9932539148574
8254,90,2,54,244.55770758774995
8255,90,2,55,189.56955919055233
8256,90,2,56,194.5992481483271
8257,90,2,57,205.04409970655257
8258,90,2,58,216.97462364346762
8259,90,2,59,365.7969984923906
8260,90,2,60,136.39212777543136
8261,90,2,61,244.5334876108298
8262,90,2,62,194.01234193885216
8263,90,2,63,196.87350027447923
8264,90,2,64,380.6496586356359
8265,90,2,65,194.84750625773242
8266,90,2,66,162.603738254359
8267,90,2,67,364.2092896106252
8268,90,2,68,185.41266498394938
8269,90,2,69,227.18082815898728
8270,90,2,70,244.55809075173983
8271,90,2,71,226.94501056098517
8272,90,2,72,193.09107062919557
8273,90,2,73,201.95306948013015
8274,90,2,74,156.0935637424462
8275,90,2,75,212.65233527371385
8276,90,2,76,244.49992333809104
8277,90,2,77,203.83763226295412
8278,90,2,78,220.97331745137265
8279,90,2,79,140.62312751167488
8280,90,2,80,169.99834126831752
8281,90,2,81,201.2699330203494
8282,90,2,82,162.74090151019436
8283,90,2,83,191.2732767162252
8284,90,2,84,206.7859897254537
8285,90,2,85,219.16281523355758
8286,90,2,86,244.4776562643838
8287,90,2,87,233.75339787557454
8288,90,2,88,244.53033493989557
8289,90,2,89,187.44330230449626
8290,90,2,90,188.22647577168257
8291,90,2,91,160.0836592003742
8292,90,2,92,133.6017138553251
8293,90,2,93,164.83449362519067
8294,90,2,94,136.28869192788548
8295,90,2,95,200.75150664391097
8296,90,2,96,198.14921978724055
8297,90,2,97,158.08954680973656
8298,90,2,98,212.976885951702
8299,90,2,99,170.090796320552
8300,90,3,0,516.7065093308287
8301,90,3,1,388.2084308248107
8302,90,3,2,369.0630520813352
8303,90,3,3,392.3965252887778
8304,90,3,4,524.2197662212919
8305,90,3,5,516.7042323002347
8306,90,3,6,536.643160953516
8307,90,3,7,392.3726625858145
8308,90,3,8,516.3544817789833
8309,90,3,9,340.4165571868216
8310,90,3,10,517.2401976146575
8311,90,3,11,527.7340646668148
8312,90,3,12,517.0253813495336
8313,90,3,13,523.6082644708077
8314,90,3,14,521.047459449673
8315,90,3,15,382.91688901199836
8316,90,3,16,527.77389541186
8317,90,3,17,367.3797134299703
8318,90,3,18,530.3147367845206
8319,90,3,19,531.1777100665338
8320,90,3,20,341.2852623680461
8321,90,3,21,529.3456680637499
8322,90,3,22,377.58285432156646
8323,90,3,23,516.3657928972026
8324,90,3,24,516.6084207281974
8325,90,3,25,526.8177546435556
8326,90,3,26,529.5191707573673
8327,90,3,27,515.4894808742495
8328,90,3,28,354.92383452929425
8329,90,3,29,530.7402667604308
8330,90,3,30,528.0293657097321
8331,90,3,31,533.579102132805
8332,90,3,32,353.3429130705329
8333,90,3,33,516.9760182992917
8334,90,3,34,517.0508836498982
8335,90,3,35,516.173918605266
8336,90,3,36,517.0391354072179
8337,90,3,37,368.09737237190893
8338,90,3,38,357.60323143698747
8339,90,3,39,380.67871286012695
8340,90,3,40,373.6349787108908
8341,90,3,41,516.9395424015682
8342,90,3,42,516.3226600935734
8343,90,3,43,392.39120370984944
8344,90,3,44,378.2673267837743
8345,90,3,45,526.2455640967188
8346,90,3,46,347.79277963223745
8347,90,3,47,516.6733143626416
8348,90,3,48,527.0822580087736
8349,90,3,49,511.7198379318823
8350,90,3,50,391.45453241375617
8351,90,3,51,515.7850501007144
8352,90,3,52,363.00369697570216
8353,90,3,53,344.84910076794176
8354,90,3,54,517.1744320545387
8355,90,3,55,532.8912749151099
8356,90,3,56,515.5042037697413
8357,90,3,57,389.04628436397627
8358,90,3,58,391.06613877708946
8359,90,3,59,516.55538602708
8360,90,3,60,533.3723639420867
8361,90,3,61,532.613709985175
8362,90,3,62,392.40088393154184
8363,90,3,63,392.23228894040517
8364,90,3,64,510.080762595306
8365,90,3,65,516.2288191421678
8366,90,3,66,534.2207709328063
8367,90,3,67,533.9120229699804
8368,90,3,68,392.34537714612776
8369,90,3,69,534.1415986595429
8370,90,3,70,365.6079527313612
8371,90,3,71,516.1641426157889
8372,90,3,72,367.3631651447069
8373,90,3,73,516.0835527431027
8374,90,3,74,356.7216797233579
8375,90,3,75,516.6103956423941
8376,90,3,76,367.66837604301776
8377,90,3,77,534.1956425117512
8378,90,3,78,520.3110487168415
8379,90,3,79,522.8870914305255
8380,90,3,80,379.71603715898175
8381,90,3,81,372.4941787364828
8382,90,3,82,361.2180505951284
8383,90,3,83,364.10396091757866
8384,90,3,84,529.0857308265325
8385,90,3,85,353.4762148305456
8386,90,3,86,350.81109847751884
8387,90,3,87,530.4712470541684
8388,90,3,88,369.7625551500061
8389,90,3,89,346.3632246437053
8390,90,3,90,376.37584761771046
8391,90,3,91,350.76304812216176
8392,90,3,92,515.4022491126774
8393,90,3,93,516.5387277623188
8394,90,3,94,387.4663587996058
8395,90,3,95,516.466528589828
8396,90,3,96,535.0610869897152
8397,90,3,97,347.39057022007216
8398,90,3,98,392.3725172319024
8399,90,3,99,360.51857863276996
8400,91,1,0,218.1732028112649
8401,91,1,1,228.61692228085684
8402,91,1,2,103.40671162889022
8403,91,1,3,211.62303849836243
8404,91,1,4,225.77864360746705
8405,91,1,5,218.11659696579912
8406,91,1,6,218.1179305924823
8407,91,1,7,225.71799384229905
8408,91,1,8,197.21036541587975
8409,91,1,9,217.99630626308425
8410,91,1,10,101.87556598487994
8411,91,1,11,218.18921814683134
8412,91,1,12,103.28049711118324
8413,91,1,13,234.75162161574187
8414,91,1,14,218.20475170499103
8415,91,1,15,219.52821459699854
8416,91,1,16,218.17640369964553
8417,91,1,17,197.73179299849082
8418,91,1,18,218.27698678351874
8419,91,1,19,218.63717743135595
8420,91,1,20,218.4009624220496
8421,91,1,21,234.8110489038034
8422,91,1,22,103.6088795556614
8423,91,1,23,218.14319472099965
8424,91,1,24,218.1405979683291
8425,91,1,25,218.111061063779
8426,91,1,26,210.35960857139057
8427,91,1,27,218.33344517308853
8428,91,1,28,223.61520899471626
8429,91,1,29,218.48519179016964
8430,91,1,30,234.79851168060821
8431,91,1,31,218.2092935770536
8432,91,1,32,218.1346486066408
8433,91,1,33,218.35844920712847
8434,91,1,34,207.75066812084017
8435,91,1,35,218.16755396375248
8436,91,1,36,211.4723628079029
8437,91,1,37,234.80918434766795
8438,91,1,38,225.5527985142908
8439,91,1,39,214.19451858117688
8440,91,1,40,218.264188655076
8441,91,1,41,218.18815486042357
8442,91,1,42,103.57356560466238
8443,91,1,43,218.2807183696086
8444,91,1,44,218.19319222853213
8445,91,1,45,218.17261749809123
8446,91,1,46,234.14261634616537
8447,91,1,47,192.79550438559554
8448,91,1,48,218.60401659364985
8449,91,1,49,218.98636635554834
8450,91,1,50,221.2458258647586
8451,91,1,51,224.17508924450996
8452,91,1,52,218.24694014401078
8453,91,1,53,218.2272647599477
8454,91,1,54,218.26807160045257
8455,91,1,55,218.59504111999456
8456,91,1,56,103.61035778471653
8457,91,1,57,218.54636368326533
8458,91,1,58,231.08051721856307
8459,91,1,59,234.59141504416672
8460,91,1,60,218.12123302335098
8461,91,1,61,234.73510984748646
8462,91,1,62,218.16629789872636
8463,91,1,63,221.35640020144476
8464,91,1,64,226.48900541602146
8465,91,1,65,218.1240108050686
8466,91,1,66,218.28460953226556
8467,91,1,67,230.57813635570437
8468,91,1,68,218.12605641667847
8469,91,1,69,234.81638363629875
8470,91,1,70,219.82029102700182
8471,91,1,71,228.41375234781174
8472,91,1,72,202.67573734076595
8473,91,1,73,200.55131528081162
8474,91,1,74,218.1347835992573
8475,91,1,75,234.70989351793537
8476,91,1,76,218.2394832904861
8477,91,1,77,103.60211327802172
8478,91,1,78,210.3008611684649
8479,91,1,79,218.1371207792297
8480,91,1,80,218.15570093911177
8481,91,1,81,218.4692251260231
8482,91,1,82,221.74186362559007
8483,91,1,83,218.25233192949764
8484,91,1,84,218.25071233258873
8485,91,1,85,218.30601279591636
8486,91,1,86,218.19424340294265
8487,91,1,87,103.51070056694218
8488,91,1,88,218.77171463336677
8489,91,1,89,218.12342805553845
8490,91,1,90,218.10890115206772
8491,91,1,91,218.36915768711737
8492,91,1,92,218.11091518655257
8493,91,1,93,206.9222259795147
8494,91,1,94,218.26627750592795
8495,91,1,95,208.2138377440582
8496,91,1,96,218.87135948974426
8497,91,1,97,198.20206851880667
8498,91,1,98,218.19909962649652
8499,91,1,99,218.15218083026338
8500,91,2,0,216.3796058736382
8501,91,2,1,191.9163488479144
8502,91,2,2,370.8171910853906
8503,91,2,3,213.7057669026113
8504,91,2,4,380.59082597340466
8505,91,2,5,234.80772850118328
8506,91,2,6,432.21251140542444
8507,91,2,7,402.0918486954278
8508,91,2,8,180.12408835256676
8509,91,2,9,234.81070155437678
8510,91,2,10,421.06095036603335
8511,91,2,11,217.69139185117854
8512,91,2,12,405.17047156807666
8513,91,2,13,372.1396204532954
8514,91,2,14,211.49648030109748
8515,91,2,15,360.42528914140695
8516,91,2,16,360.37766739861144
8517,91,2,17,170.02766158247604
8518,91,2,18,220.69816032925266
8519,91,2,19,210.6223470392762
8520,91,2,20,226.22434028484807
8521,91,2,21,194.40187056730065
8522,91,2,22,213.8377656989481
8523,91,2,23,399.3765302161079
8524,91,2,24,234.76635323155864
8525,91,2,25,394.3897985952324
8526,91,2,26,234.71289974225468
8527,91,2,27,231.1817111980901
8528,91,2,28,440.2530823419696
8529,91,2,29,193.2822733152872
8530,91,2,30,200.7352120289361
8531,91,2,31,392.2693413900222
8532,91,2,32,168.45163462495782
8533,91,2,33,390.5294407436704
8534,91,2,34,398.4046437638942
8535,91,2,35,464.3522420259784
8536,91,2,36,188.64196157393016
8537,91,2,37,360.2425154732717
8538,91,2,38,171.42887083331195
8539,91,2,39,171.85322164996265
8540,91,2,40,152.64032562208487
8541,91,2,41,386.09592542023387
8542,91,2,42,209.9987082396591
8543,91,2,43,221.16076237915567
8544,91,2,44,220.125695445808
8545,91,2,45,234.79212666775072
8546,91,2,46,400.9933875781533
8547,91,2,47,187.5609221098486
8548,91,2,48,404.4819097073581
8549,91,2,49,432.17422466738384
8550,91,2,50,391.238139145674
8551,91,2,51,360.19209429899706
8552,91,2,52,395.1292961378104
8553,91,2,53,431.98243761909805
8554,91,2,54,371.03198000949095
8555,91,2,55,432.7428819064507
8556,91,2,56,388.9030281749374
8557,91,2,57,390.27680573286193
8558,91,2,58,193.5452336919353
8559,91,2,59,441.27188756469
8560,91,2,60,396.553284871292
8561,91,2,61,360.1989426580651
8562,91,2,62,234.74269736645246
8563,91,2,63,384.5225670561734
8564,91,2,64,234.7707838853549
8565,91,2,65,360.19330986982044
8566,91,2,66,168.22470091516678
8567,91,2,67,360.12034033724973
8568,91,2,68,388.71705766801665
8569,91,2,69,451.680474029683
8570,91,2,70,226.33196868292498
8571,91,2,71,211.03775138174612
8572,91,2,72,214.96641454825414
8573,91,2,73,394.4902684995369
8574,91,2,74,187.64724768910895
8575,91,2,75,378.9482848210056
8576,91,2,76,234.79208610342332
8577,91,2,77,360.13170888804547
8578,91,2,78,394.3733050796609
8579,91,2,79,403.7531267985775
8580,91,2,80,211.78819348837672
8581,91,2,81,234.71935253247094
8582,91,2,82,360.21298488441465
8583,91,2,83,405.28321745403247
8584,91,2,84,234.59299157458642
8585,91,2,85,180.20752943888772
8586,91,2,86,210.89621164336742
8587,91,2,87,390.64098068923715
8588,91,2,88,396.3888497657528
8589,91,2,89,360.1415003653791
8590,91,2,90,185.84245079853193
8591,91,2,91,360.12309986882826
8592,91,2,92,192.02237560383975
8593,91,2,93,424.96705127807485
8594,91,2,94,360.1040199291012
8595,91,2,95,376.471028391255
8596,91,2,96,428.0350446545721
8597,91,2,97,414.3712471645249
8598,91,2,98,193.96735721835077
8599,91,2,99,444.250286755884
8600,91,3,0,386.35816146957524
8601,91,3,1,389.18967829723493
8602,91,3,2,524.3938482154891
8603,91,3,3,386.70749371385176
8604,91,3,4,385.8793637103738
8605,91,3,5,386.64526641000606
8606,91,3,6,386.54611062514294
8607,91,3,7,386.7340143047767
8608,91,3,8,386.5219970481534
8609,91,3,9,369.69138687577333
8610,91,3,10,505.6891193035815
8611,91,3,11,386.27740770017635
8612,91,3,12,386.3056018734928
8613,91,3,13,519.7493592570262
8614,91,3,14,360.1905587572136
8615,91,3,15,386.719646780761
8616,91,3,16,534.3800730310314
8617,91,3,17,360.5155903189366
8618,91,3,18,386.6707177490197
8619,91,3,19,519.1234173893904
8620,91,3,20,532.6729239923851
8621,91,3,21,386.6630052267989
8622,91,3,22,376.33274212137155
8623,91,3,23,379.51494141283297
8624,91,3,24,386.6846955817197
8625,91,3,25,513.8486548448527
8626,91,3,26,386.59400285373073
8627,91,3,27,380.50551057423405
8628,91,3,28,386.580020248494
8629,91,3,29,386.71290150953877
8630,91,3,30,386.51473579284334
8631,91,3,31,386.72158881301374
8632,91,3,32,518.9307135961349
8633,91,3,33,386.72792851316757
8634,91,3,34,386.70930526148015
8635,91,3,35,526.265725524384
8636,91,3,36,386.7471649865244
8637,91,3,37,386.70759623739445
8638,91,3,38,514.992949779098
8639,91,3,39,386.7285778411244
8640,91,3,40,386.6242353771501
8641,91,3,41,534.4801453284978
8642,91,3,42,385.73725897259317
8643,91,3,43,386.7180925514652
8644,91,3,44,510.986263187022
8645,91,3,45,386.37293480336155
8646,91,3,46,360.114797545516
8647,91,3,47,372.9163623454266
8648,91,3,48,526.0198131158824
8649,91,3,49,386.6379723266624
8650,91,3,50,518.0884725520733
8651,91,3,51,377.47249373363326
8652,91,3,52,386.6409323543639
8653,91,3,53,386.712790229284
8654,91,3,54,386.5432391792138
8655,91,3,55,520.3826782386376
8656,91,3,56,367.4072363663639
8657,91,3,57,386.7285009633754
8658,91,3,58,360.11770625598814
8659,91,3,59,360.19989623392985
8660,91,3,60,360.47449873360665
8661,91,3,61,388.9976895048074
8662,91,3,62,514.704588498388
8663,91,3,63,517.8309963404861
8664,91,3,64,386.370168883878
8665,91,3,65,534.1655050097921
8666,91,3,66,374.36090277472886
8667,91,3,67,373.18522726512236
8668,91,3,68,505.99200180091424
8669,91,3,69,386.70357310322936
8670,91,3,70,386.685523239218
8671,91,3,71,519.6710418421197
8672,91,3,72,386.7015681503844
8673,91,3,73,526.9129059644373
8674,91,3,74,505.9696737474753
8675,91,3,75,396.91364446916066
8676,91,3,76,360.1294484571453
8677,91,3,77,386.59530994363877
8678,91,3,78,386.5872754765325
8679,91,3,79,397.6140758042954
8680,91,3,80,360.7385558794762
8681,91,3,81,385.958505628945
8682,91,3,82,511.1114140665103
8683,91,3,83,371.5667795812968
8684,91,3,84,386.3699081124713
8685,91,3,85,386.2944620547881
8686,91,3,86,386.7177834544155
8687,91,3,87,386.6299052828752
8688,91,3,88,386.6446934041214
8689,91,3,89,379.29780427329234
8690,91,3,90,386.7042589721999
8691,91,3,91,386.7313610192653
8692,91,3,92,534.303236783702
8693,91,3,93,385.9956982531237
8694,91,3,94,518.7592534127554
8695,91,3,95,360.37422377102064
8696,91,3,96,517.5387027852144
8697,91,3,97,511.3082366369668
8698,91,3,98,514.5404330918051
8699,91,3,99,521.8862319460968
8700,92,1,0,217.21623789473279
8701,92,1,1,217.24310014917182
8702,92,1,2,217.23076480997648
8703,92,1,3,217.39608535902624
8704,92,1,4,84.92046858304094
8705,92,1,5,251.52799177511048
8706,92,1,6,68.77279814804989
8707,92,1,7,217.5226211648204
8708,92,1,8,91.25960879580637
8709,92,1,9,85.19589600676998
8710,92,1,10,97.95758207069882
8711,92,1,11,63.021393657464486
8712,92,1,12,88.00489250934763
8713,92,1,13,91.17059555159476
8714,92,1,14,259.72187947115776
8715,92,1,15,88.52824608310583
8716,92,1,16,217.74283644676626
8717,92,1,17,273.1455090967578
8718,92,1,18,99.11869126504497
8719,92,1,19,264.84903138857607
8720,92,1,20,83.3336355355836
8721,92,1,21,217.24962775836354
8722,92,1,22,217.31488777982452
8723,92,1,23,217.22555861517475
8724,92,1,24,66.30317125010711
8725,92,1,25,98.45480692594771
8726,92,1,26,302.68713117807215
8727,92,1,27,275.82152583243544
8728,92,1,28,217.3747528408017
8729,92,1,29,73.52271827211213
8730,92,1,30,217.21110317993566
8731,92,1,31,219.07759578503158
8732,92,1,32,90.69661511074881
8733,92,1,33,88.14573419782975
8734,92,1,34,217.42400940606072
8735,92,1,35,64.9460724854747
8736,92,1,36,75.93623581830722
8737,92,1,37,260.19710170879137
8738,92,1,38,92.59375569427947
8739,92,1,39,78.03004951577914
8740,92,1,40,217.54291070589792
8741,92,1,41,258.0884015431191
8742,92,1,42,217.25831148759656
8743,92,1,43,220.20774794274905
8744,92,1,44,271.4244126057163
8745,92,1,45,239.57104884403495
8746,92,1,46,217.45420916433977
8747,92,1,47,217.27226837101387
8748,92,1,48,217.2380088941932
8749,92,1,49,96.47824064766182
8750,92,1,50,94.96204157820077
8751,92,1,51,234.55103550451608
8752,92,1,52,88.5359389024963
8753,92,1,53,290.5462998094425
8754,92,1,54,97.06621853103644
8755,92,1,55,91.69006330750933
8756,92,1,56,217.21466605333524
8757,92,1,57,217.28104001470726
8758,92,1,58,65.74480958252033
8759,92,1,59,217.3055880868088
8760,92,1,60,237.76304303119989
8761,92,1,61,236.81882545205445
8762,92,1,62,217.22617151949424
8763,92,1,63,257.39516743867824
8764,92,1,64,217.29322735221746
8765,92,1,65,76.84578092211947
8766,92,1,66,88.9490446788646
8767,92,1,67,77.39126455112864
8768,92,1,68,87.11044045465029
8769,92,1,69,91.14319669561434
8770,92,1,70,76.10123267083229
8771,92,1,71,95.6616610780063
8772,92,1,72,217.22463887476843
8773,92,1,73,217.2233985194842
8774,92,1,74,83.00966479965773
8775,92,1,75,90.19394488671628
8776,92,1,76,95.11080333939589
8777,92,1,77,217.3366596044955
8778,92,1,78,237.81294087754853
8779,92,1,79,252.0768419535799
8780,92,1,80,62.525333887688774
8781,92,1,81,75.60849560105176
8782,92,1,82,289.1013105847685
8783,92,1,83,217.2875240419805
8784,92,1,84,268.9012969099942
8785,92,1,85,217.35570782413717
8786,92,1,86,217.29442783119728
8787,92,1,87,245.9604202792589
8788,92,1,88,217.23442794618038
8789,92,1,89,246.4240384615198
8790,92,1,90,217.23481782407382
8791,92,1,91,217.245298673754
8792,92,1,92,249.91118610106062
8793,92,1,93,90.04481588655229
8794,92,1,94,84.60586678884458
8795,92,1,95,245.69078442120824
8796,92,1,96,217.58963444147057
8797,92,1,97,264.61455288363925
8798,92,1,98,259.3485461989887
8799,92,1,99,217.30620896256602
8800,92,2,0,330.74012887301006
8801,92,2,1,352.9645699050804
8802,92,2,2,363.40868504622625
8803,92,2,3,335.9765034048586
8804,92,2,4,504.98538205368254
8805,92,2,5,363.35555620490686
8806,92,2,6,360.6834464544354
8807,92,2,7,365.16049236196153
8808,92,2,8,351.9652404541916
8809,92,2,9,362.46751448272823
8810,92,2,10,529.3646144729948
8811,92,2,11,363.56024347393117
8812,92,2,12,505.2057716635904
8813,92,2,13,505.31993806376704
8814,92,2,14,363.3448492031334
8815,92,2,15,363.3989149681517
8816,92,2,16,331.96045202472897
8817,92,2,17,360.36654752315303
8818,92,2,18,352.96783294669245
8819,92,2,19,357.47009174208586
8820,92,2,20,346.4995756582602
8821,92,2,21,370.499863873792
8822,92,2,22,330.53070113790943
8823,92,2,23,350.37894904055685
8824,92,2,24,363.55134147155354
8825,92,2,25,363.988158790729
8826,92,2,26,363.84497199850546
8827,92,2,27,363.37088701890457
8828,92,2,28,363.54115096339694
8829,92,2,29,363.3498224796095
8830,92,2,30,342.6229252050684
8831,92,2,31,363.59629517861345
8832,92,2,32,353.7436329205369
8833,92,2,33,363.40995937596665
8834,92,2,34,363.3479222452847
8835,92,2,35,321.0115107000204
8836,92,2,36,348.86467011209413
8837,92,2,37,353.51656874436384
8838,92,2,38,363.73194991759385
8839,92,2,39,364.5028362574334
8840,92,2,40,363.4679958976972
8841,92,2,41,363.7334683421014
8842,92,2,42,363.44937034914824
8843,92,2,43,342.2571100428886
8844,92,2,44,363.39505650105616
8845,92,2,45,363.73104273930494
8846,92,2,46,363.48531999644024
8847,92,2,47,334.82845224786695
8848,92,2,48,339.5310575068437
8849,92,2,49,363.47575507209024
8850,92,2,50,363.42327048730107
8851,92,2,51,376.52465811870985
8852,92,2,52,363.3859386560608
8853,92,2,53,363.361701702872
8854,92,2,54,368.2426311743284
8855,92,2,55,353.57896396841636
8856,92,2,56,380.4785302212884
8857,92,2,57,363.36663239814857
8858,92,2,58,363.4168296783529
8859,92,2,59,355.05345925450655
8860,92,2,60,380.5186135598553
8861,92,2,61,363.3795665187625
8862,92,2,62,511.6398120671558
8863,92,2,63,363.61828295049526
8864,92,2,64,363.42486915937576
8865,92,2,65,363.3979492959613
8866,92,2,66,363.4892534632696
8867,92,2,67,531.5590715585921
8868,92,2,68,354.19552245342027
8869,92,2,69,354.50504374269656
8870,92,2,70,363.37846363353145
8871,92,2,71,373.94153975437604
8872,92,2,72,357.65246678705785
8873,92,2,73,505.02188395732475
8874,92,2,74,363.95795576649044
8875,92,2,75,379.04782422590034
8876,92,2,76,344.52621033204053
8877,92,2,77,363.3737184551395
8878,92,2,78,348.5782723931139
8879,92,2,79,354.67349762864666
8880,92,2,80,363.96282735731717
8881,92,2,81,368.93842024572643
8882,92,2,82,370.7678676797443
8883,92,2,83,359.0670652428473
8884,92,2,84,363.38709258938525
8885,92,2,85,346.9408565447458
8886,92,2,86,517.970638864355
8887,92,2,87,377.1382929485814
8888,92,2,88,363.3852202827613
8889,92,2,89,363.4085731604304
8890,92,2,90,363.48518678949057
8891,92,2,91,363.3884813997999
8892,92,2,92,363.345168412203
8893,92,2,93,344.192792128298
8894,92,2,94,363.41597048831255
8895,92,2,95,370.48527780745553
8896,92,2,96,363.6338340310364
8897,92,2,97,363.70340929836834
8898,92,2,98,363.37154141991607
8899,92,2,99,363.43167592228605
8900,92,3,0,525.0795764579077
8901,92,3,1,525.7791141855664
8902,92,3,2,535.6437976088059
8903,92,3,3,505.0382768512303
8904,92,3,4,362.7280315226207
8905,92,3,5,529.2878698940826
8906,92,3,6,326.2762515422503
8907,92,3,7,515.9221424390695
8908,92,3,8,529.4313184979219
8909,92,3,9,362.175744998602
8910,92,3,10,380.3933953729444
8911,92,3,11,535.9184281553803
8912,92,3,12,534.5470732287139
8913,92,3,13,518.5254390294231
8914,92,3,14,347.2158156716791
8915,92,3,15,525.5639278142888
8916,92,3,16,365.4689836764479
8917,92,3,17,535.8069584921806
8918,92,3,18,505.00500795328185
8919,92,3,19,380.5432070893771
8920,92,3,20,530.8666427241741
8921,92,3,21,520.9926545357966
8922,92,3,22,327.6558011674434
8923,92,3,23,525.4087538754891
8924,92,3,24,505.0907676518561
8925,92,3,25,341.18198923725066
8926,92,3,26,531.0531565320908
8927,92,3,27,380.53491416140486
8928,92,3,28,340.500678120209
8929,92,3,29,519.7157099768418
8930,92,3,30,331.53230727369896
8931,92,3,31,524.2585227058295
8932,92,3,32,521.7766065992053
8933,92,3,33,347.19795027966126
8934,92,3,34,505.12956016381423
8935,92,3,35,360.5457382970034
8936,92,3,36,494.2748567535216
8937,92,3,37,380.3555465562088
8938,92,3,38,509.1693807109513
8939,92,3,39,528.2032109555569
8940,92,3,40,320.42295680564126
8941,92,3,41,360.4659785386826
8942,92,3,42,359.7654809963588
8943,92,3,43,368.6955759559897
8944,92,3,44,505.81700854860406
8945,92,3,45,505.6172461973701
8946,92,3,46,335.92811704705304
8947,92,3,47,531.8993154224138
8948,92,3,48,506.32705493614554
8949,92,3,49,530.5977639042477
8950,92,3,50,505.2151023098374
8951,92,3,51,343.6661664107249
8952,92,3,52,496.8476591431627
8953,92,3,53,505.05183697104303
8954,92,3,54,505.21370401072744
8955,92,3,55,505.0822879915644
8956,92,3,56,526.9991656662422
8957,92,3,57,526.849479668068
8958,92,3,58,358.5647538155907
8959,92,3,59,528.04669932371
8960,92,3,60,526.460578251648
8961,92,3,61,506.7747845490026
8962,92,3,62,532.8161121669543
8963,92,3,63,504.99295258386326
8964,92,3,64,532.4209485582442
8965,92,3,65,366.66854997804654
8966,92,3,66,380.54136463754094
8967,92,3,67,536.0496172004797
8968,92,3,68,505.0475203922971
8969,92,3,69,535.6730808724523
8970,92,3,70,380.19338534726444
8971,92,3,71,519.8792360083996
8972,92,3,72,533.507240654491
8973,92,3,73,339.1935708687575
8974,92,3,74,505.0642106076141
8975,92,3,75,504.99771690937746
8976,92,3,76,375.46669798063476
8977,92,3,77,529.8180471865519
8978,92,3,78,523.8683119315126
8979,92,3,79,521.3171642192376
8980,92,3,80,338.9703071604632
8981,92,3,81,332.1430533792593
8982,92,3,82,348.0089023136304
8983,92,3,83,322.40966131537266
8984,92,3,84,505.07390410217596
8985,92,3,85,531.4504079193769
8986,92,3,86,505.30793439714665
8987,92,3,87,532.9340895589053
8988,92,3,88,515.7233786572709
8989,92,3,89,535.2485723044593
8990,92,3,90,308.74367568770896
8991,92,3,91,364.1068038867292
8992,92,3,92,523.020083702355
8993,92,3,93,504.9836057174051
8994,92,3,94,504.99860280856
8995,92,3,95,532.0233405438099
8996,92,3,96,530.9991105018698
8997,92,3,97,536.1128936154468
8998,92,3,98,527.5413434513325
8999,92,3,99,380.49413111013655
9000,94,1,0,193.62196605597427
9001,94,1,1,103.9556869744892
9002,94,1,2,189.64081963158955
9003,94,1,3,169.59510140791429
9004,94,1,4,127.2955371133608
9005,94,1,5,142.74154292034896
9006,94,1,6,183.93420023844538
9007,94,1,7,108.03612580793947
9008,94,1,8,139.48658284599003
9009,94,1,9,104.03486029733743
9010,94,1,10,184.23386395829408
9011,94,1,11,191.50908485513995
9012,94,1,12,190.04358826299648
9013,94,1,13,108.95904023260057
9014,94,1,14,139.7426371390033
9015,94,1,15,115.80610473354412
9016,94,1,16,192.07543638101072
9017,94,1,17,109.19069462280987
9018,94,1,18,170.05271538265316
9019,94,1,19,196.85212841223327
9020,94,1,20,192.88759206330093
9021,94,1,21,151.13585619715562
9022,94,1,22,98.98794939132779
9023,94,1,23,171.31029877756626
9024,94,1,24,144.9294869177616
9025,94,1,25,115.73390641162679
9026,94,1,26,111.77906850720694
9027,94,1,27,109.48561503991436
9028,94,1,28,194.02696419132837
9029,94,1,29,169.68465935435603
9030,94,1,30,132.93359240039027
9031,94,1,31,117.99841229553179
9032,94,1,32,115.76732860393938
9033,94,1,33,164.9144813429558
9034,94,1,34,169.45768571475847
9035,94,1,35,111.55024215093171
9036,94,1,36,110.51783573086348
9037,94,1,37,134.97182693331453
9038,94,1,38,110.3572825303901
9039,94,1,39,170.59511416605298
9040,94,1,40,185.02971298005352
9041,94,1,41,129.77465254742975
9042,94,1,42,187.06462097395365
9043,94,1,43,190.4755666078013
9044,94,1,44,188.63554153557521
9045,94,1,45,141.76013993343574
9046,94,1,46,119.34027323630386
9047,94,1,47,186.60975574189203
9048,94,1,48,192.95955915398457
9049,94,1,49,107.65756998413777
9050,94,1,50,140.97149806966834
9051,94,1,51,118.1926540338943
9052,94,1,52,180.85808997110442
9053,94,1,53,110.67952724478812
9054,94,1,54,113.89041256662497
9055,94,1,55,127.26624707130362
9056,94,1,56,111.02325555759057
9057,94,1,57,97.19466975843986
9058,94,1,58,184.11545938081798
9059,94,1,59,97.40814494991376
9060,94,1,60,138.75470094679306
9061,94,1,61,108.51755238271359
9062,94,1,62,184.56007346140572
9063,94,1,63,171.332129896189
9064,94,1,64,108.80360642910989
9065,94,1,65,114.20315076531124
9066,94,1,66,203.34263441045863
9067,94,1,67,115.79948104338885
9068,94,1,68,148.55073243743112
9069,94,1,69,182.91733830199243
9070,94,1,70,117.99908898160861
9071,94,1,71,118.97933412821031
9072,94,1,72,190.18465868098906
9073,94,1,73,169.13255526263256
9074,94,1,74,140.7007603423934
9075,94,1,75,189.9627544611032
9076,94,1,76,191.39208013603613
9077,94,1,77,157.22748816629172
9078,94,1,78,190.34291147210084
9079,94,1,79,145.15953857494648
9080,94,1,80,105.63061149122308
9081,94,1,81,153.85346136368292
9082,94,1,82,188.71210021138964
9083,94,1,83,165.88150899761447
9084,94,1,84,148.58718217413474
9085,94,1,85,126.45362419783653
9086,94,1,86,165.84740495112032
9087,94,1,87,165.1298498069615
9088,94,1,88,142.55680540563685
9089,94,1,89,111.49496924355542
9090,94,1,90,192.57028761531987
9091,94,1,91,141.7085242853727
9092,94,1,92,177.8933507776993
9093,94,1,93,165.19027702200026
9094,94,1,94,109.62977922608167
9095,94,1,95,194.78067493922669
9096,94,1,96,190.98759172638614
9097,94,1,97,129.43865032971178
9098,94,1,98,161.16988622463316
9099,94,1,99,155.3385173178367
9100,94,2,0,234.43999281648897
9101,94,2,1,157.2732593999458
9102,94,2,2,234.3126789982546
9103,94,2,3,234.67103608556786
9104,94,2,4,129.81091243290285
9105,94,2,5,160.3810329562714
9106,94,2,6,234.45667885846984
9107,94,2,7,234.22959622613598
9108,94,2,8,234.45851190782366
9109,94,2,9,234.67558247796435
9110,94,2,10,234.47661254120823
9111,94,2,11,234.53171579454113
9112,94,2,12,183.8021214736253
9113,94,2,13,234.6128264606414
9114,94,2,14,234.65382698064573
9115,94,2,15,167.67552170575817
9116,94,2,16,234.3538952272362
9117,94,2,17,234.34922088264764
9118,94,2,18,233.4141381511028
9119,94,2,19,234.66822170157945
9120,94,2,20,234.44785306952508
9121,94,2,21,234.4261117216465
9122,94,2,22,234.3775218951424
9123,94,2,23,234.50596421447935
9124,94,2,24,177.08217858115083
9125,94,2,25,161.31096429078042
9126,94,2,26,158.95426920342032
9127,94,2,27,234.43857198939685
9128,94,2,28,234.61234128811068
9129,94,2,29,234.55074868350547
9130,94,2,30,234.41944940805502
9131,94,2,31,234.61240167735534
9132,94,2,32,164.9890548822878
9133,94,2,33,234.65830967183746
9134,94,2,34,234.5754832369549
9135,94,2,35,234.12163664140732
9136,94,2,36,234.68191769038756
9137,94,2,37,234.62659426472152
9138,94,2,38,234.66529875964426
9139,94,2,39,234.55671755640802
9140,94,2,40,234.48390723803948
9141,94,2,41,163.52777866361683
9142,94,2,42,234.41333068594662
9143,94,2,43,233.5760416930906
9144,94,2,44,234.55247594216198
9145,94,2,45,234.68307490134407
9146,94,2,46,234.6350663143709
9147,94,2,47,234.54861046852048
9148,94,2,48,234.66650245714175
9149,94,2,49,234.67364950436618
9150,94,2,50,234.2635775064443
9151,94,2,51,234.66392023703585
9152,94,2,52,234.30015327905295
9153,94,2,53,234.04564575759602
9154,94,2,54,234.6404766552362
9155,94,2,55,234.60284882911668
9156,94,2,56,234.57851569990552
9157,94,2,57,234.6610058796581
9158,94,2,58,234.6766405650282
9159,94,2,59,230.2082907210711
9160,94,2,60,233.78389087826247
9161,94,2,61,131.42200593354028
9162,94,2,62,234.3881899499565
9163,94,2,63,234.66513229321043
9164,94,2,64,234.47087778580166
9165,94,2,65,131.56911044288466
9166,94,2,66,234.6590442419063
9167,94,2,67,234.67974698258374
9168,94,2,68,234.6544735645585
9169,94,2,69,234.5022896885527
9170,94,2,70,234.6677153575347
9171,94,2,71,234.5944244945213
9172,94,2,72,234.50538489060304
9173,94,2,73,135.57601820714908
9174,94,2,74,234.6512629611896
9175,94,2,75,234.53510751856143
9176,94,2,76,234.56074789198345
9177,94,2,77,126.61258101817756
9178,94,2,78,234.55881061222377
9179,94,2,79,233.83521869251393
9180,94,2,80,170.9983552333371
9181,94,2,81,234.67870147878727
9182,94,2,82,234.6099425652432
9183,94,2,83,172.7337242962046
9184,94,2,84,234.5851536307986
9185,94,2,85,233.83663642361907
9186,94,2,86,155.7664140973101
9187,94,2,87,234.61513062924539
9188,94,2,88,234.5364356039866
9189,94,2,89,155.8742325672537
9190,94,2,90,234.14053264331812
9191,94,2,91,234.62967493660736
9192,94,2,92,174.46717936216933
9193,94,2,93,234.63161955180803
9194,94,2,94,234.5450819993501
9195,94,2,95,152.87759775983568
9196,94,2,96,234.6691104496928
9197,94,2,97,234.67295333129331
9198,94,2,98,234.54387617081966
9199,94,2,99,234.48980251150192
9200,94,3,0,483.11872222084094
9201,94,3,1,515.7422579473816
9202,94,3,2,528.0625000505291
9203,94,3,3,516.0675364198438
9204,94,3,4,516.1868481602139
9205,94,3,5,516.4169456687985
9206,94,3,6,388.02470429087356
9207,94,3,7,343.4580898946486
9208,94,3,8,509.15986951903875
9209,94,3,9,388.40286420426185
9210,94,3,10,535.5510700412553
9211,94,3,11,351.20227980708523
9212,94,3,12,518.2391328149339
9213,94,3,13,521.3758068381795
9214,94,3,14,357.884965902426
9215,94,3,15,515.9499497364453
9216,94,3,16,500.82968296808014
9217,94,3,17,506.47195431350247
9218,94,3,18,524.232464271268
9219,94,3,19,366.5596439485121
9220,94,3,20,517.1693536289467
9221,94,3,21,348.45612541825506
9222,94,3,22,516.356733178426
9223,94,3,23,521.4785256971682
9224,94,3,24,367.50059896255385
9225,94,3,25,343.03815080089805
9226,94,3,26,516.066447732986
9227,94,3,27,516.2069639204831
9228,94,3,28,522.9145811744768
9229,94,3,29,490.1235590362225
9230,94,3,30,518.026198303052
9231,94,3,31,517.0051964689328
9232,94,3,32,527.0047775106336
9233,94,3,33,362.2705507721929
9234,94,3,34,493.9740854609589
9235,94,3,35,516.0698493090513
9236,94,3,36,516.1109110833804
9237,94,3,37,327.5231222938765
9238,94,3,38,504.6679042366348
9239,94,3,39,520.2425656380565
9240,94,3,40,516.1098733108823
9241,94,3,41,364.295055304745
9242,94,3,42,514.308810571756
9243,94,3,43,514.8515738699372
9244,94,3,44,338.8283988924376
9245,94,3,45,509.3698427228101
9246,94,3,46,513.4950907258582
9247,94,3,47,516.2121760773907
9248,94,3,48,525.2119933225813
9249,94,3,49,529.2493387971173
9250,94,3,50,362.0651875867138
9251,94,3,51,502.55953569919734
9252,94,3,52,516.6339749532558
9253,94,3,53,368.0056566356546
9254,94,3,54,505.47898757819456
9255,94,3,55,522.045332180347
9256,94,3,56,516.2304255806282
9257,94,3,57,364.1194985002683
9258,94,3,58,516.0932101004569
9259,94,3,59,532.3847405570102
9260,94,3,60,350.8834034137206
9261,94,3,61,499.42953363342184
9262,94,3,62,520.9902826121098
9263,94,3,63,376.60734609947906
9264,94,3,64,326.5831066929013
9265,94,3,65,373.59160225001386
9266,94,3,66,514.9310008435482
9267,94,3,67,286.2251408403746
9268,94,3,68,521.2929933951623
9269,94,3,69,490.7602816933291
9270,94,3,70,381.6381290228651
9271,94,3,71,531.5404470880953
9272,94,3,72,516.2440132330931
9273,94,3,73,491.78737210617425
9274,94,3,74,516.1648265459653
9275,94,3,75,507.57597811788537
9276,94,3,76,340.21836896453163
9277,94,3,77,355.2788286455884
9278,94,3,78,346.3343186426344
9279,94,3,79,358.5897429616851
9280,94,3,80,532.2346794511863
9281,94,3,81,481.28225545877604
9282,94,3,82,516.1314451449526
9283,94,3,83,536.9204139412342
9284,94,3,84,329.30598106578316
9285,94,3,85,351.5137477474816
9286,94,3,86,387.9214643906363
9287,94,3,87,388.3893167639118
9288,94,3,88,334.3155620518294
9289,94,3,89,370.47137002814645
9290,94,3,90,520.7831727470144
9291,94,3,91,508.959406818616
9292,94,3,92,517.446151865993
9293,94,3,93,341.7678954878668
9294,94,3,94,363.4176373668695
9295,94,3,95,520.0365033315098
9296,94,3,96,369.4008417990235
9297,94,3,97,535.3079906076641
9298,94,3,98,388.09544391692015
9299,94,3,99,509.9177426128238
9300,99,1,0,205.0970856102781
9301,99,1,1,224.4824711452285
9302,99,1,2,214.9796108254873
9303,99,1,3,92.26712146301345
9304,99,1,4,224.74898486076887
9305,99,1,5,78.50507622837593
9306,99,1,6,225.15953904777007
9307,99,1,7,239.71483667832365
9308,99,1,8,213.0438417156288
9309,99,1,9,218.12696186943222
9310,99,1,10,78.9387730749531
9311,99,1,11,224.49418294968882
9312,99,1,12,243.7211427889713
9313,99,1,13,224.78503024120266
9314,99,1,14,95.23760622425924
9315,99,1,15,224.9560318762684
9316,99,1,16,70.0293570962994
9317,99,1,17,74.82143929193046
9318,99,1,18,81.40695303106334
9319,99,1,19,218.2081080326973
9320,99,1,20,67.27361903922679
9321,99,1,21,224.58884687853845
9322,99,1,22,95.06170737035478
9323,99,1,23,219.03905390528254
9324,99,1,24,70.41207110116167
9325,99,1,25,224.47578274042635
9326,99,1,26,226.86209019224162
9327,99,1,27,215.6201621238956
9328,99,1,28,95.31752722389429
9329,99,1,29,95.34473728315848
9330,99,1,30,86.82655419386097
9331,99,1,31,69.51602036026455
9332,99,1,32,94.49765250350576
9333,99,1,33,222.06316758042536
9334,99,1,34,78.20877787393503
9335,99,1,35,244.60680382345544
9336,99,1,36,73.36028368919848
9337,99,1,37,224.57239566294015
9338,99,1,38,95.1455121578909
9339,99,1,39,74.04578457512378
9340,99,1,40,102.65816473190552
9341,99,1,41,224.65731896958204
9342,99,1,42,223.95323059723728
9343,99,1,43,74.52956322632869
9344,99,1,44,236.58649109509165
9345,99,1,45,224.4804674926992
9346,99,1,46,73.5640791588064
9347,99,1,47,224.6043511620821
9348,99,1,48,83.15077474845216
9349,99,1,49,80.20324094066197
9350,99,1,50,68.97382319632952
9351,99,1,51,243.75516460784368
9352,99,1,52,73.81942329253091
9353,99,1,53,224.49228878624672
9354,99,1,54,67.02056966369173
9355,99,1,55,79.96338352701265
9356,99,1,56,95.35594927653607
9357,99,1,57,209.7111949579863
9358,99,1,58,230.48614011492828
9359,99,1,59,75.25869037513482
9360,99,1,60,224.54874662190653
9361,99,1,61,206.94409789585083
9362,99,1,62,246.01382441665967
9363,99,1,63,71.88321848347084
9364,99,1,64,94.75086761081242
9365,99,1,65,217.32627817670453
9366,99,1,66,76.38274081703365
9367,99,1,67,235.3157812827408
9368,99,1,68,95.14453083591047
9369,99,1,69,93.92113863707701
9370,99,1,70,243.66275334829862
9371,99,1,71,243.44998681919824
9372,99,1,72,205.97236306423963
9373,99,1,73,224.5807749942763
9374,99,1,74,227.44082856458294
9375,99,1,75,77.81582656825893
9376,99,1,76,226.96532514804804
9377,99,1,77,224.447136373768
9378,99,1,78,95.27508413018431
9379,99,1,79,243.67720770844784
9380,99,1,80,68.0611694724673
9381,99,1,81,64.05248314223034
9382,99,1,82,72.52740683816714
9383,99,1,83,224.73103264144538
9384,99,1,84,224.61467857690474
9385,99,1,85,95.14204217241368
9386,99,1,86,64.94476846813879
9387,99,1,87,77.7510892136554
9388,99,1,88,95.16646204066174
9389,99,1,89,229.92072509093003
9390,99,1,90,220.0824404018618
9391,99,1,91,68.71039106717693
9392,99,1,92,70.03869405984416
9393,99,1,93,95.89158440269004
9394,99,1,94,63.59767463038173
9395,99,1,95,70.43138532883316
9396,99,1,96,77.98117501745857
9397,99,1,97,82.47753971398663
9398,99,1,98,243.75980712838526
9399,99,1,99,219.27910275274968
9400,99,2,0,233.19136843125983
9401,99,2,1,236.08734269306743
9402,99,2,2,237.10913148145434
9403,99,2,3,234.4509750718378
9404,99,2,4,239.0861356342137
9405,99,2,5,235.72022616826493
9406,99,2,6,234.328670266687
9407,99,2,7,234.56373818127102
9408,99,2,8,239.69632227117035
9409,99,2,9,242.75633805222552
9410,99,2,10,236.62935922574505
9411,99,2,11,224.47033430993525
9412,99,2,12,241.31965172529559
9413,99,2,13,234.20120473191372
9414,99,2,14,238.62295406548736
9415,99,2,15,224.8965355595006
9416,99,2,16,236.8181416457364
9417,99,2,17,236.75245948387237
9418,99,2,18,237.9954528545487
9419,99,2,19,237.67808873163585
9420,99,2,20,236.53946713685303
9421,99,2,21,239.35520150633073
9422,99,2,22,239.1200672382089
9423,99,2,23,240.07350240227805
9424,99,2,24,234.73055576401447
9425,99,2,25,235.06677407491972
9426,99,2,26,237.8252589977461
9427,99,2,27,231.4919162614392
9428,99,2,28,239.40031405038602
9429,99,2,29,236.14655359298303
9430,99,2,30,243.28112631000326
9431,99,2,31,235.7360836510085
9432,99,2,32,235.91372942064527
9433,99,2,33,235.51186154930167
9434,99,2,34,232.61840295536135
9435,99,2,35,242.3193621117881
9436,99,2,36,241.58235330349876
9437,99,2,37,243.14630436134033
9438,99,2,38,238.82414980725616
9439,99,2,39,235.52459118062887
9440,99,2,40,238.9621872325538
9441,99,2,41,239.50717328478697
9442,99,2,42,235.9852717129022
9443,99,2,43,234.54706952075276
9444,99,2,44,237.16336134924342
9445,99,2,45,237.23675134433796
9446,99,2,46,234.18339958059593
9447,99,2,47,234.05234330075083
9448,99,2,48,231.59228223414647
9449,99,2,49,238.82389265264587
9450,99,2,50,229.2843486349914
9451,99,2,51,230.63588859427344
9452,99,2,52,234.85456065264083
9453,99,2,53,241.18729069106303
9454,99,2,54,241.7997271173115
9455,99,2,55,242.56114567451746
9456,99,2,56,224.53662784608485
9457,99,2,57,242.93270892653345
9458,99,2,58,235.87959665115343
9459,99,2,59,232.56401583187213
9460,99,2,60,242.43586174159705
9461,99,2,61,237.9597528972322
9462,99,2,62,234.28702240979771
9463,99,2,63,234.6075350255279
9464,99,2,64,241.59368828988525
9465,99,2,65,239.76823634371016
9466,99,2,66,242.98490355785245
9467,99,2,67,242.50785715620518
9468,99,2,68,248.5759670553177
9469,99,2,69,238.9250809686027
9470,99,2,70,240.70079582280118
9471,99,2,71,240.76994085728032
9472,99,2,72,248.8527545036615
9473,99,2,73,241.70803975813044
9474,99,2,74,239.5614313963481
9475,99,2,75,239.95541876817606
9476,99,2,76,237.45025354842974
9477,99,2,77,224.53683257372393
9478,99,2,78,239.01021973061083
9479,99,2,79,235.00615375916666
9480,99,2,80,238.05957571422732
9481,99,2,81,236.3806069212563
9482,99,2,82,243.08869779607252
9483,99,2,83,233.52339404475956
9484,99,2,84,232.51327165715037
9485,99,2,85,233.24014701272708
9486,99,2,86,237.42061099589085
9487,99,2,87,233.43063476410202
9488,99,2,88,243.22632988815423
9489,99,2,89,236.2885914470397
9490,99,2,90,237.91508941077524
9491,99,2,91,239.6412663882272
9492,99,2,92,243.25782494006637
9493,99,2,93,236.08177264910978
9494,99,2,94,241.00121208511413
9495,99,2,95,235.18397603432265
9496,99,2,96,242.33129844178126
9497,99,2,97,236.38462309990237
9498,99,2,98,237.80912007139992
9499,99,2,99,242.24904846022324
9500,99,3,0,465.0375412497384
9501,99,3,1,443.79557676914044
9502,99,3,2,486.8851411149513
9503,99,3,3,412.1163701323976
9504,99,3,4,438.790263351478
9505,99,3,5,440.620725522154
9506,99,3,6,462.6527119652705
9507,99,3,7,469.54406732364225
9508,99,3,8,450.78037919369984
9509,99,3,9,438.59405532335745
9510,99,3,10,487.2425093281296
9511,99,3,11,411.65891049474874
9512,99,3,12,429.9543273058154
9513,99,3,13,431.0717628533024
9514,99,3,14,410.07996766141906
9515,99,3,15,485.928560500363
9516,99,3,16,486.7725539740398
9517,99,3,17,409.84208269501113
9518,99,3,18,422.82758097808323
9519,99,3,19,481.7788329654191
9520,99,3,20,464.9950590827542
9521,99,3,21,470.38448973595797
9522,99,3,22,421.3536454407843
9523,99,3,23,409.126628514148
9524,99,3,24,455.056913631179
9525,99,3,25,413.2629221435896
9526,99,3,26,461.01200323751146
9527,99,3,27,427.433273859558
9528,99,3,28,487.9249984810787
9529,99,3,29,431.4730284754473
9530,99,3,30,424.65046190264326
9531,99,3,31,455.0722259864829
9532,99,3,32,451.41000275795375
9533,99,3,33,488.94793863909115
9534,99,3,34,407.47219372252727
9535,99,3,35,444.7549324284837
9536,99,3,36,491.71697364439126
9537,99,3,37,446.00727648580255
9538,99,3,38,417.03231887512186
9539,99,3,39,422.6980413749755
9540,99,3,40,442.453454846977
9541,99,3,41,449.78782982278994
9542,99,3,42,484.32556732458414
9543,99,3,43,489.7895440886446
9544,99,3,44,470.38844338650495
9545,99,3,45,494.52862252716614
9546,99,3,46,444.2697843995684
9547,99,3,47,486.65680359599344
9548,99,3,48,416.60564404061694
9549,99,3,49,490.3415121343818
9550,99,3,50,442.46269061295385
9551,99,3,51,414.4024068184924
9552,99,3,52,482.45823245768815
9553,99,3,53,450.84057037101485
9554,99,3,54,494.1817361477095
9555,99,3,55,410.2558799752325
9556,99,3,56,486.18265712133336
9557,99,3,57,408.81222073630664
9558,99,3,58,455.00912195043037
9559,99,3,59,412.88810612409435
9560,99,3,60,476.1860497152622
9561,99,3,61,406.39127492787003
9562,99,3,62,440.1348206135205
9563,99,3,63,442.5599442141872
9564,99,3,64,411.40041459991636
9565,99,3,65,490.2391857089419
9566,99,3,66,434.16029191006015
9567,99,3,67,447.1754938170566
9568,99,3,68,480.93317019271825
9569,99,3,69,447.39651237723916
9570,99,3,70,469.92701676951253
9571,99,3,71,432.4957748833288
9572,99,3,72,402.2365665232214
9573,99,3,73,412.7004832359015
9574,99,3,74,408.75190012462554
9575,99,3,75,489.2143211545363
9576,99,3,76,409.80920083676483
9577,99,3,77,460.7970414553642
9578,99,3,78,490.55865515560413
9579,99,3,79,431.3356950513993
9580,99,3,80,430.2102199022422
9581,99,3,81,489.21895502594873
9582,99,3,82,467.1801103373873
9583,99,3,83,465.5078312745844
9584,99,3,84,421.3478043608371
9585,99,3,85,447.50009470563407
9586,99,3,86,424.3859077516716
9587,99,3,87,456.3190644362351
9588,99,3,88,467.3336171506793
9589,99,3,89,487.64587467978237
9590,99,3,90,432.49905596041737
9591,99,3,91,413.35232008111575
9592,99,3,92,463.4284981429076
9593,99,3,93,448.7182403262553
9594,99,3,94,450.7526431223202
9595,99,3,95,486.4244055534581
9596,99,3,96,488.4342034767043
9597,99,3,97,449.81628848187813
9598,99,3,98,410.27345153872403
9599,99,3,99,472.8527933580712
9600,104,1,0,222.7056444138567
9601,104,1,1,265.8992588605488
9602,104,1,2,222.3626489008465
9603,104,1,3,246.33934372546113
9604,104,1,4,222.51003629919418
9605,104,1,5,222.39632998944668
9606,104,1,6,267.9375911877319
9607,104,1,7,222.39799296469022
9608,104,1,8,252.99523215219435
9609,104,1,9,233.24941939366408
9610,104,1,10,222.40230723447343
9611,104,1,11,184.50928847048363
9612,104,1,12,247.30608505868184
9613,104,1,13,257.978784670955
9614,104,1,14,222.39754832165147
9615,104,1,15,222.6746246156858
9616,104,1,16,247.73435753046402
9617,104,1,17,222.4834034689251
9618,104,1,18,247.1813374737113
9619,104,1,19,220.13265621291504
9620,104,1,20,222.4953536733832
9621,104,1,21,222.37691695515133
9622,104,1,22,225.63435009423617
9623,104,1,23,206.1798034729521
9624,104,1,24,222.54714392671212
9625,104,1,25,247.71244324914446
9626,104,1,26,222.82881941733322
9627,104,1,27,249.04939213034726
9628,104,1,28,227.56590270829585
9629,104,1,29,247.71995731565573
9630,104,1,30,247.73813385110373
9631,104,1,31,222.46007624556535
9632,104,1,32,222.37470294343916
9633,104,1,33,108.90765185609975
9634,104,1,34,222.37617530052555
9635,104,1,35,247.7301593122496
9636,104,1,36,222.3900169366525
9637,104,1,37,222.35939534349583
9638,104,1,38,251.2750365183262
9639,104,1,39,222.43668876434882
9640,104,1,40,227.17050782905804
9641,104,1,41,222.48252203174474
9642,104,1,42,226.7803159246426
9643,104,1,43,222.36789362398295
9644,104,1,44,198.6746192293861
9645,104,1,45,233.2132935575619
9646,104,1,46,223.0292243824295
9647,104,1,47,222.38902838943855
9648,104,1,48,223.28228634271156
9649,104,1,49,245.63202561341433
9650,104,1,50,247.7293500454709
9651,104,1,51,222.40623970645342
9652,104,1,52,196.40937543248057
9653,104,1,53,222.4175057899691
9654,104,1,54,373.09556582838286
9655,104,1,55,222.47823696534735
9656,104,1,56,222.3799947581591
9657,104,1,57,222.3601213459008
9658,104,1,58,194.04669355463412
9659,104,1,59,247.51442097709332
9660,104,1,60,247.48981621917477
9661,104,1,61,222.41065432362717
9662,104,1,62,222.385101716797
9663,104,1,63,222.62991555466448
9664,104,1,64,218.6927529727709
9665,104,1,65,222.36238349096175
9666,104,1,66,247.72977440929884
9667,104,1,67,78.97042472371896
9668,104,1,68,111.18452288708853
9669,104,1,69,222.4276448641554
9670,104,1,70,230.89805246911698
9671,104,1,71,222.3987767036419
9672,104,1,72,223.3983932627073
9673,104,1,73,222.43293298428893
9674,104,1,74,247.65757735640673
9675,104,1,75,215.7288748677442
9676,104,1,76,228.17714067187407
9677,104,1,77,229.86999101375173
9678,104,1,78,222.4197945136685
9679,104,1,79,222.77991047184258
9680,104,1,80,222.43094514027854
9681,104,1,81,211.67768999002953
9682,104,1,82,247.74758327957957
9683,104,1,83,222.49741007284143
9684,104,1,84,222.9238422212049
9685,104,1,85,207.3060993702237
9686,104,1,86,270.57223326469847
9687,104,1,87,222.51706388380947
9688,104,1,88,222.4662127916188
9689,104,1,89,209.2857001254019
9690,104,1,90,230.6568906818936
9691,104,1,91,222.36005494090273
9692,104,1,92,221.96679804938225
9693,104,1,93,265.9397964765016
9694,104,1,94,237.59680476267238
9695,104,1,95,247.69915543461477
9696,104,1,96,222.4096547321254
9697,104,1,97,222.52398563792977
9698,104,1,98,222.5338576810478
9699,104,1,99,247.72253287848687
9700,104,2,0,247.25395005980766
9701,104,2,1,247.66786172482597
9702,104,2,2,247.72633420766493
9703,104,2,3,247.66738742053403
9704,104,2,4,246.75630106201228
9705,104,2,5,247.7103835184032
9706,104,2,6,247.3528641828768
9707,104,2,7,247.32288901310642
9708,104,2,8,247.47478969950083
9709,104,2,9,247.7064613922824
9710,104,2,10,247.638655018497
9711,104,2,11,246.97555888264628
9712,104,2,12,247.60315832274637
9713,104,2,13,247.70574850055627
9714,104,2,14,247.7061325878901
9715,104,2,15,247.57608799071957
9716,104,2,16,247.72313856846446
9717,104,2,17,247.7448530212536
9718,104,2,18,240.10194181265288
9719,104,2,19,188.69626661699633
9720,104,2,20,247.7097400731856
9721,104,2,21,247.7294644435729
9722,104,2,22,210.20562488907868
9723,104,2,23,247.73078303410088
9724,104,2,24,247.63189923003083
9725,104,2,25,247.737605546719
9726,104,2,26,247.02562153176973
9727,104,2,27,247.74456943623716
9728,104,2,28,246.6761501019679
9729,104,2,29,247.45575969877902
9730,104,2,30,246.5956162677572
9731,104,2,31,202.45970193424475
9732,104,2,32,247.60960193520415
9733,104,2,33,247.55339959767974
9734,104,2,34,247.65950982116846
9735,104,2,35,247.73755088968548
9736,104,2,36,247.7091067910938
9737,104,2,37,247.5900266792265
9738,104,2,38,247.6591947266933
9739,104,2,39,247.7395310114583
9740,104,2,40,247.68750692802936
9741,104,2,41,247.74327399353578
9742,104,2,42,247.69860164299467
9743,104,2,43,247.613946800374
9744,104,2,44,247.28616633571235
9745,104,2,45,247.56966226894917
9746,104,2,46,247.74503277937615
9747,104,2,47,247.6701691067821
9748,104,2,48,247.71436670215084
9749,104,2,49,247.68295278629603
9750,104,2,50,247.73249468404796
9751,104,2,51,247.71986384312035
9752,104,2,52,247.73643676511549
9753,104,2,53,246.81482921076366
9754,104,2,54,247.73974696384713
9755,104,2,55,247.25985548308347
9756,104,2,56,247.54810850158572
9757,104,2,57,247.7482259520975
9758,104,2,58,247.60669432129447
9759,104,2,59,247.5931859050828
9760,104,2,60,247.73495600340357
9761,104,2,61,247.72815387936637
9762,104,2,62,247.62395293738456
9763,104,2,63,247.14396766414896
9764,104,2,64,247.60487702301762
9765,104,2,65,222.05880714464078
9766,104,2,66,247.71629515581446
9767,104,2,67,247.51644551351288
9768,104,2,68,247.47269930114305
9769,104,2,69,247.59382691336066
9770,104,2,70,247.5681254994939
9771,104,2,71,247.695638315614
9772,104,2,72,247.21098247419238
9773,104,2,73,368.80213517226633
9774,104,2,74,242.66720298514244
9775,104,2,75,247.7396508444811
9776,104,2,76,247.39755798112148
9777,104,2,77,247.74250793716166
9778,104,2,78,247.6666203006775
9779,104,2,79,247.3842377156768
9780,104,2,80,247.20020465880955
9781,104,2,81,247.72337780896757
9782,104,2,82,247.32188214580046
9783,104,2,83,247.72318103236572
9784,104,2,84,247.41133671639054
9785,104,2,85,247.53192083484453
9786,104,2,86,247.74346511633075
9787,104,2,87,247.67586396604418
9788,104,2,88,247.61854163190844
9789,104,2,89,247.57883126144878
9790,104,2,90,385.3131727021721
9791,104,2,91,247.72672031573973
9792,104,2,92,247.74169139125715
9793,104,2,93,247.7393337738043
9794,104,2,94,247.59286120991305
9795,104,2,95,247.702517187132
9796,104,2,96,246.81831316305053
9797,104,2,97,247.32505373561136
9798,104,2,98,247.57871258646932
9799,104,2,99,247.23478125331383
9800,104,3,0,377.6922966083793
9801,104,3,1,365.5660250441781
9802,104,3,2,381.5280757657206
9803,104,3,3,384.0226595036756
9804,104,3,4,375.65438894165845
9805,104,3,5,378.422410325869
9806,104,3,6,368.40962152832486
9807,104,3,7,381.3153022524097
9808,104,3,8,346.5849394853498
9809,104,3,9,378.5794836213828
9810,104,3,10,371.50147295793033
9811,104,3,11,535.7682241998169
9812,104,3,12,531.7523980589549
9813,104,3,13,515.5262378290071
9814,104,3,14,384.3003004396487
9815,104,3,15,378.3948739645501
9816,104,3,16,383.06686672584715
9817,104,3,17,378.2322209832723
9818,104,3,18,378.5252657610667
9819,104,3,19,535.7799745211713
9820,104,3,20,527.7824483665382
9821,104,3,21,523.6285798676377
9822,104,3,22,377.63259099606074
9823,104,3,23,531.86628657196
9824,104,3,24,515.846500574917
9825,104,3,25,522.167794943436
9826,104,3,26,530.7314879116982
9827,104,3,27,387.6400291118513
9828,104,3,28,533.7121762280626
9829,104,3,29,380.53510155373414
9830,104,3,30,386.04078353407135
9831,104,3,31,371.367816057253
9832,104,3,32,388.75456947519103
9833,104,3,33,374.54015849780814
9834,104,3,34,530.0514511173992
9835,104,3,35,536.775078524772
9836,104,3,36,534.6740726376828
9837,104,3,37,366.0802567772627
9838,104,3,38,528.9187164093041
9839,104,3,39,381.2685437362944
9840,104,3,40,523.5066180662036
9841,104,3,41,372.9781400909549
9842,104,3,42,372.36431480273745
9843,104,3,43,376.1322785545214
9844,104,3,44,380.3781947932432
9845,104,3,45,374.0746570933443
9846,104,3,46,381.40732412140085
9847,104,3,47,378.28002440313
9848,104,3,48,376.93807154086454
9849,104,3,49,389.2608241464036
9850,104,3,50,369.062436633769
9851,104,3,51,375.1722751850314
9852,104,3,52,377.8635563787261
9853,104,3,53,389.2976525002937
9854,104,3,54,516.523999347071
9855,104,3,55,374.42292462127773
9856,104,3,56,515.8051656893821
9857,104,3,57,365.8566357508508
9858,104,3,58,389.4078816853513
9859,104,3,59,530.4494125970047
9860,104,3,60,529.5401099429013
9861,104,3,61,366.5501027362006
9862,104,3,62,389.117666751868
9863,104,3,63,534.5829522716099
9864,104,3,64,379.6739695928336
9865,104,3,65,364.0893512799769
9866,104,3,66,368.7683760366742
9867,104,3,67,526.7043721951325
9868,104,3,68,375.7672812768021
9869,104,3,69,530.9288255313028
9870,104,3,70,389.55399965098223
9871,104,3,71,384.9263215494027
9872,104,3,72,387.3144285147774
9873,104,3,73,388.03284667135995
9874,104,3,74,369.2137553664905
9875,104,3,75,376.08142253810104
9876,104,3,76,370.7464511706603
9877,104,3,77,530.3039278122051
9878,104,3,78,532.8804447990916
9879,104,3,79,377.85538274243095
9880,104,3,80,532.170379776981
9881,104,3,81,372.76862192458714
9882,104,3,82,378.97161622484504
9883,104,3,83,374.08916321422856
9884,104,3,84,380.30805384562984
9885,104,3,85,376.46764448296506
9886,104,3,86,529.1348052507983
9887,104,3,87,389.56492862087515
9888,104,3,88,520.1892899115238
9889,104,3,89,381.044698716737
9890,104,3,90,534.9552465850988
9891,104,3,91,389.5013883905995
9892,104,3,92,532.3509761044483
9893,104,3,93,382.07059642798055
9894,104,3,94,380.0814589514227
9895,104,3,95,377.80907529543765
9896,104,3,96,368.95639298448333
9897,104,3,97,515.9348541395352
9898,104,3,98,363.21380393954075
9899,104,3,99,389.13620154239527
9900,105,1,0,209.42739891199932
9901,105,1,1,102.99590208378652
9902,105,1,2,209.3203419213253
9903,105,1,3,209.20586071941918
9904,105,1,4,209.23615097780976
9905,105,1,5,209.33408604762485
9906,105,1,6,73.808300497718
9907,105,1,7,209.31512235766982
9908,105,1,8,209.2830663271118
9909,105,1,9,67.5628539023533
9910,105,1,10,103.65690453192042
9911,105,1,11,79.27952138430994
9912,105,1,12,103.0427706959752
9913,105,1,13,103.38929873409913
9914,105,1,14,209.19167213980558
9915,105,1,15,84.37266316926974
9916,105,1,16,81.28731394488304
9917,105,1,17,72.97994710069318
9918,105,1,18,209.34073239788
9919,105,1,19,209.35311643883782
9920,105,1,20,78.59458862577635
9921,105,1,21,83.62690671391444
9922,105,1,22,209.30753393391453
9923,105,1,23,209.359689379651
9924,105,1,24,209.2986057128755
9925,105,1,25,209.32805964327397
9926,105,1,26,103.40354618138751
9927,105,1,27,210.57445206862897
9928,105,1,28,209.25411707466097
9929,105,1,29,236.1315820120912
9930,105,1,30,209.7941945013516
9931,105,1,31,209.40129587496904
9932,105,1,32,209.33748262269899
9933,105,1,33,102.98330445000994
9934,105,1,34,102.91282557795431
9935,105,1,35,209.3289024238771
9936,105,1,36,103.0607908584444
9937,105,1,37,103.37053113258013
9938,105,1,38,209.289629642217
9939,105,1,39,102.65506080329489
9940,105,1,40,209.26297314917153
9941,105,1,41,209.21074085198956
9942,105,1,42,209.26979636422922
9943,105,1,43,102.73416024678428
9944,105,1,44,79.61193607609977
9945,105,1,45,209.2502602753193
9946,105,1,46,103.56274710488705
9947,105,1,47,209.26293504763882
9948,105,1,48,102.98627092064375
9949,105,1,49,209.21338611905398
9950,105,1,50,209.39009465490304
9951,105,1,51,87.43369091683712
9952,105,1,52,209.34501875217808
9953,105,1,53,103.1805786905281
9954,105,1,54,237.27509503471038
9955,105,1,55,209.22718237781385
9956,105,1,56,209.21857498386478
9957,105,1,57,209.2118875415784
9958,105,1,58,102.55088343437582
9959,105,1,59,71.03077014700854
9960,105,1,60,209.326678699934
9961,105,1,61,102.95493892313678
9962,105,1,62,103.50448793722585
9963,105,1,63,209.2184245733751
9964,105,1,64,209.34112639489325
9965,105,1,65,209.78791251554492
9966,105,1,66,209.19723584689527
9967,105,1,67,210.36389134328115
9968,105,1,68,209.66439307277258
9969,105,1,69,209.19164219258093
9970,105,1,70,209.1888840990706
9971,105,1,71,209.19069584669427
9972,105,1,72,209.2745672981116
9973,105,1,73,209.43119676058933
9974,105,1,74,102.62073243416474
9975,105,1,75,83.6577602058451
9976,105,1,76,209.22864254719704
9977,105,1,77,209.38668335184155
9978,105,1,78,209.1895911944925
9979,105,1,79,209.20235314840838
9980,105,1,80,209.20466765043034
9981,105,1,81,213.82675998223027
9982,105,1,82,209.22809963101457
9983,105,1,83,103.29979049921477
9984,105,1,84,209.49039190195896
9985,105,1,85,103.25648398996726
9986,105,1,86,209.31949731668317
9987,105,1,87,103.18470133273594
9988,105,1,88,103.21346929192626
9989,105,1,89,103.0518311370623
9990,105,1,90,102.96061229919327
9991,105,1,91,102.59852454595072
9992,105,1,92,209.36759085659776
9993,105,1,93,209.4116252999786
9994,105,1,94,103.38823136627599
9995,105,1,95,102.5806257367714
9996,105,1,96,102.89787196304987
9997,105,1,97,103.0348680962792
9998,105,1,98,243.6603249510757
9999,105,1,99,209.43500207121264
10000,105,2,0,442.8779401613185
10001,105,2,1,469.25737071464175
10002,105,2,2,471.4093687716801
10003,105,2,3,429.57670992484526
10004,105,2,4,459.73670481837695
10005,105,2,5,404.06058535249974
10006,105,2,6,368.2187652403838
10007,105,2,7,403.61418756522806
10008,105,2,8,367.6884889069608
10009,105,2,9,443.2528716975587
10010,105,2,10,449.333682987241
10011,105,2,11,439.3812309268176
10012,105,2,12,369.52258524531044
10013,105,2,13,475.9578286932577
10014,105,2,14,421.86800821183925
10015,105,2,15,367.70851548207906
10016,105,2,16,406.0314476931352
10017,105,2,17,367.9964479284831
10018,105,2,18,367.75493639713534
10019,105,2,19,368.9469350629334
10020,105,2,20,420.63401630043205
10021,105,2,21,367.6753876344391
10022,105,2,22,367.8602377714892
10023,105,2,23,420.57499542696905
10024,105,2,24,367.9760981880397
10025,105,2,25,368.3336686937156
10026,105,2,26,420.2011612638343
10027,105,2,27,442.2890189485078
10028,105,2,28,368.0533508529558
10029,105,2,29,367.7369534508052
10030,105,2,30,367.94631146995516
10031,105,2,31,425.84138019941867
10032,105,2,32,367.7036386247589
10033,105,2,33,427.05357409924534
10034,105,2,34,367.66818001229694
10035,105,2,35,437.31701463441834
10036,105,2,36,454.09606461353417
10037,105,2,37,439.93361455862237
10038,105,2,38,428.2597908536342
10039,105,2,39,367.89182870054583
10040,105,2,40,429.04547271187346
10041,105,2,41,367.9042871806665
10042,105,2,42,415.5012834217579
10043,105,2,43,367.7716389950773
10044,105,2,44,416.26663479850987
10045,105,2,45,367.73354169447475
10046,105,2,46,421.85158438976003
10047,105,2,47,411.17050420635417
10048,105,2,48,451.61364721609743
10049,105,2,49,367.6929684063301
10050,105,2,50,454.21263040827046
10051,105,2,51,391.36993028082185
10052,105,2,52,367.7089288441903
10053,105,2,53,422.59952311767324
10054,105,2,54,367.7229788370013
10055,105,2,55,367.6857202516401
10056,105,2,56,368.13937799787743
10057,105,2,57,367.66400606671084
10058,105,2,58,367.75438129508706
10059,105,2,59,367.76062135182883
10060,105,2,60,367.6799336730224
10061,105,2,61,409.20040640314113
10062,105,2,62,439.7949439491109
10063,105,2,63,428.60914432121825
10064,105,2,64,367.6797604131002
10065,105,2,65,367.73230651353083
10066,105,2,66,367.76361395080784
10067,105,2,67,445.974780936643
10068,105,2,68,367.7401983863201
10069,105,2,69,367.6803633090182
10070,105,2,70,367.76294170180216
10071,105,2,71,368.05040844279773
10072,105,2,72,367.7775052198273
10073,105,2,73,367.8929850951181
10074,105,2,74,463.2631428143513
10075,105,2,75,367.7625748325272
10076,105,2,76,367.7732290575125
10077,105,2,77,423.0945945566728
10078,105,2,78,442.76194312054395
10079,105,2,79,436.87591826927286
10080,105,2,80,440.1615006790116
10081,105,2,81,368.0416109295109
10082,105,2,82,368.0336710661527
10083,105,2,83,439.62438594093373
10084,105,2,84,417.7137837544455
10085,105,2,85,458.2784234503465
10086,105,2,86,367.6944381216626
10087,105,2,87,427.48316487297353
10088,105,2,88,367.9895753128746
10089,105,2,89,367.7682807352287
10090,105,2,90,367.6720464564219
10091,105,2,91,389.5206773766728
10092,105,2,92,367.6804311957035
10093,105,2,93,411.3453934205748
10094,105,2,94,399.7930420692204
10095,105,2,95,421.05885593531644
10096,105,2,96,369.2879860867242
10097,105,2,97,417.80249546061634
10098,105,2,98,367.9437678497469
10099,105,2,99,457.17519895768095
10100,105,3,0,516.5974617277994
10101,105,3,1,387.25566909754474
10102,105,3,2,515.2244497806372
10103,105,3,3,387.04827624478975
10104,105,3,4,517.9361568452017
10105,105,3,5,516.4174169567985
10106,105,3,6,336.4115677883584
10107,105,3,7,516.60507764047
10108,105,3,8,516.9238159407196
10109,105,3,9,512.0613955500171
10110,105,3,10,512.4974948813007
10111,105,3,11,511.1724391736838
10112,105,3,12,514.4383941849404
10113,105,3,13,387.1347314711504
10114,105,3,14,512.5838084224215
10115,105,3,15,521.5471401374876
10116,105,3,16,512.4206857173917
10117,105,3,17,517.2717612897163
10118,105,3,18,517.6414868255999
10119,105,3,19,515.4452969741944
10120,105,3,20,515.7576233848588
10121,105,3,21,511.88060655204936
10122,105,3,22,515.8619357024944
10123,105,3,23,516.3561459952589
10124,105,3,24,518.0198444298936
10125,105,3,25,515.1104389275929
10126,105,3,26,514.1995948715529
10127,105,3,27,516.0935371771108
10128,105,3,28,511.2450270374465
10129,105,3,29,387.1313076653066
10130,105,3,30,512.724798294371
10131,105,3,31,387.23056963403775
10132,105,3,32,519.8010020133116
10133,105,3,33,335.57659710268587
10134,105,3,34,516.0378409691307
10135,105,3,35,514.8950764526419
10136,105,3,36,514.4505146519414
10137,105,3,37,386.48060440262964
10138,105,3,38,512.6336304826507
10139,105,3,39,340.6796695038692
10140,105,3,40,514.4675744888805
10141,105,3,41,515.7279212388366
10142,105,3,42,517.1543789035139
10143,105,3,43,517.926862361382
10144,105,3,44,511.5285734361812
10145,105,3,45,516.3233509020912
10146,105,3,46,515.5621432253174
10147,105,3,47,516.1641808178281
10148,105,3,48,515.9332471732043
10149,105,3,49,510.8556734932532
10150,105,3,50,513.8939566663054
10151,105,3,51,514.1420212535307
10152,105,3,52,512.6683542982746
10153,105,3,53,387.20441954662493
10154,105,3,54,517.0281807682908
10155,105,3,55,513.2209356308039
10156,105,3,56,516.8051979898971
10157,105,3,57,513.4301671093775
10158,105,3,58,512.7251468804967
10159,105,3,59,353.7054159045013
10160,105,3,60,511.50836130795165
10161,105,3,61,512.079300728304
10162,105,3,62,516.4656275195043
10163,105,3,63,515.4613535798868
10164,105,3,64,517.5553220437569
10165,105,3,65,513.7441482594276
10166,105,3,66,514.9621427930601
10167,105,3,67,518.0317695896748
10168,105,3,68,514.0873883246244
10169,105,3,69,516.8428818708809
10170,105,3,70,515.4657130641373
10171,105,3,71,387.2362629440342
10172,105,3,72,513.1932402040856
10173,105,3,73,487.6570688434809
10174,105,3,74,512.5667819517345
10175,105,3,75,515.1606499702917
10176,105,3,76,520.969644636945
10177,105,3,77,508.3005121499019
10178,105,3,78,511.20984972354483
10179,105,3,79,517.1788156989179
10180,105,3,80,387.24140709946033
10181,105,3,81,512.9444216246015
10182,105,3,82,512.0135491690024
10183,105,3,83,346.6596056406805
10184,105,3,84,507.82365677147425
10185,105,3,85,517.4176591036786
10186,105,3,86,323.6501927369065
10187,105,3,87,513.6203265270437
10188,105,3,88,509.2209934353911
10189,105,3,89,513.4502698944991
10190,105,3,90,509.7207151819002
10191,105,3,91,364.54248830514
10192,105,3,92,516.3508557716259
10193,105,3,93,520.1230938584013
10194,105,3,94,514.441560242122
10195,105,3,95,512.1771725555418
10196,105,3,96,515.7979146147109
10197,105,3,97,517.190741937274
10198,105,3,98,516.1994414083053
10199,105,3,99,516.2120782449969
10200,109,1,0,183.10589231709554
10201,109,1,1,191.12912349819155
10202,109,1,2,161.75473092242106
10203,109,1,3,117.01335513628274
10204,109,1,4,133.45372787489615
10205,109,1,5,179.112048516312
10206,109,1,6,159.46695951553076
10207,109,1,7,157.50599556180555
10208,109,1,8,135.57632388616923
10209,109,1,9,142.16569537188664
10210,109,1,10,107.87091927091323
10211,109,1,11,193.5071457538384
10212,109,1,12,187.02556205908567
10213,109,1,13,185.78403815770596
10214,109,1,14,176.62945526751847
10215,109,1,15,143.22302624580144
10216,109,1,16,108.60714443098092
10217,109,1,17,105.26790940270755
10218,109,1,18,132.96213266913114
10219,109,1,19,180.3060921266828
10220,109,1,20,189.5774800408621
10221,109,1,21,161.00748089172194
10222,109,1,22,108.64156950659971
10223,109,1,23,183.01208571120054
10224,109,1,24,198.00599340230139
10225,109,1,25,145.7381895003202
10226,109,1,26,204.11395360103418
10227,109,1,27,187.70300860506646
10228,109,1,28,113.27744301353941
10229,109,1,29,112.91798985325273
10230,109,1,30,184.20441363466264
10231,109,1,31,183.43974198608274
10232,109,1,32,97.01621333712974
10233,109,1,33,147.43377976410736
10234,109,1,34,152.17163542698194
10235,109,1,35,116.84436146857705
10236,109,1,36,108.26924281621676
10237,109,1,37,149.146827782336
10238,109,1,38,142.14279511539561
10239,109,1,39,112.61469246967891
10240,109,1,40,148.91651292322854
10241,109,1,41,174.0491174158792
10242,109,1,42,147.93924481870786
10243,109,1,43,187.92017841285235
10244,109,1,44,138.23640191377058
10245,109,1,45,186.69074895375184
10246,109,1,46,146.67939036689899
10247,109,1,47,147.6267419209725
10248,109,1,48,150.9875179982174
10249,109,1,49,158.79033223499053
10250,109,1,50,187.17034048730645
10251,109,1,51,112.93085401916784
10252,109,1,52,107.58028832917084
10253,109,1,53,108.63631590546056
10254,109,1,54,190.33351104433962
10255,109,1,55,193.90154784498444
10256,109,1,56,152.59542972931982
10257,109,1,57,165.84782278695496
10258,109,1,58,110.75924107575548
10259,109,1,59,110.96052795291915
10260,109,1,60,172.7586490533458
10261,109,1,61,195.688715333765
10262,109,1,62,109.12419421623
10263,109,1,63,139.64765938426052
10264,109,1,64,145.1407007386682
10265,109,1,65,109.96980383938163
10266,109,1,66,188.39295100840042
10267,109,1,67,191.95132208663196
10268,109,1,68,97.44108860927501
10269,109,1,69,147.6349949790319
10270,109,1,70,186.9975119901715
10271,109,1,71,149.71734737838298
10272,109,1,72,157.6133124140392
10273,109,1,73,107.74630399638016
10274,109,1,74,198.7160103099032
10275,109,1,75,122.1214538260737
10276,109,1,76,116.38826731797302
10277,109,1,77,114.90783932888277
10278,109,1,78,152.1173107590103
10279,109,1,79,170.2678993574771
10280,109,1,80,145.20151692950247
10281,109,1,81,190.96935758730794
10282,109,1,82,187.57488579561016
10283,109,1,83,108.05912060884083
10284,109,1,84,193.23204561781805
10285,109,1,85,152.15745949852985
10286,109,1,86,110.16527151215142
10287,109,1,87,153.4667514332508
10288,109,1,88,193.99951554420113
10289,109,1,89,192.3587148091933
10290,109,1,90,184.2419925109597
10291,109,1,91,161.8799332938812
10292,109,1,92,160.74747685021484
10293,109,1,93,193.44350234477042
10294,109,1,94,104.36804258506093
10295,109,1,95,183.9396335896713
10296,109,1,96,109.3769641985358
10297,109,1,97,193.20397918337272
10298,109,1,98,109.17830285600526
10299,109,1,99,114.94024651314302
10300,109,2,0,386.1570988098639
10301,109,2,1,373.8675099164667
10302,109,2,2,356.0675740568367
10303,109,2,3,386.00539558600315
10304,109,2,4,382.29543646675364
10305,109,2,5,393.2554655766353
10306,109,2,6,247.38900121348192
10307,109,2,7,224.95926935409508
10308,109,2,8,224.8916422310782
10309,109,2,9,367.19897207399816
10310,109,2,10,374.16134464783477
10311,109,2,11,234.0452088453612
10312,109,2,12,379.38000239782446
10313,109,2,13,368.3505427775336
10314,109,2,14,385.91326047313805
10315,109,2,15,378.6787157641321
10316,109,2,16,373.194178786338
10317,109,2,17,214.28966033508942
10318,109,2,18,232.36246423880704
10319,109,2,19,185.7959014379341
10320,109,2,20,385.5277899636129
10321,109,2,21,363.7835856098517
10322,109,2,22,228.15163623834815
10323,109,2,23,399.49722463602706
10324,109,2,24,241.04844834673733
10325,109,2,25,395.1267359922793
10326,109,2,26,238.65644899937254
10327,109,2,27,367.4901467538618
10328,109,2,28,237.97371144160363
10329,109,2,29,367.2095606595447
10330,109,2,30,390.9420172176429
10331,109,2,31,389.0339456763601
10332,109,2,32,384.19134801118895
10333,109,2,33,242.822261154282
10334,109,2,34,385.8718861919933
10335,109,2,35,143.26813659982
10336,109,2,36,378.1550775520262
10337,109,2,37,224.80089993042535
10338,109,2,38,367.4516295848759
10339,109,2,39,225.02220564341252
10340,109,2,40,397.10760375014894
10341,109,2,41,386.1973954511562
10342,109,2,42,386.15155578828876
10343,109,2,43,378.61533047883125
10344,109,2,44,358.3045666378663
10345,109,2,45,225.40143905032426
10346,109,2,46,247.91966098036374
10347,109,2,47,372.0389412289833
10348,109,2,48,398.0531097774972
10349,109,2,49,392.2887455369148
10350,109,2,50,158.30884420230203
10351,109,2,51,363.6621348700595
10352,109,2,52,180.2156991288305
10353,109,2,53,396.95230515255673
10354,109,2,54,250.04186524753555
10355,109,2,55,367.59978058965004
10356,109,2,56,226.9014395366576
10357,109,2,57,365.6592014834482
10358,109,2,58,383.60931885729195
10359,109,2,59,235.86707994981785
10360,109,2,60,234.92299942760786
10361,109,2,61,386.12520128228283
10362,109,2,62,238.46932199048118
10363,109,2,63,240.6633132220934
10364,109,2,64,367.2720845523989
10365,109,2,65,240.0985512682805
10366,109,2,66,378.90332370224064
10367,109,2,67,367.08187588028477
10368,109,2,68,218.0062418043498
10369,109,2,69,198.05091305657263
10370,109,2,70,216.0498890037058
10371,109,2,71,340.8927742388597
10372,109,2,72,398.1736451778978
10373,109,2,73,396.9480677272409
10374,109,2,74,376.40388218904405
10375,109,2,75,395.99398610072046
10376,109,2,76,250.12908590391194
10377,109,2,77,240.46066173839534
10378,109,2,78,247.8718585780414
10379,109,2,79,238.46604398173284
10380,109,2,80,367.21374120933945
10381,109,2,81,392.53207060735673
10382,109,2,82,385.9457927436617
10383,109,2,83,222.7405281457697
10384,109,2,84,370.85447263653583
10385,109,2,85,239.92136055281287
10386,109,2,86,222.09890442554334
10387,109,2,87,216.4862213976649
10388,109,2,88,241.01592357085337
10389,109,2,89,242.51793931541647
10390,109,2,90,250.13340895955906
10391,109,2,91,367.3026475890764
10392,109,2,92,212.2367685941666
10393,109,2,93,225.86888655644697
10394,109,2,94,250.14093835780702
10395,109,2,95,248.4434791244185
10396,109,2,96,380.47510157054154
10397,109,2,97,394.77054240157514
10398,109,2,98,223.4009846284283
10399,109,2,99,228.91647176722716
10400,109,3,0,395.1300969796085
10401,109,3,1,356.315856954982
10402,109,3,2,373.17136056832067
10403,109,3,3,371.2237188762242
10404,109,3,4,348.2689020965382
10405,109,3,5,361.3582990499535
10406,109,3,6,383.5310861106054
10407,109,3,7,390.91672163350876
10408,109,3,8,388.89480952849306
10409,109,3,9,369.32433742433034
10410,109,3,10,330.110449284513
10411,109,3,11,359.0971059498848
10412,109,3,12,340.10567972024035
10413,109,3,13,385.85086125092863
10414,109,3,14,348.2844213845658
10415,109,3,15,361.4553763211104
10416,109,3,16,355.6764828136169
10417,109,3,17,365.57643873271326
10418,109,3,18,332.22886827289506
10419,109,3,19,347.0448846826569
10420,109,3,20,345.79100940931767
10421,109,3,21,367.38274453056545
10422,109,3,22,367.41299603681125
10423,109,3,23,345.19315109922223
10424,109,3,24,374.9698070835699
10425,109,3,25,349.4831376254921
10426,109,3,26,387.28400647535034
10427,109,3,27,351.5339636274962
10428,109,3,28,528.5512533941188
10429,109,3,29,359.4280340045262
10430,109,3,30,376.3031043464695
10431,109,3,31,370.6006652369101
10432,109,3,32,379.82404373911334
10433,109,3,33,384.7878291122461
10434,109,3,34,513.9414309762909
10435,109,3,35,339.2490978310293
10436,109,3,36,368.7678332863552
10437,109,3,37,370.77493912205455
10438,109,3,38,367.31901137046714
10439,109,3,39,342.6972755853374
10440,109,3,40,378.7622823445255
10441,109,3,41,385.7407450703844
10442,109,3,42,380.93987883207666
10443,109,3,43,516.8215871608197
10444,109,3,44,379.48978795615443
10445,109,3,45,357.4789432004804
10446,109,3,46,300.9334461022994
10447,109,3,47,362.88514123559577
10448,109,3,48,380.7673416668028
10449,109,3,49,524.3885873418858
10450,109,3,50,383.47151681405643
10451,109,3,51,387.13656532603954
10452,109,3,52,516.2771476457611
10453,109,3,53,375.6538130877781
10454,109,3,54,386.13963772501074
10455,109,3,55,379.18112565728893
10456,109,3,56,340.6324643964945
10457,109,3,57,391.01174552246437
10458,109,3,58,367.2806032286182
10459,109,3,59,366.58066333586595
10460,109,3,60,377.08498373758175
10461,109,3,61,364.14819651631854
10462,109,3,62,518.0640669091806
10463,109,3,63,336.3788535069441
10464,109,3,64,382.2857403146646
10465,109,3,65,345.0926355116368
10466,109,3,66,337.94283904935315
10467,109,3,67,359.40371416810075
10468,109,3,68,516.5936425158193
10469,109,3,69,345.39873398589424
10470,109,3,70,354.4842183138637
10471,109,3,71,383.149382624388
10472,109,3,72,376.0962197914969
10473,109,3,73,516.9612042293799
10474,109,3,74,527.2889584804202
10475,109,3,75,361.3340981684301
10476,109,3,76,366.5635337618574
10477,109,3,77,360.8119383516819
10478,109,3,78,331.6337117569319
10479,109,3,79,533.6806574884439
10480,109,3,80,386.44184861311186
10481,109,3,81,388.8348135687184
10482,109,3,82,358.36118040860174
10483,109,3,83,383.8191578513379
10484,109,3,84,385.2620933403673
10485,109,3,85,381.27644821557396
10486,109,3,86,386.17918123361676
10487,109,3,87,516.7603435853378
10488,109,3,88,333.98555773971015
10489,109,3,89,372.63749779754454
10490,109,3,90,384.0525630022238
10491,109,3,91,368.710085509455
10492,109,3,92,518.1339590978225
10493,109,3,93,533.6261408006715
10494,109,3,94,516.5385011341591
10495,109,3,95,324.950680014424
10496,109,3,96,394.4336600154953
10497,109,3,97,336.8976807477213
10498,109,3,98,385.30863942875646
10499,109,3,99,398.1181890321829
10500,111,1,0,183.61095065986171
10501,111,1,1,166.60584669139945
10502,111,1,2,188.40324583345333
10503,111,1,3,180.50791465085388
10504,111,1,4,157.47494400839838
10505,111,1,5,98.31937631991225
10506,111,1,6,136.90823128554703
10507,111,1,7,140.68922471668878
10508,111,1,8,125.13615403439698
10509,111,1,9,145.95047966086014
10510,111,1,10,137.27670744217454
10511,111,1,11,147.60712772407118
10512,111,1,12,144.9652618123336
10513,111,1,13,115.10991122336453
10514,111,1,14,151.13634920590744
10515,111,1,15,165.83800288085726
10516,111,1,16,193.03753925173683
10517,111,1,17,191.26431080935845
10518,111,1,18,139.65605798164373
10519,111,1,19,190.11029414052805
10520,111,1,20,109.08152093708365
10521,111,1,21,188.41629315366635
10522,111,1,22,111.57343610952884
10523,111,1,23,109.76404833339518
10524,111,1,24,144.89600113031432
10525,111,1,25,109.23209867140568
10526,111,1,26,157.431564478102
10527,111,1,27,194.2371994729989
10528,111,1,28,115.7697125040827
10529,111,1,29,146.30229894278074
10530,111,1,30,110.44882588186451
10531,111,1,31,148.97116101232496
10532,111,1,32,121.85680297712646
10533,111,1,33,168.43304614174625
10534,111,1,34,109.74950980158175
10535,111,1,35,162.33888724774644
10536,111,1,36,121.43316395905947
10537,111,1,37,154.8918448933383
10538,111,1,38,143.3825501787662
10539,111,1,39,146.668381278028
10540,111,1,40,109.3702106139415
10541,111,1,41,156.43055330470534
10542,111,1,42,132.33681987828888
10543,111,1,43,150.80910232787912
10544,111,1,44,148.59112991839348
10545,111,1,45,142.05096427898397
10546,111,1,46,197.94382853354205
10547,111,1,47,114.07289062294154
10548,111,1,48,162.83358837025315
10549,111,1,49,167.49126870376477
10550,111,1,50,159.18091155658135
10551,111,1,51,182.64991132944232
10552,111,1,52,117.12309755110924
10553,111,1,53,186.45356721089178
10554,111,1,54,172.9757664027171
10555,111,1,55,193.29502581908008
10556,111,1,56,141.3917626972566
10557,111,1,57,125.5283766815967
10558,111,1,58,189.4079072942341
10559,111,1,59,146.64036575102944
10560,111,1,60,137.11401679306644
10561,111,1,61,187.50113225014937
10562,111,1,62,184.15525842358568
10563,111,1,63,130.79583971550477
10564,111,1,64,119.93397002706403
10565,111,1,65,150.52375622117938
10566,111,1,66,151.94399437407836
10567,111,1,67,148.78673022370052
10568,111,1,68,126.13445496464858
10569,111,1,69,127.07876514007368
10570,111,1,70,118.17553116525366
10571,111,1,71,97.21033592102802
10572,111,1,72,154.27028955354666
10573,111,1,73,110.45404512749462
10574,111,1,74,153.90132872819433
10575,111,1,75,175.7750442192484
10576,111,1,76,159.7060826801738
10577,111,1,77,153.66063562247865
10578,111,1,78,182.91087804542946
10579,111,1,79,109.65314336678664
10580,111,1,80,170.7158967341337
10581,111,1,81,126.93537214129252
10582,111,1,82,198.53525543596973
10583,111,1,83,114.88119057691868
10584,111,1,84,166.28645298487191
10585,111,1,85,109.6971651362778
10586,111,1,86,139.3612256647363
10587,111,1,87,119.33005786711202
10588,111,1,88,130.4551271832704
10589,111,1,89,111.76346303987657
10590,111,1,90,180.47850377159648
10591,111,1,91,189.69974954795006
10592,111,1,92,205.35235473694283
10593,111,1,93,186.656702394963
10594,111,1,94,113.25988329773547
10595,111,1,95,156.8843293881096
10596,111,1,96,175.92259677588459
10597,111,1,97,184.38335203037408
10598,111,1,98,132.80471703069463
10599,111,1,99,191.78776657090606
10600,111,2,0,244.0938206492746
10601,111,2,1,241.54496066582868
10602,111,2,2,249.08251794272238
10603,111,2,3,398.81100929690245
10604,111,2,4,391.3165800022039
10605,111,2,5,405.2204101270157
10606,111,2,6,250.07324797020968
10607,111,2,7,370.9195813069079
10608,111,2,8,399.8387910555693
10609,111,2,9,213.91856766443084
10610,111,2,10,370.71770643502657
10611,111,2,11,398.07566622514463
10612,111,2,12,383.9107078145438
10613,111,2,13,411.3436186180494
10614,111,2,14,238.42559789336661
10615,111,2,15,245.17134860255373
10616,111,2,16,244.52302707550075
10617,111,2,17,386.7119745502896
10618,111,2,18,393.5105983419436
10619,111,2,19,211.35603223626813
10620,111,2,20,384.0948175135172
10621,111,2,21,409.99055406138064
10622,111,2,22,370.7541851526919
10623,111,2,23,388.4736838703287
10624,111,2,24,393.69126333160216
10625,111,2,25,389.5028651159547
10626,111,2,26,370.76265466011023
10627,111,2,27,412.34939996295265
10628,111,2,28,389.71379418604283
10629,111,2,29,370.7470215118137
10630,111,2,30,380.8395687457629
10631,111,2,31,385.6337127232549
10632,111,2,32,370.7421153804316
10633,111,2,33,383.2443739697873
10634,111,2,34,398.2666287665932
10635,111,2,35,433.2845028643668
10636,111,2,36,370.7244601566882
10637,111,2,37,241.21574694615364
10638,111,2,38,370.7121808712615
10639,111,2,39,384.0969544800834
10640,111,2,40,388.1645300317632
10641,111,2,41,449.9746686002495
10642,111,2,42,370.73803752518
10643,111,2,43,408.27822217466786
10644,111,2,44,371.24756531183175
10645,111,2,45,370.79126478413303
10646,111,2,46,370.7531027668528
10647,111,2,47,405.68787627278607
10648,111,2,48,400.07592792128054
10649,111,2,49,386.8786575048608
10650,111,2,50,422.2041626901632
10651,111,2,51,386.61323421247715
10652,111,2,52,397.73174642955894
10653,111,2,53,244.3951648536207
10654,111,2,54,404.0880975447445
10655,111,2,55,247.15880166796148
10656,111,2,56,395.2120487586307
10657,111,2,57,402.3281424238243
10658,111,2,58,400.37275205884714
10659,111,2,59,371.1382819224108
10660,111,2,60,410.99344773014457
10661,111,2,61,406.3595749106307
10662,111,2,62,370.7398241487698
10663,111,2,63,370.7222698765007
10664,111,2,64,239.03664494519177
10665,111,2,65,387.2744347158879
10666,111,2,66,379.3006885723047
10667,111,2,67,246.02142208849125
10668,111,2,68,370.858657625384
10669,111,2,69,370.9162116869134
10670,111,2,70,427.2530336966496
10671,111,2,71,419.0668357369495
10672,111,2,72,219.8670007719024
10673,111,2,73,242.4398333531667
10674,111,2,74,407.6745200961519
10675,111,2,75,423.4778274406382
10676,111,2,76,243.1808787430454
10677,111,2,77,247.88958530162992
10678,111,2,78,371.0692065905898
10679,111,2,79,384.8757561634518
10680,111,2,80,370.7669173816715
10681,111,2,81,397.8699377132729
10682,111,2,82,393.959772228173
10683,111,2,83,394.804177064548
10684,111,2,84,405.4538216834814
10685,111,2,85,380.05767652000037
10686,111,2,86,413.01751121809434
10687,111,2,87,377.54833311562857
10688,111,2,88,410.55156752743187
10689,111,2,89,370.7519677340286
10690,111,2,90,387.1003182596451
10691,111,2,91,406.9819196261474
10692,111,2,92,244.1441348875225
10693,111,2,93,249.89004133955078
10694,111,2,94,246.942450119298
10695,111,2,95,248.50295475044544
10696,111,2,96,405.2919042383292
10697,111,2,97,383.1438114163851
10698,111,2,98,384.5251049172112
10699,111,2,99,383.4413211108785
10700,111,3,0,395.50935651187154
10701,111,3,1,389.9651494459304
10702,111,3,2,394.122407450593
10703,111,3,3,519.7784580562525
10704,111,3,4,386.8353889306498
10705,111,3,5,394.55306891770977
10706,111,3,6,393.5717763184969
10707,111,3,7,389.14279158942435
10708,111,3,8,394.94717848367594
10709,111,3,9,534.343397229935
10710,111,3,10,390.90642198281995
10711,111,3,11,386.4037473772883
10712,111,3,12,393.96697896860127
10713,111,3,13,392.5112745765553
10714,111,3,14,389.47148548533886
10715,111,3,15,392.70350323632874
10716,111,3,16,394.147541894911
10717,111,3,17,392.4346140409774
10718,111,3,18,389.4901712554377
10719,111,3,19,391.9284388582151
10720,111,3,20,520.0131730805425
10721,111,3,21,393.3897432389236
10722,111,3,22,395.68262260865635
10723,111,3,23,402.66864431785694
10724,111,3,24,393.86104542143215
10725,111,3,25,391.4523888117748
10726,111,3,26,389.0362566760536
10727,111,3,27,389.8453495343331
10728,111,3,28,389.54612216626555
10729,111,3,29,391.8920180753343
10730,111,3,30,395.7578919047813
10731,111,3,31,519.8833404649882
10732,111,3,32,392.85951221698383
10733,111,3,33,395.13267457870944
10734,111,3,34,393.49245514190756
10735,111,3,35,392.8872534086481
10736,111,3,36,391.82505955808284
10737,111,3,37,408.5534085573146
10738,111,3,38,395.07399239370443
10739,111,3,39,393.34158082591034
10740,111,3,40,393.89760709141757
10741,111,3,41,392.6600734166267
10742,111,3,42,393.0738945526075
10743,111,3,43,391.6261511839673
10744,111,3,44,536.9590287521441
10745,111,3,45,387.75338855779995
10746,111,3,46,524.2743738666998
10747,111,3,47,394.79408447819344
10748,111,3,48,535.9007956434167
10749,111,3,49,535.6729224160207
10750,111,3,50,390.6952474967455
10751,111,3,51,393.76767357732507
10752,111,3,52,389.44331040459525
10753,111,3,53,390.258700985912
10754,111,3,54,394.0312595427644
10755,111,3,55,394.8802112348534
10756,111,3,56,409.6527645948715
10757,111,3,57,519.7823111633485
10758,111,3,58,394.8254269774578
10759,111,3,59,394.4674374235157
10760,111,3,60,387.979839342984
10761,111,3,61,519.9531603820113
10762,111,3,62,392.6026202432323
10763,111,3,63,382.745096777567
10764,111,3,64,395.4539094808261
10765,111,3,65,390.8630531480817
10766,111,3,66,390.0498530178731
10767,111,3,67,392.6049812993073
10768,111,3,68,391.8427453161845
10769,111,3,69,391.7788803743903
10770,111,3,70,395.65201902474945
10771,111,3,71,386.81611341067185
10772,111,3,72,524.4783528932172
10773,111,3,73,391.81863943702865
10774,111,3,74,393.2334021270801
10775,111,3,75,395.7279282887784
10776,111,3,76,390.2478034838656
10777,111,3,77,389.25162144172083
10778,111,3,78,388.6031716657212
10779,111,3,79,392.7540802556201
10780,111,3,80,393.7250745276507
10781,111,3,81,517.231508510419
10782,111,3,82,388.6361949757677
10783,111,3,83,369.75789660363967
10784,111,3,84,393.7303871773191
10785,111,3,85,393.1798549806316
10786,111,3,86,378.08237741714623
10787,111,3,87,389.8219934659269
10788,111,3,88,536.7244754210222
10789,111,3,89,389.86073514846544
10790,111,3,90,392.16484983063344
10791,111,3,91,519.7995760805331
10792,111,3,92,390.710062757965
10793,111,3,93,395.213737702703
10794,111,3,94,393.62554362345145
10795,111,3,95,390.62718126611765
10796,111,3,96,363.077123420001
10797,111,3,97,378.84850382905285
10798,111,3,98,389.3952184833342
10799,111,3,99,388.35320513909346
10800,112,1,0,129.23141670083118
10801,112,1,1,174.94879868808073
10802,112,1,2,193.15875037546206
10803,112,1,3,146.18815685452375
10804,112,1,4,125.39520169996358
10805,112,1,5,132.29380719036521
10806,112,1,6,193.85903962959884
10807,112,1,7,189.96161259966962
10808,112,1,8,108.50231856909022
10809,112,1,9,154.5018581519715
10810,112,1,10,126.66029704545551
10811,112,1,11,192.33757263636585
10812,112,1,12,194.4134094478545
10813,112,1,13,145.9294794005965
10814,112,1,14,116.80287291221086
10815,112,1,15,183.95839569481268
10816,112,1,16,159.84322821777533
10817,112,1,17,158.90679738576725
10818,112,1,18,148.28961051962025
10819,112,1,19,139.53506144281943
10820,112,1,20,140.3575567060662
10821,112,1,21,192.8120686417336
10822,112,1,22,191.80165572179743
10823,112,1,23,139.1583829493346
10824,112,1,24,98.81609224294972
10825,112,1,25,192.5065171138275
10826,112,1,26,190.5705836514999
10827,112,1,27,163.49890364294671
10828,112,1,28,189.23035886991332
10829,112,1,29,128.6758346636191
10830,112,1,30,154.95294324263034
10831,112,1,31,185.10559324257716
10832,112,1,32,133.01793467692397
10833,112,1,33,110.21492701344918
10834,112,1,34,139.70140651688413
10835,112,1,35,157.25991198008805
10836,112,1,36,154.37606934745182
10837,112,1,37,126.29322841054918
10838,112,1,38,154.85021449023495
10839,112,1,39,130.53488137909343
10840,112,1,40,137.30435073683873
10841,112,1,41,178.64533098778222
10842,112,1,42,171.56947331743174
10843,112,1,43,145.0000257061178
10844,112,1,44,97.0720087049716
10845,112,1,45,136.74148572776826
10846,112,1,46,129.57516412150844
10847,112,1,47,162.7518545852164
10848,112,1,48,157.6713147442929
10849,112,1,49,170.33654283478668
10850,112,1,50,107.81805943263349
10851,112,1,51,112.42873287875021
10852,112,1,52,140.6171653785734
10853,112,1,53,169.88877183750884
10854,112,1,54,192.93438087097726
10855,112,1,55,117.45906042801174
10856,112,1,56,125.15459751363301
10857,112,1,57,108.62842427560366
10858,112,1,58,165.6325748190833
10859,112,1,59,164.6367053883489
10860,112,1,60,178.64704666848974
10861,112,1,61,155.62096805818126
10862,112,1,62,194.29994873306967
10863,112,1,63,193.80053072757653
10864,112,1,64,109.28744799287433
10865,112,1,65,108.02411288282681
10866,112,1,66,136.54905255327338
10867,112,1,67,116.44578539159956
10868,112,1,68,187.6779033805224
10869,112,1,69,135.21221174650185
10870,112,1,70,127.56093588943283
10871,112,1,71,114.638962074597
10872,112,1,72,193.51580916439906
10873,112,1,73,161.33156415169086
10874,112,1,74,112.65322790124871
10875,112,1,75,191.02980331137766
10876,112,1,76,143.04909149131245
10877,112,1,77,144.60623032100054
10878,112,1,78,108.10974783286352
10879,112,1,79,113.36469914346804
10880,112,1,80,127.30888565990344
10881,112,1,81,195.05120699487102
10882,112,1,82,194.25330274452656
10883,112,1,83,157.04552998706524
10884,112,1,84,151.25672866639434
10885,112,1,85,157.5090013823466
10886,112,1,86,139.22207677709625
10887,112,1,87,109.01062730381271
10888,112,1,88,136.85836834543923
10889,112,1,89,190.44787543956627
10890,112,1,90,185.3963696209968
10891,112,1,91,119.51952047721545
10892,112,1,92,178.6577699439485
10893,112,1,93,188.92673106072272
10894,112,1,94,143.02717953000104
10895,112,1,95,130.43991402623215
10896,112,1,96,119.85696625154421
10897,112,1,97,186.84736085616487
10898,112,1,98,111.62546977049817
10899,112,1,99,170.3102015699732
10900,112,2,0,365.74003312522507
10901,112,2,1,373.5718477977444
10902,112,2,2,371.8784524731471
10903,112,2,3,363.90574549150006
10904,112,2,4,371.1449288144861
10905,112,2,5,366.7008861551358
10906,112,2,6,373.9805058941533
10907,112,2,7,359.29915628737956
10908,112,2,8,386.4207364603261
10909,112,2,9,371.94891538223806
10910,112,2,10,377.53181811527026
10911,112,2,11,380.29911265173786
10912,112,2,12,506.14190584284563
10913,112,2,13,368.39806229826286
10914,112,2,14,373.41069422673525
10915,112,2,15,353.7099899685614
10916,112,2,16,363.8731142012165
10917,112,2,17,505.92071915857326
10918,112,2,18,401.73409835513945
10919,112,2,19,380.0563434892406
10920,112,2,20,375.78734054899394
10921,112,2,21,375.5469080279824
10922,112,2,22,377.1841565870156
10923,112,2,23,366.31955554080844
10924,112,2,24,407.3114734343377
10925,112,2,25,360.2854604218355
10926,112,2,26,374.5752924905752
10927,112,2,27,377.35521604482693
10928,112,2,28,358.6676220907622
10929,112,2,29,395.06260369662704
10930,112,2,30,361.85052436997654
10931,112,2,31,374.106198572834
10932,112,2,32,387.2732163475921
10933,112,2,33,506.0073177964537
10934,112,2,34,365.2490301914952
10935,112,2,35,369.1227836309221
10936,112,2,36,404.76080101654713
10937,112,2,37,379.88593531202093
10938,112,2,38,371.6466399876215
10939,112,2,39,368.61619726443615
10940,112,2,40,373.46617961011134
10941,112,2,41,379.0112670431618
10942,112,2,42,505.90817652912625
10943,112,2,43,386.88478260171615
10944,112,2,44,366.4451205962855
10945,112,2,45,399.3474787972415
10946,112,2,46,387.14110977884076
10947,112,2,47,385.73355811076794
10948,112,2,48,387.36745124177395
10949,112,2,49,395.6027032449401
10950,112,2,50,361.7922341811247
10951,112,2,51,401.7571889290337
10952,112,2,52,412.4660521389212
10953,112,2,53,370.4758779096558
10954,112,2,54,371.6116802165755
10955,112,2,55,378.02677721820623
10956,112,2,56,411.5840034432067
10957,112,2,57,387.36666372604486
10958,112,2,58,375.74760157202735
10959,112,2,59,410.1543525749193
10960,112,2,60,370.91556893804125
10961,112,2,61,378.28881279009664
10962,112,2,62,369.92694512923583
10963,112,2,63,361.4039267841036
10964,112,2,64,364.445038733084
10965,112,2,65,386.3751998330547
10966,112,2,66,370.9170053012353
10967,112,2,67,361.75987108115754
10968,112,2,68,404.3810757865454
10969,112,2,69,416.4141473460845
10970,112,2,70,380.4678644119574
10971,112,2,71,395.62001288559446
10972,112,2,72,404.29543424436315
10973,112,2,73,372.6908453577872
10974,112,2,74,505.9873299358574
10975,112,2,75,401.4773280185875
10976,112,2,76,366.96869755554997
10977,112,2,77,372.3866774510254
10978,112,2,78,378.6568748645171
10979,112,2,79,409.8631591520575
10980,112,2,80,385.59859767101364
10981,112,2,81,375.77639786679885
10982,112,2,82,368.3085036481483
10983,112,2,83,368.2407620446633
10984,112,2,84,404.3777364679366
10985,112,2,85,367.1790699494628
10986,112,2,86,412.4002733092062
10987,112,2,87,368.8417835583386
10988,112,2,88,505.93398724721925
10989,112,2,89,377.1891697080717
10990,112,2,90,380.5911236135535
10991,112,2,91,411.67643243796556
10992,112,2,92,363.317158162877
10993,112,2,93,381.4664478608714
10994,112,2,94,378.0003528967264
10995,112,2,95,366.68812526888746
10996,112,2,96,376.11916228077297
10997,112,2,97,353.5220242328526
10998,112,2,98,505.95862356983656
10999,112,2,99,401.837894334538
11000,112,3,0,362.31220825622387
11001,112,3,1,387.167422882398
11002,112,3,2,506.0475628656847
11003,112,3,3,387.2885594987391
11004,112,3,4,387.03878680937083
11005,112,3,5,506.08600886765026
11006,112,3,6,506.00734175592623
11007,112,3,7,506.0950097355712
11008,112,3,8,505.9647232131536
11009,112,3,9,505.9255611782176
11010,112,3,10,506.0557518809741
11011,112,3,11,506.0437365460517
11012,112,3,12,505.9073268991453
11013,112,3,13,387.25163892656917
11014,112,3,14,506.0716051274864
11015,112,3,15,506.1515017053853
11016,112,3,16,506.63444658546194
11017,112,3,17,506.2152724476252
11018,112,3,18,505.9782087502799
11019,112,3,19,505.9148083146699
11020,112,3,20,361.7586711210538
11021,112,3,21,387.23168427444625
11022,112,3,22,387.3732049924919
11023,112,3,23,505.93025016486763
11024,112,3,24,506.8333719531167
11025,112,3,25,505.95553834560525
11026,112,3,26,506.12147967402217
11027,112,3,27,387.2050652381632
11028,112,3,28,528.1541717118992
11029,112,3,29,505.98914545268536
11030,112,3,30,505.9594705427029
11031,112,3,31,506.25246886992403
11032,112,3,32,506.00188081186263
11033,112,3,33,505.92832239808
11034,112,3,34,506.1774688031344
11035,112,3,35,506.2933674710076
11036,112,3,36,505.9259691431906
11037,112,3,37,505.918329431534
11038,112,3,38,387.3652263572722
11039,112,3,39,387.0598372692303
11040,112,3,40,506.57591191321853
11041,112,3,41,505.968010866413
11042,112,3,42,505.97583928071856
11043,112,3,43,506.8362519359349
11044,112,3,44,387.3172991597136
11045,112,3,45,506.02092664308867
11046,112,3,46,505.9253381094403
11047,112,3,47,506.1064108656784
11048,112,3,48,535.2692881757501
11049,112,3,49,505.91869353035815
11050,112,3,50,506.2202029265142
11051,112,3,51,387.3477617501843
11052,112,3,52,506.2910704607285
11053,112,3,53,387.36729264996
11054,112,3,54,387.1644359282582
11055,112,3,55,506.04032630263055
11056,112,3,56,506.4405976058551
11057,112,3,57,506.0715023783308
11058,112,3,58,387.3752408702114
11059,112,3,59,505.9494631363139
11060,112,3,60,505.98712951595564
11061,112,3,61,505.96341933354904
11062,112,3,62,505.9484284040151
11063,112,3,63,506.0097906729142
11064,112,3,64,387.30952692267493
11065,112,3,65,506.05427483182723
11066,112,3,66,505.90854978170506
11067,112,3,67,506.52482241089723
11068,112,3,68,505.9429195993342
11069,112,3,69,505.9405028200445
11070,112,3,70,505.9495129310359
11071,112,3,71,506.1521648759549
11072,112,3,72,505.9555739087369
11073,112,3,73,387.3686642508882
11074,112,3,74,505.95132241915303
11075,112,3,75,505.9854062068708
11076,112,3,76,505.9732552218811
11077,112,3,77,506.54738624051834
11078,112,3,78,506.04408028222787
11079,112,3,79,530.9284122440561
11080,112,3,80,505.94064464462025
11081,112,3,81,505.91036916755314
11082,112,3,82,506.26833499190656
11083,112,3,83,386.2823485976819
11084,112,3,84,386.8606639702531
11085,112,3,85,506.24810985001574
11086,112,3,86,505.9629875047097
11087,112,3,87,505.9304060020851
11088,112,3,88,387.14877950993053
11089,112,3,89,386.7919016215154
11090,112,3,90,505.9348523426986
11091,112,3,91,387.3017718561166
11092,112,3,92,505.94474663266357
11093,112,3,93,387.05022920972453
11094,112,3,94,387.27970947317044
11095,112,3,95,505.91588747449754
11096,112,3,96,506.4094076551287
11097,112,3,97,505.9624081276795
11098,112,3,98,505.9193523568452
11099,112,3,99,387.28539527722563
11100,113,1,0,148.36551295467996
11101,113,1,1,145.0008224789796
11102,113,1,2,114.04492168771937
11103,113,1,3,144.07749072681514
11104,113,1,4,191.6805718423883
11105,113,1,5,119.81634493778188
11106,113,1,6,97.90447839575738
11107,113,1,7,136.54648305705456
11108,113,1,8,203.48907625767748
11109,113,1,9,164.21992539230206
11110,113,1,10,109.34101451338805
11111,113,1,11,109.78888081555098
11112,113,1,12,163.98534521724122
11113,113,1,13,178.6470084454572
11114,113,1,14,177.33309943712584
11115,113,1,15,173.9983366801982
11116,113,1,16,119.51322042343308
11117,113,1,17,186.89124808855735
11118,113,1,18,110.60740309492549
11119,113,1,19,141.56999179125012
11120,113,1,20,203.78412693175034
11121,113,1,21,160.2733261918549
11122,113,1,22,174.17404739109838
11123,113,1,23,196.81703631195793
11124,113,1,24,184.2825024371481
11125,113,1,25,145.69721587540033
11126,113,1,26,187.50521532858448
11127,113,1,27,182.19906083112477
11128,113,1,28,197.05127611705743
11129,113,1,29,203.68942592424898
11130,113,1,30,108.90440351499075
11131,113,1,31,176.51840815140102
11132,113,1,32,189.00358347874777
11133,113,1,33,197.9927476426787
11134,113,1,34,140.2970200320549
11135,113,1,35,154.7840412232606
11136,113,1,36,121.02476523694733
11137,113,1,37,167.48795799756934
11138,113,1,38,190.70909697504632
11139,113,1,39,190.15538690196385
11140,113,1,40,112.44237992219179
11141,113,1,41,194.3567633538081
11142,113,1,42,110.18203356483144
11143,113,1,43,109.35958000017592
11144,113,1,44,127.6202121736406
11145,113,1,45,113.77582701610845
11146,113,1,46,189.3106147166949
11147,113,1,47,136.98250899027727
11148,113,1,48,117.52264255523714
11149,113,1,49,115.7934016762767
11150,113,1,50,167.18539919767593
11151,113,1,51,168.96035767399533
11152,113,1,52,127.68054696238454
11153,113,1,53,125.08542068237861
11154,113,1,54,111.27714246757732
11155,113,1,55,158.95788057278128
11156,113,1,56,160.73678662378387
11157,113,1,57,155.7336097520854
11158,113,1,58,190.23009364735825
11159,113,1,59,155.46460730286603
11160,113,1,60,189.80094666258233
11161,113,1,61,129.61784140512384
11162,113,1,62,187.81052669286836
11163,113,1,63,169.94310135944673
11164,113,1,64,98.73062221811625
11165,113,1,65,165.92152450485793
11166,113,1,66,176.3761483160731
11167,113,1,67,114.17533318864848
11168,113,1,68,123.81394375899187
11169,113,1,69,130.99652333847388
11170,113,1,70,133.71802380784092
11171,113,1,71,159.37177453500433
11172,113,1,72,147.31479944828715
11173,113,1,73,127.18916701553667
11174,113,1,74,169.9555163589152
11175,113,1,75,104.14112101974563
11176,113,1,76,123.81174690059896
11177,113,1,77,115.54804759479012
11178,113,1,78,164.04086268296132
11179,113,1,79,118.25599111395937
11180,113,1,80,111.86993643969872
11181,113,1,81,104.79766368155977
11182,113,1,82,194.8204827870885
11183,113,1,83,162.74501650267618
11184,113,1,84,184.38012670770826
11185,113,1,85,189.33194772285327
11186,113,1,86,112.18150375104815
11187,113,1,87,130.88702426416617
11188,113,1,88,108.70064259071226
11189,113,1,89,111.62046699622272
11190,113,1,90,115.10868681390039
11191,113,1,91,140.19942029949496
11192,113,1,92,171.99783828410503
11193,113,1,93,150.25086918027972
11194,113,1,94,104.85262765857973
11195,113,1,95,151.1374548005632
11196,113,1,96,171.88165091384582
11197,113,1,97,132.68417357934794
11198,113,1,98,183.3488697935482
11199,113,1,99,137.05107013705967
11200,113,2,0,235.79907496181346
11201,113,2,1,231.96744716241645
11202,113,2,2,224.83524060847645
11203,113,2,3,181.2157370523577
11204,113,2,4,228.45720555864418
11205,113,2,5,201.16503652762123
11206,113,2,6,412.89593919483343
11207,113,2,7,373.0432226302458
11208,113,2,8,235.8222703387831
11209,113,2,9,387.04138592020354
11210,113,2,10,235.75553190154758
11211,113,2,11,395.55131499328655
11212,113,2,12,429.81125536720714
11213,113,2,13,201.9730527415047
11214,113,2,14,415.2156451412874
11215,113,2,15,194.35904298769492
11216,113,2,16,198.6647765372453
11217,113,2,17,223.72762675282357
11218,113,2,18,230.79810842690256
11219,113,2,19,396.0022287098419
11220,113,2,20,187.91089296683688
11221,113,2,21,187.1920353953945
11222,113,2,22,365.9943597994164
11223,113,2,23,183.47092423047067
11224,113,2,24,188.46701578897887
11225,113,2,25,383.7953200592586
11226,113,2,26,209.77664567703576
11227,113,2,27,231.57484975145263
11228,113,2,28,365.91399607880294
11229,113,2,29,220.68194891521057
11230,113,2,30,379.1469550800826
11231,113,2,31,381.70114482175427
11232,113,2,32,405.1884397547418
11233,113,2,33,215.20644929445322
11234,113,2,34,402.635200616261
11235,113,2,35,409.3921293187731
11236,113,2,36,393.3769563922982
11237,113,2,37,182.19504824551794
11238,113,2,38,429.1875786616303
11239,113,2,39,201.2686618205293
11240,113,2,40,217.65142696358885
11241,113,2,41,219.49385812219055
11242,113,2,42,220.32085062968338
11243,113,2,43,396.6207650313576
11244,113,2,44,416.8606950512402
11245,113,2,45,367.81372740526064
11246,113,2,46,402.43087719534134
11247,113,2,47,419.366556222864
11248,113,2,48,417.6920797842547
11249,113,2,49,398.5850646395061
11250,113,2,50,233.92683640786427
11251,113,2,51,393.1148060460399
11252,113,2,52,211.37406959875022
11253,113,2,53,202.57141293899682
11254,113,2,54,224.9134728191114
11255,113,2,55,189.21075777319507
11256,113,2,56,224.10665135582087
11257,113,2,57,388.1308793971027
11258,113,2,58,370.5894628295072
11259,113,2,59,191.47675336579442
11260,113,2,60,368.4746505905232
11261,113,2,61,411.86090270086265
11262,113,2,62,379.70484722819936
11263,113,2,63,235.83408892666782
11264,113,2,64,377.9950567312859
11265,113,2,65,221.4265702522693
11266,113,2,66,192.7519681761586
11267,113,2,67,188.67378953278563
11268,113,2,68,386.54528884132543
11269,113,2,69,212.6947519264716
11270,113,2,70,365.95097091351397
11271,113,2,71,209.48895554493174
11272,113,2,72,229.8202633660536
11273,113,2,73,424.018656319743
11274,113,2,74,366.14829511253157
11275,113,2,75,412.55972655523465
11276,113,2,76,202.0166353668446
11277,113,2,77,217.67488701302082
11278,113,2,78,366.09983497172465
11279,113,2,79,405.46287709456124
11280,113,2,80,396.5008036113395
11281,113,2,81,397.99125354862196
11282,113,2,82,188.32901186382887
11283,113,2,83,235.8250671978813
11284,113,2,84,199.20616521961227
11285,113,2,85,390.8418415615819
11286,113,2,86,366.1790335230517
11287,113,2,87,365.9635804055472
11288,113,2,88,384.1412839648079
11289,113,2,89,202.73253323867488
11290,113,2,90,228.46524163007058
11291,113,2,91,235.82412879800955
11292,113,2,92,404.331750306515
11293,113,2,93,228.06585387317196
11294,113,2,94,365.91675481430684
11295,113,2,95,397.3962900490348
11296,113,2,96,206.30025812386094
11297,113,2,97,182.44081224584704
11298,113,2,98,391.6745036773725
11299,113,2,99,200.30549012141637
11300,113,3,0,399.5344127180516
11301,113,3,1,534.4681055076715
11302,113,3,2,527.3726186140955
11303,113,3,3,380.9487903692289
11304,113,3,4,386.51224104365673
11305,113,3,5,369.5756567553586
11306,113,3,6,366.0600250066821
11307,113,3,7,381.9560010879667
11308,113,3,8,422.62060790236075
11309,113,3,9,366.034123985614
11310,113,3,10,361.66785713126256
11311,113,3,11,529.0342360093982
11312,113,3,12,402.5679813685634
11313,113,3,13,524.3637252633146
11314,113,3,14,389.42945365486366
11315,113,3,15,375.5867804516458
11316,113,3,16,367.08836982129344
11317,113,3,17,415.9741319351318
11318,113,3,18,527.6181293760296
11319,113,3,19,534.8152920313861
11320,113,3,20,531.3351654402817
11321,113,3,21,366.7593360334154
11322,113,3,22,519.5723887540582
11323,113,3,23,367.7724697331584
11324,113,3,24,387.1172299400229
11325,113,3,25,354.72732362971556
11326,113,3,26,525.9069307488312
11327,113,3,27,370.25774509618134
11328,113,3,28,388.49553916795026
11329,113,3,29,383.01422023773506
11330,113,3,30,364.357839231366
11331,113,3,31,407.79239217673836
11332,113,3,32,365.9398373311545
11333,113,3,33,375.24846424633245
11334,113,3,34,358.45326808743476
11335,113,3,35,362.5954932138696
11336,113,3,36,370.5155541731036
11337,113,3,37,374.81489716890474
11338,113,3,38,376.91194855697165
11339,113,3,39,363.86313250677205
11340,113,3,40,377.03650091827126
11341,113,3,41,383.30657666955574
11342,113,3,42,418.0549781246931
11343,113,3,43,382.208005073014
11344,113,3,44,353.84655513314044
11345,113,3,45,402.7150264044913
11346,113,3,46,358.96347804403706
11347,113,3,47,517.6627760736673
11348,113,3,48,526.1607095088416
11349,113,3,49,366.2330219971355
11350,113,3,50,353.5672869307662
11351,113,3,51,375.2559352592742
11352,113,3,52,531.4241570654067
11353,113,3,53,532.0955182018183
11354,113,3,54,398.9125864113381
11355,113,3,55,522.9223022598775
11356,113,3,56,370.60314746454503
11357,113,3,57,378.69710951621187
11358,113,3,58,412.64035316683584
11359,113,3,59,514.7252609187691
11360,113,3,60,368.9443700023413
11361,113,3,61,387.90718632258694
11362,113,3,62,364.1294257353775
11363,113,3,63,366.3300390543859
11364,113,3,64,366.02209842335196
11365,113,3,65,511.7179958100892
11366,113,3,66,397.0227241204844
11367,113,3,67,525.6432035831513
11368,113,3,68,374.74710114517393
11369,113,3,69,386.4812538446207
11370,113,3,70,367.25668118902774
11371,113,3,71,529.1294436451516
11372,113,3,72,412.29988520950775
11373,113,3,73,371.91455241491036
11374,113,3,74,367.26180238185157
11375,113,3,75,516.4886231550032
11376,113,3,76,361.94564604611566
11377,113,3,77,425.427482335033
11378,113,3,78,384.8313653418751
11379,113,3,79,373.45575948151003
11380,113,3,80,515.010206808365
11381,113,3,81,370.2289094123143
11382,113,3,82,356.090930087335
11383,113,3,83,383.93701167712686
11384,113,3,84,391.9940325018071
11385,113,3,85,409.86972701480545
11386,113,3,86,367.2880483198346
11387,113,3,87,360.7939100218117
11388,113,3,88,535.8502366848384
11389,113,3,89,376.20666076422896
11390,113,3,90,520.1113260816317
11391,113,3,91,359.88849390371723
11392,113,3,92,396.55658153141
11393,113,3,93,391.87812043945155
11394,113,3,94,522.9135676143029
11395,113,3,95,532.8741158303853
11396,113,3,96,523.2014560558669
11397,113,3,97,365.999621367241
11398,113,3,98,351.91494526620613
11399,113,3,99,374.695451278063
11400,115,1,0,137.6422859975549
11401,115,1,1,194.33985745555387
11402,115,1,2,168.9298379162988
11403,115,1,3,172.55803422855834
11404,115,1,4,184.2723846975031
11405,115,1,5,97.15740791211645
11406,115,1,6,167.43957966597705
11407,115,1,7,182.61398205724655
11408,115,1,8,115.44374665810714
11409,115,1,9,193.04751467411668
11410,115,1,10,114.50388953016287
11411,115,1,11,108.25161991892487
11412,115,1,12,172.78955358583644
11413,115,1,13,175.94105273735877
11414,115,1,14,193.0804756685121
11415,115,1,15,151.17626458599875
11416,115,1,16,177.09877261218477
11417,115,1,17,158.8376262067376
11418,115,1,18,111.59864020139435
11419,115,1,19,188.42964569146673
11420,115,1,20,178.64516618657808
11421,115,1,21,134.99916432671046
11422,115,1,22,132.18536515923017
11423,115,1,23,118.17129480066663
11424,115,1,24,127.14357821678742
11425,115,1,25,183.4293175080651
11426,115,1,26,180.20973219623374
11427,115,1,27,103.80860406454497
11428,115,1,28,196.93266692275034
11429,115,1,29,113.11221801179366
11430,115,1,30,167.09778624188536
11431,115,1,31,189.7156821228023
11432,115,1,32,111.9267224439531
11433,115,1,33,205.38658341356714
11434,115,1,34,113.24209355365468
11435,115,1,35,190.7824309564088
11436,115,1,36,143.07532927848513
11437,115,1,37,130.49311445669062
11438,115,1,38,155.80301174477626
11439,115,1,39,194.3621970498822
11440,115,1,40,131.96231789513692
11441,115,1,41,191.0832341859442
11442,115,1,42,185.7969964618093
11443,115,1,43,190.2519770306748
11444,115,1,44,165.32030290238123
11445,115,1,45,112.63956593930709
11446,115,1,46,167.30895739823026
11447,115,1,47,168.49492388488798
11448,115,1,48,194.41655710582341
11449,115,1,49,138.92567435782712
11450,115,1,50,190.33310411244847
11451,115,1,51,174.93279388621318
11452,115,1,52,153.88533150362903
11453,115,1,53,158.4470142544556
11454,115,1,54,162.97487111319037
11455,115,1,55,130.03445381606977
11456,115,1,56,142.02148787316295
11457,115,1,57,174.62683494823435
11458,115,1,58,118.18851884682736
11459,115,1,59,175.2329812767784
11460,115,1,60,166.04344393952692
11461,115,1,61,183.41044754067943
11462,115,1,62,203.8086578655876
11463,115,1,63,134.35616505117545
11464,115,1,64,143.15528022082006
11465,115,1,65,194.98009647064393
11466,115,1,66,187.3187678148922
11467,115,1,67,127.94183588055674
11468,115,1,68,191.192211503991
11469,115,1,69,165.24858080346755
11470,115,1,70,183.9451980131769
11471,115,1,71,114.46349266275266
11472,115,1,72,109.31474484435184
11473,115,1,73,145.8115348380034
11474,115,1,74,163.84208667045934
11475,115,1,75,198.66808068657477
11476,115,1,76,145.64181254474795
11477,115,1,77,198.27420834632736
11478,115,1,78,111.76440782527233
11479,115,1,79,167.5112617603473
11480,115,1,80,127.54030893434512
11481,115,1,81,191.51875640701564
11482,115,1,82,97.74067091644166
11483,115,1,83,204.1167988449825
11484,115,1,84,189.74613726295667
11485,115,1,85,150.7221386228082
11486,115,1,86,190.2078283779034
11487,115,1,87,146.55156868311002
11488,115,1,88,97.3953973130879
11489,115,1,89,108.86249138888263
11490,115,1,90,148.07431299807905
11491,115,1,91,194.40107890878394
11492,115,1,92,149.3944213503951
11493,115,1,93,186.0383822368582
11494,115,1,94,143.37724580573473
11495,115,1,95,110.87428649729519
11496,115,1,96,170.9497645196613
11497,115,1,97,167.12574066855404
11498,115,1,98,150.7824261971956
11499,115,1,99,161.8257237504449
11500,115,2,0,226.4105024077689
11501,115,2,1,226.38663137625258
11502,115,2,2,226.41849038960237
11503,115,2,3,226.42248617543729
11504,115,2,4,139.16159525324144
11505,115,2,5,113.39589823531226
11506,115,2,6,103.18512352664061
11507,115,2,7,226.3484469979836
11508,115,2,8,162.08601034874326
11509,115,2,9,172.825469898933
11510,115,2,10,139.11703034687505
11511,115,2,11,96.3565408855162
11512,115,2,12,226.43386244009164
11513,115,2,13,225.6924090297719
11514,115,2,14,225.6702644317385
11515,115,2,15,156.11100633106773
11516,115,2,16,141.4101369299401
11517,115,2,17,205.66319764169037
11518,115,2,18,226.1593460598577
11519,115,2,19,159.1411538129804
11520,115,2,20,158.7315946165541
11521,115,2,21,226.33901846504557
11522,115,2,22,133.3180133890714
11523,115,2,23,226.38085339052364
11524,115,2,24,226.4128825271102
11525,115,2,25,226.31359852797013
11526,115,2,26,71.27311079102319
11527,115,2,27,131.53428533953294
11528,115,2,28,226.4403782636689
11529,115,2,29,149.89216229637248
11530,115,2,30,197.01563100555285
11531,115,2,31,226.37626366438877
11532,115,2,32,168.8284995361281
11533,115,2,33,93.14087318931841
11534,115,2,34,226.22390997421994
11535,115,2,35,164.47563102691257
11536,115,2,36,226.41612701441753
11537,115,2,37,178.44302091824028
11538,115,2,38,226.3194605583326
11539,115,2,39,226.0174556750992
11540,115,2,40,225.95717540813888
11541,115,2,41,226.4294504111991
11542,115,2,42,164.33288528719638
11543,115,2,43,225.88823407900202
11544,115,2,44,226.00973783252607
11545,115,2,45,165.87919339818612
11546,115,2,46,226.18969588166942
11547,115,2,47,159.14610029262346
11548,115,2,48,226.34862793129068
11549,115,2,49,226.2430460060284
11550,115,2,50,226.15389854358386
11551,115,2,51,226.39244221396655
11552,115,2,52,132.99555120126968
11553,115,2,53,226.42734694303414
11554,115,2,54,105.05792138573571
11555,115,2,55,107.04970052490098
11556,115,2,56,135.38363277607414
11557,115,2,57,164.3196663574587
11558,115,2,58,168.99668036191355
11559,115,2,59,138.01880745020344
11560,115,2,60,174.79817763873316
11561,115,2,61,158.62244432189408
11562,115,2,62,226.06982629111553
11563,115,2,63,226.0399746683276
11564,115,2,64,226.14334788791396
11565,115,2,65,226.3624273214947
11566,115,2,66,161.92905066459016
11567,115,2,67,178.93938858972646
11568,115,2,68,225.77633893479887
11569,115,2,69,226.4083214345046
11570,115,2,70,226.41012990909277
11571,115,2,71,182.38984212081883
11572,115,2,72,225.69329185279545
11573,115,2,73,177.51702297461662
11574,115,2,74,226.38987540969637
11575,115,2,75,162.87326805145744
11576,115,2,76,226.4403849354931
11577,115,2,77,226.37565415851725
11578,115,2,78,225.85598789062436
11579,115,2,79,226.4319745800179
11580,115,2,80,379.6060944095502
11581,115,2,81,226.3311530936527
11582,115,2,82,160.9741620416162
11583,115,2,83,368.7233175084059
11584,115,2,84,226.4089756695661
11585,115,2,85,146.58576989945402
11586,115,2,86,226.3988973947128
11587,115,2,87,133.24878090386954
11588,115,2,88,359.56217211590746
11589,115,2,89,226.00154310019457
11590,115,2,90,123.20585271489618
11591,115,2,91,226.31152956286462
11592,115,2,92,148.31863284164422
11593,115,2,93,226.03969658264774
11594,115,2,94,66.0154774184391
11595,115,2,95,226.03437998527232
11596,115,2,96,129.9100876490566
11597,115,2,97,226.35872094932762
11598,115,2,98,226.3795415068379
11599,115,2,99,144.18256958064404
11600,115,3,0,513.857330787349
11601,115,3,1,516.6501837438823
11602,115,3,2,521.3768052521474
11603,115,3,3,530.9057087978942
11604,115,3,4,516.0976667798515
11605,115,3,5,517.369636050161
11606,115,3,6,370.84613199527337
11607,115,3,7,517.4229944954407
11608,115,3,8,515.7590519532246
11609,115,3,9,340.4119903608316
11610,115,3,10,519.0703063363366
11611,115,3,11,504.64512709784435
11612,115,3,12,528.9317802638926
11613,115,3,13,370.36347231515134
11614,115,3,14,365.1414488744383
11615,115,3,15,514.8161262076266
11616,115,3,16,519.3291843934611
11617,115,3,17,372.9528300986876
11618,115,3,18,509.7546473043338
11619,115,3,19,515.2363165986231
11620,115,3,20,371.62674312703797
11621,115,3,21,515.6727998426937
11622,115,3,22,383.4862956720055
11623,115,3,23,353.8840781966011
11624,115,3,24,369.70730244819646
11625,115,3,25,515.3372090583076
11626,115,3,26,532.2014780333283
11627,115,3,27,509.756535861212
11628,115,3,28,509.74001364154304
11629,115,3,29,509.7516286173752
11630,115,3,30,383.81164359217865
11631,115,3,31,531.5721587204105
11632,115,3,32,509.8033557314403
11633,115,3,33,372.2079873038364
11634,115,3,34,518.0828940517137
11635,115,3,35,525.6221583802935
11636,115,3,36,519.7860301589697
11637,115,3,37,516.6436335130807
11638,115,3,38,517.8376769793418
11639,115,3,39,510.2142820273513
11640,115,3,40,525.8793870004364
11641,115,3,41,509.7502128721721
11642,115,3,42,374.1335182693348
11643,115,3,43,511.96811032413177
11644,115,3,44,338.86379984895956
11645,115,3,45,516.8875964547933
11646,115,3,46,516.7151424012313
11647,115,3,47,520.9135707477857
11648,115,3,48,368.5562840164933
11649,115,3,49,523.6406918070559
11650,115,3,50,521.8568180097565
11651,115,3,51,517.1099281713286
11652,115,3,52,530.5719203970833
11653,115,3,53,509.80470083439087
11654,115,3,54,509.77766861783056
11655,115,3,55,524.5223586153598
11656,115,3,56,510.466204028024
11657,115,3,57,383.8019277025811
11658,115,3,58,529.32228406432
11659,115,3,59,374.76617505683146
11660,115,3,60,524.3552130534761
11661,115,3,61,524.0220586207572
11662,115,3,62,378.58806207538
11663,115,3,63,527.4667040757593
11664,115,3,64,516.7479659299371
11665,115,3,65,513.7432817888342
11666,115,3,66,518.5849076806934
11667,115,3,67,518.8618741870653
11668,115,3,68,523.9710867590957
11669,115,3,69,373.4099172334759
11670,115,3,70,383.8146003571166
11671,115,3,71,365.1223586462287
11672,115,3,72,509.74795757626987
11673,115,3,73,513.095705154679
11674,115,3,74,367.1542506303569
11675,115,3,75,375.58730488787523
11676,115,3,76,520.6915591294912
11677,115,3,77,533.286722134181
11678,115,3,78,383.82145313435234
11679,115,3,79,359.3673963827374
11680,115,3,80,523.3924179494334
11681,115,3,81,513.074104001934
11682,115,3,82,509.8941145896162
11683,115,3,83,509.7645808241964
11684,115,3,84,513.5617976659099
11685,115,3,85,513.2585884465809
11686,115,3,86,369.85035768812696
11687,115,3,87,516.9843849195621
11688,115,3,88,521.1913670469247
11689,115,3,89,515.1552650218264
11690,115,3,90,365.4938461584971
11691,115,3,91,367.2268760339518
11692,115,3,92,519.4274473435141
11693,115,3,93,518.0290467034094
11694,115,3,94,513.1404019145804
11695,115,3,95,361.4994960978334
11696,115,3,96,370.83520284481335
11697,115,3,97,383.76648345394443
11698,115,3,98,520.9021588864131
11699,115,3,99,521.0964752542044
11700,118,1,0,283.93284503288936
11701,118,1,1,221.55944663717688
11702,118,1,2,283.99392173801607
11703,118,1,3,221.45280306469016
11704,118,1,4,261.64966788474527
11705,118,1,5,262.1531647017181
11706,118,1,6,221.44929193674955
11707,118,1,7,244.675010227218
11708,118,1,8,261.1643836255553
11709,118,1,9,272.43353598193426
11710,118,1,10,257.4239647455258
11711,118,1,11,221.45230598135834
11712,118,1,12,249.26751735783026
11713,118,1,13,221.4568854749905
11714,118,1,14,278.94338860328884
11715,118,1,15,221.50708453210424
11716,118,1,16,259.57951042435894
11717,118,1,17,284.458034880922
11718,118,1,18,221.54514779971802
11719,118,1,19,221.47491944203063
11720,118,1,20,247.71065666265434
11721,118,1,21,251.59582254598283
11722,118,1,22,318.9002724258205
11723,118,1,23,221.54084218388326
11724,118,1,24,299.3876877719045
11725,118,1,25,301.8974754294321
11726,118,1,26,262.4098313087671
11727,118,1,27,221.61611205871233
11728,118,1,28,255.0483356043208
11729,118,1,29,292.3429030505146
11730,118,1,30,274.113146449957
11731,118,1,31,286.54543137549933
11732,118,1,32,221.43916360981729
11733,118,1,33,254.79176015891542
11734,118,1,34,254.99738952107109
11735,118,1,35,221.4560632475227
11736,118,1,36,349.3796440508218
11737,118,1,37,222.71883532151526
11738,118,1,38,221.97785616727634
11739,118,1,39,221.4450157945845
11740,118,1,40,283.33337227744863
11741,118,1,41,257.4469292335467
11742,118,1,42,221.48261913425506
11743,118,1,43,338.12333596183555
11744,118,1,44,321.0839874251362
11745,118,1,45,279.37646986475886
11746,118,1,46,221.5064867434536
11747,118,1,47,221.69177858360996
11748,118,1,48,264.01912999271366
11749,118,1,49,302.5711694497829
11750,118,1,50,264.3921478306315
11751,118,1,51,291.8769409484028
11752,118,1,52,221.54273212036853
11753,118,1,53,262.748879083415
11754,118,1,54,221.6218683850873
11755,118,1,55,221.53003580274355
11756,118,1,56,234.06367750297147
11757,118,1,57,283.8930173637682
11758,118,1,58,316.3571514545296
11759,118,1,59,296.6473846377459
11760,118,1,60,248.5908090537623
11761,118,1,61,265.9458681446769
11762,118,1,62,294.98896579404334
11763,118,1,63,221.47124876626992
11764,118,1,64,221.973882172924
11765,118,1,65,222.47948590910838
11766,118,1,66,222.46077301001537
11767,118,1,67,316.90912429512565
11768,118,1,68,221.4778767654816
11769,118,1,69,270.59659849024257
11770,118,1,70,317.0429546011414
11771,118,1,71,288.4172626386656
11772,118,1,72,292.3368570693561
11773,118,1,73,269.49911191689506
11774,118,1,74,272.4186728766879
11775,118,1,75,303.2059954628921
11776,118,1,76,264.892509378585
11777,118,1,77,265.0474944230249
11778,118,1,78,303.90974121040836
11779,118,1,79,244.2411375800555
11780,118,1,80,272.6549174134031
11781,118,1,81,223.83847268603503
11782,118,1,82,221.4498297256543
11783,118,1,83,254.7236137018768
11784,118,1,84,285.339923968392
11785,118,1,85,267.110009571731
11786,118,1,86,285.97408436085146
11787,118,1,87,221.46932731520732
11788,118,1,88,221.4420644044768
11789,118,1,89,221.7104148101497
11790,118,1,90,275.25387576342365
11791,118,1,91,258.59821265807574
11792,118,1,92,252.50883778678772
11793,118,1,93,305.39813339189897
11794,118,1,94,221.48990276673248
11795,118,1,95,221.42643715831662
11796,118,1,96,221.55284710513587
11797,118,1,97,223.4424890243867
11798,118,1,98,221.69563021841893
11799,118,1,99,257.8144524416116
11800,118,2,0,343.2699582220009
11801,118,2,1,288.12757488586436
11802,118,2,2,261.72536469109673
11803,118,2,3,334.16263543363823
11804,118,2,4,306.3234366328222
11805,118,2,5,307.0116667333434
11806,118,2,6,261.7174379893839
11807,118,2,7,340.7023755086605
11808,118,2,8,339.82085658745945
11809,118,2,9,324.7600197267795
11810,118,2,10,283.88555625102634
11811,118,2,11,314.2059666180048
11812,118,2,12,293.7688309901325
11813,118,2,13,289.87403062960504
11814,118,2,14,276.69749005676465
11815,118,2,15,253.52796793262806
11816,118,2,16,303.5758062975599
11817,118,2,17,253.166770680957
11818,118,2,18,341.8597611804535
11819,118,2,19,346.86638026189496
11820,118,2,20,324.7388475178379
11821,118,2,21,247.04949547869205
11822,118,2,22,280.88219580535866
11823,118,2,23,286.66613018462203
11824,118,2,24,347.48903719894867
11825,118,2,25,327.4248047061648
11826,118,2,26,302.66951225522376
11827,118,2,27,272.58104957593804
11828,118,2,28,313.2718874777082
11829,118,2,29,259.9239365930121
11830,118,2,30,312.76744253001874
11831,118,2,31,331.8758359646171
11832,118,2,32,284.35816392732715
11833,118,2,33,273.9215084013169
11834,118,2,34,307.409199106371
11835,118,2,35,272.5754442197075
11836,118,2,36,340.19151890739704
11837,118,2,37,289.35991444134663
11838,118,2,38,298.26840397539354
11839,118,2,39,257.73469500325945
11840,118,2,40,315.4161529838074
11841,118,2,41,280.91354146703145
11842,118,2,42,312.5915173892631
11843,118,2,43,300.364036592557
11844,118,2,44,309.3800978078731
11845,118,2,45,262.7137377234463
11846,118,2,46,338.8748925675301
11847,118,2,47,339.8392665412495
11848,118,2,48,318.37572417569623
11849,118,2,49,247.36066540276582
11850,118,2,50,291.1587644989839
11851,118,2,51,326.76988411281155
11852,118,2,52,315.95160776996755
11853,118,2,53,324.3932017405828
11854,118,2,54,342.10006744125616
11855,118,2,55,263.6153333862231
11856,118,2,56,315.98350947906795
11857,118,2,57,324.5678199700741
11858,118,2,58,352.63757088107457
11859,118,2,59,257.9903087512651
11860,118,2,60,254.00793290935735
11861,118,2,61,353.1885443866317
11862,118,2,62,268.68804563588395
11863,118,2,63,342.4050809918401
11864,118,2,64,263.187606551499
11865,118,2,65,293.61779937602734
11866,118,2,66,337.04817093832105
11867,118,2,67,296.2817749778743
11868,118,2,68,253.36892561636324
11869,118,2,69,292.854653374406
11870,118,2,70,293.933431576363
11871,118,2,71,301.4175452340932
11872,118,2,72,265.9540809057421
11873,118,2,73,318.67258456297026
11874,118,2,74,253.36203348056762
11875,118,2,75,325.07047634032915
11876,118,2,76,297.3802388421714
11877,118,2,77,343.3844121037887
11878,118,2,78,343.39057588335834
11879,118,2,79,286.38020001448155
11880,118,2,80,311.1950954474981
11881,118,2,81,338.64488901149764
11882,118,2,82,252.72484466143658
11883,118,2,83,341.6211460893613
11884,118,2,84,295.1615470616904
11885,118,2,85,352.0783323557027
11886,118,2,86,342.41132205928903
11887,118,2,87,336.9490847886164
11888,118,2,88,261.15220692888244
11889,118,2,89,292.22723540434123
11890,118,2,90,289.2400821591052
11891,118,2,91,336.94081042119274
11892,118,2,92,307.75816388945947
11893,118,2,93,354.2981743399715
11894,118,2,94,315.4325631869427
11895,118,2,95,306.33148045677126
11896,118,2,96,310.8886839513103
11897,118,2,97,299.5594298917726
11898,118,2,98,264.42776961710126
11899,118,2,99,337.8946108522538
11900,118,3,0,486.35120000543617
11901,118,3,1,489.44110062970464
11902,118,3,2,443.87165819868085
11903,118,3,3,486.9685111274266
11904,118,3,4,451.90271616732366
11905,118,3,5,413.77584504305554
11906,118,3,6,432.7548694183873
11907,118,3,7,454.7585855258859
11908,118,3,8,428.56357700676955
11909,118,3,9,467.67155040214124
11910,118,3,10,407.57785115047034
11911,118,3,11,502.2971187853194
11912,118,3,12,488.76016120518653
11913,118,3,13,416.26644728388754
11914,118,3,14,425.9607719916599
11915,118,3,15,436.14142102979787
11916,118,3,16,474.79842553552646
11917,118,3,17,411.79705690283004
11918,118,3,18,480.1341379828675
11919,118,3,19,502.15400239667787
11920,118,3,20,454.4950250576513
11921,118,3,21,445.29091407485197
11922,118,3,22,489.9492608028858
11923,118,3,23,456.2409140302491
11924,118,3,24,448.7720427423693
11925,118,3,25,501.2650405849477
11926,118,3,26,492.0017886602765
11927,118,3,27,409.96340629661967
11928,118,3,28,464.5379702459065
11929,118,3,29,487.1756180827535
11930,118,3,30,408.96395162904065
11931,118,3,31,406.8434536020743
11932,118,3,32,488.5809474520547
11933,118,3,33,471.11230353656856
11934,118,3,34,407.2855312124624
11935,118,3,35,435.61268052410725
11936,118,3,36,490.5155665413263
11937,118,3,37,490.1054489924122
11938,118,3,38,481.7666198649515
11939,118,3,39,469.5029696799873
11940,118,3,40,495.2809481785794
11941,118,3,41,452.3697624395069
11942,118,3,42,483.0012532295766
11943,118,3,43,489.92358200322366
11944,118,3,44,457.672631903138
11945,118,3,45,423.3046107584494
11946,118,3,46,410.0192394208875
11947,118,3,47,435.35204389185014
11948,118,3,48,472.7827831343697
11949,118,3,49,442.83755002123394
11950,118,3,50,445.18808864256437
11951,118,3,51,416.8341034665191
11952,118,3,52,412.4905131212641
11953,118,3,53,455.06997029273305
11954,118,3,54,459.07457095935195
11955,118,3,55,434.1125428921845
11956,118,3,56,480.9183808326336
11957,118,3,57,476.19831571633716
11958,118,3,58,473.50918338933906
11959,118,3,59,502.69514424239475
11960,118,3,60,491.3456266590431
11961,118,3,61,410.096746890289
11962,118,3,62,486.1636459178383
11963,118,3,63,481.694978199279
11964,118,3,64,474.63450562959906
11965,118,3,65,423.6080178096475
11966,118,3,66,434.0683169169867
11967,118,3,67,502.34158581821765
11968,118,3,68,401.9215884635597
11969,118,3,69,489.56850211289
11970,118,3,70,463.5746580174156
11971,118,3,71,462.899331054249
11972,118,3,72,482.46695331404845
11973,118,3,73,470.75140968546015
11974,118,3,74,430.2790764367295
11975,118,3,75,439.68633387415724
11976,118,3,76,446.179920215201
11977,118,3,77,407.0392092978046
11978,118,3,78,481.0563286841219
11979,118,3,79,465.02591046203776
11980,118,3,80,454.98996573043286
11981,118,3,81,428.0096625914437
11982,118,3,82,447.29508629647677
11983,118,3,83,495.5647121081481
11984,118,3,84,451.13292854157993
11985,118,3,85,449.64759951861816
11986,118,3,86,464.8071270040798
11987,118,3,87,450.26844825199674
11988,118,3,88,492.5146293879766
11989,118,3,89,450.99740986820535
11990,118,3,90,455.68312653554983
11991,118,3,91,485.0559115932254
11992,118,3,92,450.7341976335097
11993,118,3,93,501.518052180043
11994,118,3,94,461.2794936738909
11995,118,3,95,485.05226706843024
11996,118,3,96,407.424846519745
11997,118,3,97,490.61959570150793
11998,118,3,98,452.36640125784055
11999,118,3,99,454.66209697560424
