,world,hole,sim,x_pos
0,2,1,0,71.5225288300988
1,2,1,1,74.67116288660718
2,2,1,2,64.69411003168392
3,2,1,3,125.2752522536408
4,2,1,4,112.2729207953508
5,2,1,5,155.2753774910598
6,2,1,6,97.89194363050915
7,2,1,7,101.83523020278102
8,2,1,8,117.0384540073109
9,2,1,9,67.92331410583364
10,2,1,10,120.1953983616348
11,2,1,11,178.93303316130508
12,2,1,12,194.04277103457454
13,2,1,13,181.36670267151237
14,2,1,14,176.29521710491545
15,2,1,15,139.846260427847
16,2,1,16,153.11151595711502
17,2,1,17,130.33357901935932
18,2,1,18,200.23524240153074
19,2,1,19,65.82608853445022
20,2,1,20,108.08118434094361
21,2,1,21,101.55107204386336
22,2,1,22,118.11035262770451
23,2,1,23,502.66927967157693
24,2,1,24,77.41827184311008
25,2,1,25,117.48029873687902
26,2,1,26,113.94580255521453
27,2,1,27,107.2665670071607
28,2,1,28,133.28874253593287
29,2,1,29,208.92123925232184
30,2,1,30,216.20830758894115
31,2,1,31,145.21349296111714
32,2,1,32,81.42843044395232
33,2,1,33,95.74038955086095
34,2,1,34,170.86135167164565
35,2,1,35,98.19937483056606
36,2,1,36,193.4178332904939
37,2,1,37,192.16527883675673
38,2,1,38,167.30615760411044
39,2,1,39,181.37449783895622
40,2,1,40,190.12967081926996
41,2,1,41,127.88903096356793
42,2,1,42,186.4714920889631
43,2,1,43,84.35980207865849
44,2,1,44,110.30220941954376
45,2,1,45,147.5211374959744
46,2,1,46,227.7785426815332
47,2,1,47,97.87613330263451
48,2,1,48,180.19789966571517
49,2,1,49,122.53152082133536
50,2,1,50,96.39790294466326
51,2,1,51,229.95963951169009
52,2,1,52,93.81442431528333
53,2,1,53,205.0514527642497
54,2,1,54,187.8145678756694
55,2,1,55,174.43005930296295
56,2,1,56,83.22564820154031
57,2,1,57,157.12804909139402
58,2,1,58,165.6477586885513
59,2,1,59,176.92503492636533
60,2,1,60,130.4623110779851
61,2,1,61,100.21188148988938
62,2,1,62,523.0300191554516
63,2,1,63,180.7350808642203
64,2,1,64,141.007275481281
65,2,1,65,195.88912993612445
66,2,1,66,83.41859805931922
67,2,1,67,184.7014677472938
68,2,1,68,94.80498749646394
69,2,1,69,189.90662834187157
70,2,1,70,70.21862230581716
71,2,1,71,172.57841664802052
72,2,1,72,257.73414835914804
73,2,1,73,206.9126046419067
74,2,1,74,144.51349887146765
75,2,1,75,103.9698084334703
76,2,1,76,236.20164088574782
77,2,1,77,250.50009596025507
78,2,1,78,200.25363412098747
79,2,1,79,211.79216837066824
80,2,1,80,131.21474426410114
81,2,1,81,149.91723853322614
82,2,1,82,131.50731385398302
83,2,1,83,518.9217863881064
84,2,1,84,187.3394917634675
85,2,1,85,228.09541757834359
86,2,1,86,98.81232915001632
87,2,1,87,190.28456076510452
88,2,1,88,252.96882206463746
89,2,1,89,215.27506562857994
90,2,1,90,177.95873411102767
91,2,1,91,85.2380662489822
92,2,1,92,166.8660122501072
93,2,1,93,200.96943590631724
94,2,1,94,65.61187623652329
95,2,1,95,104.2276024053494
96,2,1,96,137.65700520447245
97,2,1,97,183.77390669308858
98,2,1,98,125.93826188773623
99,2,1,99,93.88283196078086
100,2,2,0,132.93013418785097
101,2,2,1,485.9251340088929
102,2,2,2,457.8749525611742
103,2,2,3,433.99281969177525
104,2,2,4,118.42353806367954
105,2,2,5,422.0579245832447
106,2,2,6,483.38106670910577
107,2,2,7,506.4291531397285
108,2,2,8,532.2408171872067
109,2,2,9,519.3896600968241
110,2,2,10,513.956972989917
111,2,2,11,218.69620664665678
112,2,2,12,462.8747004396123
113,2,2,13,220.62894881080916
114,2,2,14,194.75813596251993
115,2,2,15,117.89083517951362
116,2,2,16,90.23320460870966
117,2,2,17,512.9481727385456
118,2,2,18,478.8950924351311
119,2,2,19,521.3211382044365
120,2,2,20,380.86672747472
121,2,2,21,229.48428269408194
122,2,2,22,531.565894690961
123,2,2,23,527.4992243850174
124,2,2,24,416.19487944985144
125,2,2,25,472.38768017151085
126,2,2,26,120.78103055416183
127,2,2,27,228.1924600608407
128,2,2,28,520.1803073879313
129,2,2,29,200.21754565448998
130,2,2,30,510.7280083781193
131,2,2,31,512.2300371097974
132,2,2,32,388.948140258874
133,2,2,33,499.0442874861931
134,2,2,34,441.6332890741842
135,2,2,35,506.4025609178605
136,2,2,36,194.9670972048823
137,2,2,37,510.30751301571763
138,2,2,38,457.73051660961517
139,2,2,39,482.57763258934955
140,2,2,40,510.1741958627993
141,2,2,41,216.61372967621105
142,2,2,42,150.44254231622816
143,2,2,43,419.42894602249237
144,2,2,44,197.65010854259853
145,2,2,45,461.22646530004374
146,2,2,46,97.10948358924021
147,2,2,47,403.51135900475055
148,2,2,48,427.5882693272834
149,2,2,49,425.7992826544783
150,2,2,50,178.41400453615256
151,2,2,51,191.98955368212754
152,2,2,52,413.03640732022086
153,2,2,53,505.10828103072026
154,2,2,54,383.1287354215236
155,2,2,55,513.685134621977
156,2,2,56,467.64046829193194
157,2,2,57,442.94066751679316
158,2,2,58,526.4613820329483
159,2,2,59,163.20225518779878
160,2,2,60,148.92225049676887
161,2,2,61,418.0795252084121
162,2,2,62,497.4341526157802
163,2,2,63,532.6775932316082
164,2,2,64,449.3144228537131
165,2,2,65,506.53049412568765
166,2,2,66,465.2769417568829
167,2,2,67,500.4742863134314
168,2,2,68,534.0941390598872
169,2,2,69,518.5563884152772
170,2,2,70,533.6799197956949
171,2,2,71,415.7132555819557
172,2,2,72,440.2602215252792
173,2,2,73,526.5367589411778
174,2,2,74,480.71074357736876
175,2,2,75,461.7677517391574
176,2,2,76,180.92857077703044
177,2,2,77,450.7260616452019
178,2,2,78,76.17791784975462
179,2,2,79,458.14885616391024
180,2,2,80,483.2371087531124
181,2,2,81,387.9301793731407
182,2,2,82,502.7648548668763
183,2,2,83,519.7540905315092
184,2,2,84,406.442671029321
185,2,2,85,443.8372699246681
186,2,2,86,460.7507313568503
187,2,2,87,194.51094642867452
188,2,2,88,376.1126150071642
189,2,2,89,200.9899753032778
190,2,2,90,175.4113919816401
191,2,2,91,431.7576237671292
192,2,2,92,461.1191552970761
193,2,2,93,400.5596759115951
194,2,2,94,425.4970974535866
195,2,2,95,503.8197225273748
196,2,2,96,405.24779819822476
197,2,2,97,455.305067722311
198,2,2,98,522.7656422285859
199,2,2,99,95.8209567812128
200,2,3,0,482.1495621699634
201,2,3,1,510.6274695667361
202,2,3,2,532.4352430779002
203,2,3,3,453.8822612099589
204,2,3,4,530.8151302564609
205,2,3,5,485.96043284308894
206,2,3,6,525.6585034432766
207,2,3,7,504.5827592020907
208,2,3,8,467.84814785640896
209,2,3,9,496.3361215031311
210,2,3,10,536.8205745255068
211,2,3,11,472.1369074982873
212,2,3,12,527.0646587111407
213,2,3,13,504.39769487268006
214,2,3,14,536.055759325003
215,2,3,15,522.2319410504193
216,2,3,16,478.6975703630135
217,2,3,17,519.6722733192283
218,2,3,18,467.52294691576554
219,2,3,19,454.1237593286695
220,2,3,20,471.87978366311586
221,2,3,21,498.4432679434386
222,2,3,22,453.07183368775054
223,2,3,23,478.80071169545334
224,2,3,24,427.47515882299774
225,2,3,25,461.4994056606556
226,2,3,26,482.27798395665184
227,2,3,27,490.42859243413636
228,2,3,28,462.4906760024906
229,2,3,29,477.52557452904097
230,2,3,30,484.4811355499247
231,2,3,31,472.42144703011166
232,2,3,32,494.38053537384474
233,2,3,33,510.1235171486848
234,2,3,34,510.81963498119853
235,2,3,35,485.04440077467893
236,2,3,36,486.8440342837463
237,2,3,37,489.6301445917566
238,2,3,38,466.9720498778415
239,2,3,39,453.37608035313883
240,2,3,40,508.3074796793468
241,2,3,41,517.8966234180674
242,2,3,42,477.12403409528997
243,2,3,43,511.26944851623665
244,2,3,44,425.42964933991755
245,2,3,45,421.26055032447255
246,2,3,46,461.30497159733676
247,2,3,47,484.84773554678355
248,2,3,48,497.72443487160484
249,2,3,49,478.7135789492203
250,2,3,50,443.2491380831168
251,2,3,51,456.8348528645307
252,2,3,52,527.839027787653
253,2,3,53,535.0845278171681
254,2,3,54,533.9481344698661
255,2,3,55,452.97543537490964
256,2,3,56,482.706622509978
257,2,3,57,500.28447401780033
258,2,3,58,467.9696085608029
259,2,3,59,531.3719842316258
260,2,3,60,337.69530210169773
261,2,3,61,513.4426889179904
262,2,3,62,475.554846455139
263,2,3,63,518.7160186859251
264,2,3,64,490.75176242359703
265,2,3,65,444.7546464562516
266,2,3,66,459.89263000098464
267,2,3,67,477.9534712110724
268,2,3,68,488.28661555859765
269,2,3,69,534.3003703369263
270,2,3,70,470.6811711165943
271,2,3,71,526.9760945884151
272,2,3,72,469.4762634205396
273,2,3,73,421.1326455839012
274,2,3,74,362.562555898376
275,2,3,75,501.4812603498488
276,2,3,76,469.9419686478171
277,2,3,77,500.96788920231995
278,2,3,78,503.92306967299504
279,2,3,79,504.67844013098403
280,2,3,80,529.7488250117109
281,2,3,81,524.7114919512078
282,2,3,82,469.6436054866965
283,2,3,83,472.3536470770172
284,2,3,84,521.3691675489301
285,2,3,85,454.42913143795596
286,2,3,86,443.7018809004136
287,2,3,87,433.3229622895118
288,2,3,88,463.592024151816
289,2,3,89,516.7897632329966
290,2,3,90,526.9536751582876
291,2,3,91,503.94317873059265
292,2,3,92,530.427070198918
293,2,3,93,481.82799734652673
294,2,3,94,472.7836983652394
295,2,3,95,447.98731594244725
296,2,3,96,501.28397872365144
297,2,3,97,486.24208680987164
298,2,3,98,375.9934218920143
299,2,3,99,471.9801932422457
300,6,1,0,377.4969108876467
301,6,1,1,283.85330564868093
302,6,1,2,421.2986881728876
303,6,1,3,384.051392317749
304,6,1,4,393.9694153703705
305,6,1,5,332.11910141867327
306,6,1,6,327.14571192398296
307,6,1,7,352.79126161887615
308,6,1,8,397.603689525901
309,6,1,9,262.92290265015333
310,6,1,10,385.7898403772999
311,6,1,11,333.273146440176
312,6,1,12,463.6556019912886
313,6,1,13,322.74121160186934
314,6,1,14,225.21825518597254
315,6,1,15,374.5183859751916
316,6,1,16,379.19817558350286
317,6,1,17,363.5249128156785
318,6,1,18,404.79435681526917
319,6,1,19,332.73735121916343
320,6,1,20,394.359451007318
321,6,1,21,407.3914791836877
322,6,1,22,319.52165901755257
323,6,1,23,418.1167846760203
324,6,1,24,471.2911064807695
325,6,1,25,409.5305642122686
326,6,1,26,228.81918144988313
327,6,1,27,329.60688692583614
328,6,1,28,392.91911814152036
329,6,1,29,477.295688504839
330,6,1,30,361.26106296330545
331,6,1,31,360.3788265291147
332,6,1,32,281.7487455802963
333,6,1,33,312.1667505101319
334,6,1,34,319.69266421491193
335,6,1,35,322.94734543814434
336,6,1,36,256.20079804383187
337,6,1,37,372.3398774871976
338,6,1,38,385.7366626531944
339,6,1,39,268.39359915893067
340,6,1,40,336.4638608366249
341,6,1,41,290.918844255368
342,6,1,42,437.43889291766504
343,6,1,43,287.9286909164589
344,6,1,44,420.5229778071078
345,6,1,45,266.02458061612083
346,6,1,46,451.8960126022189
347,6,1,47,277.9387040346321
348,6,1,48,369.615908586539
349,6,1,49,339.3758606071317
350,6,1,50,435.73850946367736
351,6,1,51,344.1771089364024
352,6,1,52,251.4389413257574
353,6,1,53,237.86689201330904
354,6,1,54,317.1626147793213
355,6,1,55,299.5590629276334
356,6,1,56,306.94378760462206
357,6,1,57,287.81179216809915
358,6,1,58,390.94515482728684
359,6,1,59,284.7816506092387
360,6,1,60,346.18982638737646
361,6,1,61,257.26854150352216
362,6,1,62,322.5870783514829
363,6,1,63,405.8249273675874
364,6,1,64,345.126899560081
365,6,1,65,272.6776769595577
366,6,1,66,353.73125135231277
367,6,1,67,368.77012073031585
368,6,1,68,372.03288784327475
369,6,1,69,321.1773853765643
370,6,1,70,355.15111368439693
371,6,1,71,225.34650348990004
372,6,1,72,414.42676833184146
373,6,1,73,390.1445052680554
374,6,1,74,316.77312597351505
375,6,1,75,352.07843789779673
376,6,1,76,223.5267049722656
377,6,1,77,419.79842079694805
378,6,1,78,397.3635337225197
379,6,1,79,252.1217441628544
380,6,1,80,341.3365836050004
381,6,1,81,294.3156378096724
382,6,1,82,397.2463068947218
383,6,1,83,392.3138836877624
384,6,1,84,328.5527746849033
385,6,1,85,335.8564157782753
386,6,1,86,361.55236017194767
387,6,1,87,237.88612001427234
388,6,1,88,425.42094436684323
389,6,1,89,290.50957232183407
390,6,1,90,411.54673449743495
391,6,1,91,361.5420553933755
392,6,1,92,338.0925030990467
393,6,1,93,394.58745795717067
394,6,1,94,255.28980322470076
395,6,1,95,422.3395431523494
396,6,1,96,390.2372505703999
397,6,1,97,248.47866962726187
398,6,1,98,388.2092003670286
399,6,1,99,442.8792165061469
400,6,2,0,336.6602278382597
401,6,2,1,290.52366189635217
402,6,2,2,268.28877559152454
403,6,2,3,318.07379121555584
404,6,2,4,315.90563043313114
405,6,2,5,275.5790321527223
406,6,2,6,335.4708150457673
407,6,2,7,314.84069979369775
408,6,2,8,353.41598759087265
409,6,2,9,323.9318896646251
410,6,2,10,354.22386443645473
411,6,2,11,246.0541427530143
412,6,2,12,304.4682949784138
413,6,2,13,264.57461760765176
414,6,2,14,321.05235502993565
415,6,2,15,345.37861858644294
416,6,2,16,306.16251402819466
417,6,2,17,275.14610794791776
418,6,2,18,308.48839479389505
419,6,2,19,319.9597146113821
420,6,2,20,307.1326940810943
421,6,2,21,313.0907935555194
422,6,2,22,307.41649484972464
423,6,2,23,303.66459214854774
424,6,2,24,273.91315789664446
425,6,2,25,320.7751336376012
426,6,2,26,315.89925152562273
427,6,2,27,308.25570249584814
428,6,2,28,352.7253177194402
429,6,2,29,285.8838166624185
430,6,2,30,247.72877854458136
431,6,2,31,338.62031341695786
432,6,2,32,259.9877479143808
433,6,2,33,331.40502479295867
434,6,2,34,268.2155538880783
435,6,2,35,287.8491132469181
436,6,2,36,331.41246492691084
437,6,2,37,324.4333390818383
438,6,2,38,257.79691258453613
439,6,2,39,306.17384718861894
440,6,2,40,261.4530164287913
441,6,2,41,315.9145979534903
442,6,2,42,246.95493910132404
443,6,2,43,261.1307876346409
444,6,2,44,259.39916266199367
445,6,2,45,331.98578224881436
446,6,2,46,331.96404927891723
447,6,2,47,341.07317600439046
448,6,2,48,266.85984379494295
449,6,2,49,246.2258557473531
450,6,2,50,290.30687868663495
451,6,2,51,264.44874386494917
452,6,2,52,332.8220617424873
453,6,2,53,283.7045639919165
454,6,2,54,299.8861349862363
455,6,2,55,284.42087668630205
456,6,2,56,275.57133809230083
457,6,2,57,246.411964363794
458,6,2,58,247.72586939459157
459,6,2,59,343.48154866419355
460,6,2,60,305.4044027725604
461,6,2,61,311.7685744106392
462,6,2,62,261.02645015273043
463,6,2,63,292.0879158808765
464,6,2,64,323.93573036152736
465,6,2,65,336.17779729953594
466,6,2,66,320.69482363087366
467,6,2,67,343.5799887357947
468,6,2,68,310.29443832897994
469,6,2,69,310.2150374461007
470,6,2,70,279.92910629022725
471,6,2,71,322.6455965179507
472,6,2,72,286.9019517538149
473,6,2,73,277.9356454017441
474,6,2,74,281.5522161305489
475,6,2,75,354.0808171705821
476,6,2,76,275.39239250134233
477,6,2,77,247.45651865355296
478,6,2,78,275.46143760187243
479,6,2,79,324.0696433510907
480,6,2,80,275.91968397545037
481,6,2,81,253.53167746904154
482,6,2,82,285.6396063964508
483,6,2,83,261.902811722298
484,6,2,84,295.8042831373745
485,6,2,85,312.16181281898173
486,6,2,86,298.9571001428543
487,6,2,87,253.581704882082
488,6,2,88,319.092221761502
489,6,2,89,338.8129526042047
490,6,2,90,336.18977216830683
491,6,2,91,252.9651728775012
492,6,2,92,247.59751401886805
493,6,2,93,254.42837979446
494,6,2,94,259.99654652890956
495,6,2,95,246.94702390236006
496,6,2,96,261.439982649799
497,6,2,97,303.75935462262606
498,6,2,98,254.11000778837084
499,6,2,99,299.9513090529793
500,6,3,0,483.91630595177986
501,6,3,1,457.3512615690643
502,6,3,2,429.49630976187274
503,6,3,3,410.83847721689244
504,6,3,4,430.17910920222266
505,6,3,5,489.99293309009374
506,6,3,6,424.47141746233507
507,6,3,7,487.0597838432195
508,6,3,8,501.45058889591934
509,6,3,9,448.1052389247818
510,6,3,10,415.1807971042316
511,6,3,11,487.1778127571874
512,6,3,12,490.12466509021317
513,6,3,13,442.48507435787207
514,6,3,14,451.75276059778963
515,6,3,15,501.2129529530248
516,6,3,16,436.13346375821374
517,6,3,17,474.25307778474206
518,6,3,18,495.3852349001021
519,6,3,19,449.72218814528594
520,6,3,20,473.1491829010921
521,6,3,21,454.3282069534637
522,6,3,22,489.0735016543601
523,6,3,23,437.601144554082
524,6,3,24,474.4196488479564
525,6,3,25,471.6650899405546
526,6,3,26,467.08734151177475
527,6,3,27,455.6499129523061
528,6,3,28,424.61787228770197
529,6,3,29,440.09167287111705
530,6,3,30,468.00970203427084
531,6,3,31,428.4069825548599
532,6,3,32,411.56743620848937
533,6,3,33,484.8262705154471
534,6,3,34,466.4170473632809
535,6,3,35,436.4276049067257
536,6,3,36,401.6091867007031
537,6,3,37,471.67414366165883
538,6,3,38,462.0769436548449
539,6,3,39,458.63815406729367
540,6,3,40,454.7739187102278
541,6,3,41,455.595125156261
542,6,3,42,487.3218738981239
543,6,3,43,442.4966309623342
544,6,3,44,447.0277173704495
545,6,3,45,444.8235439246534
546,6,3,46,494.1660174882904
547,6,3,47,408.5910804518149
548,6,3,48,414.8055095492702
549,6,3,49,412.6267666743679
550,6,3,50,492.42419826246464
551,6,3,51,407.7693243298426
552,6,3,52,440.4187613380892
553,6,3,53,494.5857449632505
554,6,3,54,412.0724302475226
555,6,3,55,455.3528113212854
556,6,3,56,447.55420474355896
557,6,3,57,447.76809117398426
558,6,3,58,416.9774950545484
559,6,3,59,483.93747972497266
560,6,3,60,446.72643667313946
561,6,3,61,406.3447030661596
562,6,3,62,488.6819499501659
563,6,3,63,396.4678551752364
564,6,3,64,445.1454452200471
565,6,3,65,491.8578768307775
566,6,3,66,439.96687180874926
567,6,3,67,488.3214900277182
568,6,3,68,453.53992302023244
569,6,3,69,428.44423178749184
570,6,3,70,423.5012340250683
571,6,3,71,439.86112124454047
572,6,3,72,440.4691216530075
573,6,3,73,468.8826566686505
574,6,3,74,482.5947380590558
575,6,3,75,445.43007983150284
576,6,3,76,447.15240959906345
577,6,3,77,455.4151250069852
578,6,3,78,467.7495017384802
579,6,3,79,396.1608688358864
580,6,3,80,451.12998413491994
581,6,3,81,491.80809400532655
582,6,3,82,444.70520385360817
583,6,3,83,411.23645719872854
584,6,3,84,434.1057050304936
585,6,3,85,490.3868680541637
586,6,3,86,451.627336041712
587,6,3,87,490.7154592993523
588,6,3,88,451.44215081827554
589,6,3,89,409.68385684000356
590,6,3,90,449.66263884261207
591,6,3,91,413.49554279028763
592,6,3,92,501.2775346134384
593,6,3,93,409.6661198900047
594,6,3,94,462.8040263275575
595,6,3,95,406.90822625582746
596,6,3,96,428.95341941377524
597,6,3,97,440.2662713664781
598,6,3,98,440.43491446811584
599,6,3,99,458.2084497457691
600,9,1,0,90.18318093572472
601,9,1,1,89.71592818419195
602,9,1,2,113.47714358989828
603,9,1,3,277.66624775585046
604,9,1,4,280.4055617764767
605,9,1,5,111.4877139158289
606,9,1,6,75.74510446087547
607,9,1,7,66.25416986905994
608,9,1,8,109.99732273701477
609,9,1,9,94.01945696734782
610,9,1,10,79.55283799546031
611,9,1,11,322.4331188017137
612,9,1,12,260.4260330976253
613,9,1,13,103.4231108102
614,9,1,14,86.36811255958196
615,9,1,15,247.8095675628339
616,9,1,16,103.17725069628534
617,9,1,17,84.01498961426243
618,9,1,18,108.32004270604459
619,9,1,19,105.44019392470291
620,9,1,20,103.22355519664063
621,9,1,21,111.49510462967956
622,9,1,22,91.01072263294685
623,9,1,23,249.86463236955308
624,9,1,24,128.86204936895467
625,9,1,25,108.85162228432648
626,9,1,26,121.53387123714822
627,9,1,27,113.00135409670492
628,9,1,28,87.67779887984929
629,9,1,29,99.36341483817168
630,9,1,30,117.00108984444736
631,9,1,31,113.05424360181568
632,9,1,32,258.1516619240676
633,9,1,33,101.39998070087127
634,9,1,34,88.39250207169702
635,9,1,35,110.38706195746803
636,9,1,36,70.35637429978792
637,9,1,37,68.54951633458013
638,9,1,38,81.02887604072289
639,9,1,39,67.86979776069919
640,9,1,40,305.31173959082787
641,9,1,41,267.96794638838816
642,9,1,42,257.59022116664903
643,9,1,43,263.17392035901906
644,9,1,44,289.75290025835295
645,9,1,45,69.48147898448502
646,9,1,46,112.79406424909656
647,9,1,47,105.48999706280088
648,9,1,48,257.88546116178406
649,9,1,49,94.0426906876773
650,9,1,50,66.45637301148338
651,9,1,51,118.92172523494577
652,9,1,52,87.99971979112104
653,9,1,53,98.23246146987893
654,9,1,54,110.5381161248242
655,9,1,55,108.41552066426642
656,9,1,56,85.70842508374844
657,9,1,57,131.21163274239242
658,9,1,58,101.54552173914733
659,9,1,59,78.77507324292607
660,9,1,60,102.49965566216956
661,9,1,61,82.87506524314982
662,9,1,62,289.4908019048895
663,9,1,63,76.8588275034173
664,9,1,64,307.2881226794632
665,9,1,65,305.4402169346011
666,9,1,66,256.04151410466665
667,9,1,67,115.59788497984245
668,9,1,68,63.35130100570898
669,9,1,69,88.90932286340806
670,9,1,70,119.41650657247737
671,9,1,71,92.66522795096279
672,9,1,72,104.1878044022582
673,9,1,73,252.01271212452522
674,9,1,74,74.54947549573264
675,9,1,75,78.74513098383447
676,9,1,76,91.06860038557407
677,9,1,77,98.36380633409544
678,9,1,78,73.19925329043699
679,9,1,79,78.19893173959818
680,9,1,80,114.67602423549428
681,9,1,81,79.3980437853225
682,9,1,82,247.84839279321557
683,9,1,83,104.52703816502486
684,9,1,84,93.44285268205378
685,9,1,85,94.8078667053293
686,9,1,86,93.85032560614384
687,9,1,87,97.24588334631561
688,9,1,88,102.91050484582436
689,9,1,89,83.67432497056792
690,9,1,90,106.36669449145266
691,9,1,91,122.01537440395718
692,9,1,92,117.36882149602812
693,9,1,93,76.80037539557134
694,9,1,94,72.56161270745632
695,9,1,95,94.26822950352071
696,9,1,96,91.78665855321918
697,9,1,97,257.5828489216061
698,9,1,98,348.0950653698932
699,9,1,99,117.48979236833222
700,9,2,0,319.77775037926153
701,9,2,1,306.4697049197701
702,9,2,2,313.6527867054467
703,9,2,3,331.41132644142596
704,9,2,4,295.5767850186087
705,9,2,5,259.90069537896994
706,9,2,6,300.999145223191
707,9,2,7,338.7108078541614
708,9,2,8,281.7949158029238
709,9,2,9,338.7484126137054
710,9,2,10,261.1911517199806
711,9,2,11,333.7484861921578
712,9,2,12,287.8990468066057
713,9,2,13,289.71158111851446
714,9,2,14,305.9880277005175
715,9,2,15,305.9313990800326
716,9,2,16,342.88552155481113
717,9,2,17,323.3583640441435
718,9,2,18,309.1378477225792
719,9,2,19,258.18660327190673
720,9,2,20,311.8680305327901
721,9,2,21,303.5735717768062
722,9,2,22,245.89597248405155
723,9,2,23,293.98461946030636
724,9,2,24,339.76286233199943
725,9,2,25,297.384894815046
726,9,2,26,281.41649089687206
727,9,2,27,296.15053358565757
728,9,2,28,261.590769338339
729,9,2,29,305.9534298466439
730,9,2,30,347.10017848047215
731,9,2,31,317.231751521696
732,9,2,32,320.86728434318036
733,9,2,33,260.4780057670195
734,9,2,34,306.64618515875156
735,9,2,35,336.7163113282025
736,9,2,36,245.8087386387395
737,9,2,37,320.45869853890747
738,9,2,38,312.91472440472876
739,9,2,39,277.20694860469735
740,9,2,40,324.71056729669164
741,9,2,41,336.2341852346727
742,9,2,42,260.7918682061159
743,9,2,43,295.4707812912052
744,9,2,44,305.42352043849945
745,9,2,45,312.2720930584493
746,9,2,46,287.79076801716434
747,9,2,47,296.82803416245093
748,9,2,48,275.9078646268314
749,9,2,49,262.15856262947545
750,9,2,50,279.0032213508342
751,9,2,51,260.153443164551
752,9,2,52,304.7201889612561
753,9,2,53,281.69418166827126
754,9,2,54,335.47840619037794
755,9,2,55,292.9099226698493
756,9,2,56,295.12404347790886
757,9,2,57,286.266588632409
758,9,2,58,296.85521125693964
759,9,2,59,281.70219333580195
760,9,2,60,324.76982846870146
761,9,2,61,298.5015095953988
762,9,2,62,256.91309255725787
763,9,2,63,301.342045317937
764,9,2,64,276.76543725286285
765,9,2,65,335.1532114907815
766,9,2,66,294.8790242150642
767,9,2,67,295.4980206884722
768,9,2,68,293.7715947432124
769,9,2,69,257.6061544031686
770,9,2,70,289.8808452087946
771,9,2,71,329.0525283718113
772,9,2,72,300.8481066021684
773,9,2,73,281.2757846496751
774,9,2,74,352.8388012599383
775,9,2,75,264.4804987013032
776,9,2,76,292.3198561431217
777,9,2,77,268.59366440639724
778,9,2,78,338.97168386131074
779,9,2,79,246.88915465953914
780,9,2,80,300.8252920978863
781,9,2,81,300.99681670572477
782,9,2,82,274.54062214185876
783,9,2,83,262.67328027940766
784,9,2,84,296.72358995670413
785,9,2,85,306.0864050291973
786,9,2,86,278.5817797772782
787,9,2,87,352.47308280541694
788,9,2,88,278.5120420302754
789,9,2,89,309.8324355598117
790,9,2,90,314.02827780296354
791,9,2,91,315.5749009812035
792,9,2,92,318.5020720269233
793,9,2,93,295.8066909760014
794,9,2,94,245.85467614653692
795,9,2,95,325.0925606923298
796,9,2,96,313.51411726331986
797,9,2,97,253.30023463174967
798,9,2,98,338.9425385809262
799,9,2,99,290.3072415895031
800,9,3,0,355.7239017226966
801,9,3,1,266.1307114705706
802,9,3,2,359.08533539715364
803,9,3,3,313.19787109577544
804,9,3,4,298.7795710093157
805,9,3,5,355.85254879815284
806,9,3,6,331.33666911122634
807,9,3,7,358.07040173321565
808,9,3,8,297.2874805896084
809,9,3,9,316.5105303647632
810,9,3,10,535.5994087038572
811,9,3,11,349.9385595369136
812,9,3,12,358.704562514045
813,9,3,13,327.8376987298033
814,9,3,14,342.2867342035595
815,9,3,15,371.0633432392341
816,9,3,16,266.24529817601206
817,9,3,17,357.2854258614581
818,9,3,18,378.53626105736004
819,9,3,19,297.5370175651087
820,9,3,20,290.52083514127554
821,9,3,21,285.70718367727517
822,9,3,22,511.84526284405615
823,9,3,23,351.62308033278396
824,9,3,24,341.75535623092503
825,9,3,25,338.34697470449913
826,9,3,26,340.96141362350556
827,9,3,27,323.82779069199586
828,9,3,28,356.99388325876413
829,9,3,29,324.05703983073676
830,9,3,30,362.65722566542775
831,9,3,31,286.4737592387069
832,9,3,32,352.5874659331932
833,9,3,33,319.0052794841261
834,9,3,34,522.8936475516315
835,9,3,35,311.5048555763535
836,9,3,36,315.4878873955651
837,9,3,37,357.79753980588885
838,9,3,38,280.4294004325263
839,9,3,39,314.3240910614689
840,9,3,40,300.43945836421267
841,9,3,41,267.2334101576989
842,9,3,42,359.4199861207357
843,9,3,43,347.7280310246145
844,9,3,44,496.60123192058336
845,9,3,45,345.05437827581045
846,9,3,46,307.6380685725231
847,9,3,47,291.5083876833726
848,9,3,48,524.1761657785669
849,9,3,49,359.7407963515566
850,9,3,50,319.7840421939047
851,9,3,51,345.6768253881013
852,9,3,52,517.9940606350656
853,9,3,53,346.65511915262897
854,9,3,54,375.37108646550075
855,9,3,55,355.250395933716
856,9,3,56,512.0807638432734
857,9,3,57,286.77379429314675
858,9,3,58,336.7527203867101
859,9,3,59,318.6502709792749
860,9,3,60,305.1013239061978
861,9,3,61,275.4831910448844
862,9,3,62,247.9840529490419
863,9,3,63,299.5412487404625
864,9,3,64,308.60922113005745
865,9,3,65,262.1778031486386
866,9,3,66,321.4146699458329
867,9,3,67,354.17715092076355
868,9,3,68,307.6759688383639
869,9,3,69,331.79947882533736
870,9,3,70,301.1220783138686
871,9,3,71,346.0684696299713
872,9,3,72,312.3222017068776
873,9,3,73,286.28709788070324
874,9,3,74,255.65256321540934
875,9,3,75,531.8879718557343
876,9,3,76,292.3497939470854
877,9,3,77,336.4798070744748
878,9,3,78,319.29892575655725
879,9,3,79,300.41567750880375
880,9,3,80,306.1775887851931
881,9,3,81,356.5550142624961
882,9,3,82,324.87071759109
883,9,3,83,361.2240246137027
884,9,3,84,304.169488239242
885,9,3,85,339.88691252147976
886,9,3,86,313.58303797002327
887,9,3,87,514.5985613139159
888,9,3,88,350.00127807666684
889,9,3,89,312.56078619517945
890,9,3,90,528.574424043415
891,9,3,91,307.070239668128
892,9,3,92,526.4139887121291
893,9,3,93,308.1856436956281
894,9,3,94,359.72955911990516
895,9,3,95,311.66669588544534
896,9,3,96,345.75673945160116
897,9,3,97,307.356830360579
898,9,3,98,491.1952273312544
899,9,3,99,314.84846295712185
900,10,1,0,87.07753758335672
901,10,1,1,106.26203824497789
902,10,1,2,71.54982994966886
903,10,1,3,107.64333759665665
904,10,1,4,125.1757456917995
905,10,1,5,67.446596864836
906,10,1,6,76.46076767476676
907,10,1,7,78.2236318391128
908,10,1,8,73.09601142838069
909,10,1,9,84.33264574759498
910,10,1,10,69.45016978144058
911,10,1,11,126.22716162800106
912,10,1,12,63.33688164606045
913,10,1,13,110.43454558941853
914,10,1,14,72.88928785027078
915,10,1,15,108.24191046043738
916,10,1,16,71.46317562306118
917,10,1,17,123.90366621866656
918,10,1,18,107.03688705869624
919,10,1,19,87.83910011840497
920,10,1,20,69.52015349906416
921,10,1,21,108.23871663006747
922,10,1,22,108.0611378059242
923,10,1,23,88.14625969205525
924,10,1,24,74.12854733577132
925,10,1,25,116.75069884758946
926,10,1,26,108.3444953705025
927,10,1,27,69.54065123646009
928,10,1,28,88.03738283381509
929,10,1,29,102.58114924244637
930,10,1,30,74.3666716488233
931,10,1,31,105.21902086746249
932,10,1,32,107.18742632065295
933,10,1,33,98.42780948659549
934,10,1,34,105.12257408102035
935,10,1,35,102.38076027477162
936,10,1,36,102.83847494123333
937,10,1,37,73.05316705424528
938,10,1,38,107.71923774457429
939,10,1,39,108.21362316037975
940,10,1,40,101.99843710650308
941,10,1,41,104.13301814975074
942,10,1,42,67.27255569763308
943,10,1,43,69.2089669828336
944,10,1,44,120.87125206536183
945,10,1,45,106.28628282729508
946,10,1,46,90.49383052831959
947,10,1,47,73.57651239358609
948,10,1,48,120.00759447068543
949,10,1,49,96.3239731645232
950,10,1,50,101.99889230834187
951,10,1,51,108.66289910960506
952,10,1,52,108.14725353267761
953,10,1,53,85.7426097084752
954,10,1,54,104.20883088037174
955,10,1,55,110.62315376922831
956,10,1,56,106.99946064484391
957,10,1,57,73.43501471032216
958,10,1,58,80.51699174483295
959,10,1,59,123.86322440121897
960,10,1,60,80.45716436171901
961,10,1,61,119.0289623914893
962,10,1,62,99.4635712559181
963,10,1,63,72.19279182324226
964,10,1,64,76.8215513497786
965,10,1,65,124.88850835433851
966,10,1,66,107.50294587679232
967,10,1,67,90.55182307405474
968,10,1,68,69.100549430431
969,10,1,69,67.72456567888186
970,10,1,70,104.82958917939241
971,10,1,71,104.51583543880672
972,10,1,72,96.66653018649932
973,10,1,73,110.31241740242231
974,10,1,74,117.45918228271813
975,10,1,75,118.34258993097674
976,10,1,76,107.66069488882086
977,10,1,77,122.3764879602817
978,10,1,78,108.2209965136952
979,10,1,79,125.0032576664353
980,10,1,80,98.85657350451962
981,10,1,81,122.05416445762975
982,10,1,82,99.26925749976263
983,10,1,83,99.64166586351179
984,10,1,84,76.05746914913037
985,10,1,85,122.55112323318069
986,10,1,86,110.68572099742833
987,10,1,87,94.43429730460322
988,10,1,88,77.41831459597799
989,10,1,89,83.85403681810418
990,10,1,90,94.06872987717551
991,10,1,91,102.44438170363406
992,10,1,92,107.03731327660734
993,10,1,93,94.22914463156067
994,10,1,94,118.63788906426461
995,10,1,95,83.3893421952977
996,10,1,96,65.97218967844395
997,10,1,97,105.6277008638758
998,10,1,98,104.79861745706548
999,10,1,99,126.8035640949748
1000,10,2,0,267.8530830059281
1001,10,2,1,300.4030266998754
1002,10,2,2,247.6763277293008
1003,10,2,3,277.05845503960967
1004,10,2,4,340.7730537888758
1005,10,2,5,319.55056128444096
1006,10,2,6,279.4504903815469
1007,10,2,7,308.7639835690095
1008,10,2,8,252.41365423983905
1009,10,2,9,275.01878782346535
1010,10,2,10,324.374125230554
1011,10,2,11,321.39942939221834
1012,10,2,12,324.1300963547581
1013,10,2,13,312.4581613828478
1014,10,2,14,310.4717551028413
1015,10,2,15,341.78280654998525
1016,10,2,16,313.08593116293656
1017,10,2,17,294.09720406311493
1018,10,2,18,264.98057998183737
1019,10,2,19,296.25617110347724
1020,10,2,20,353.35081150777245
1021,10,2,21,295.38950967123594
1022,10,2,22,263.68697511748314
1023,10,2,23,285.3180351392282
1024,10,2,24,338.34100467377766
1025,10,2,25,300.3724258405751
1026,10,2,26,282.3481686678014
1027,10,2,27,315.760793651408
1028,10,2,28,320.1160965965852
1029,10,2,29,336.2249175841769
1030,10,2,30,334.93690527942385
1031,10,2,31,262.9589983957135
1032,10,2,32,254.68719952750416
1033,10,2,33,268.12110635999306
1034,10,2,34,284.269436382239
1035,10,2,35,304.46043497953383
1036,10,2,36,313.7880971646767
1037,10,2,37,252.95380737041427
1038,10,2,38,281.79281443504
1039,10,2,39,282.1094707438287
1040,10,2,40,313.64906539288097
1041,10,2,41,307.9726520125008
1042,10,2,42,294.68289513866347
1043,10,2,43,275.16575540132396
1044,10,2,44,276.42265466642846
1045,10,2,45,310.65360093855867
1046,10,2,46,301.71425854664
1047,10,2,47,261.1311963172149
1048,10,2,48,320.8185365531364
1049,10,2,49,324.68526615673545
1050,10,2,50,311.64429198437807
1051,10,2,51,338.51485115738274
1052,10,2,52,333.94246128749666
1053,10,2,53,307.0165806583077
1054,10,2,54,310.96683854818593
1055,10,2,55,320.7210674830166
1056,10,2,56,286.4495026992729
1057,10,2,57,340.24026293825466
1058,10,2,58,336.27643609228966
1059,10,2,59,245.27770221673558
1060,10,2,60,304.28373311238124
1061,10,2,61,253.97841786364853
1062,10,2,62,259.5306031024343
1063,10,2,63,321.56004896173584
1064,10,2,64,252.62011342015123
1065,10,2,65,308.05818603584936
1066,10,2,66,345.6916333444606
1067,10,2,67,318.75385534253525
1068,10,2,68,284.05294705706353
1069,10,2,69,341.8805575772032
1070,10,2,70,342.70566200136386
1071,10,2,71,246.33534313328187
1072,10,2,72,318.61778602961505
1073,10,2,73,308.0683802686659
1074,10,2,74,305.72251738338656
1075,10,2,75,287.62134027594584
1076,10,2,76,263.9520586028932
1077,10,2,77,306.565126824906
1078,10,2,78,304.92277150428794
1079,10,2,79,343.45517617478754
1080,10,2,80,307.60921656365514
1081,10,2,81,267.9488957571434
1082,10,2,82,281.434017590045
1083,10,2,83,245.71078866482924
1084,10,2,84,286.2392436234593
1085,10,2,85,290.91117741406583
1086,10,2,86,284.0488095407067
1087,10,2,87,301.45295356115827
1088,10,2,88,324.15200394832783
1089,10,2,89,311.22464962618426
1090,10,2,90,324.19730559487914
1091,10,2,91,314.0180171550128
1092,10,2,92,342.77535009080935
1093,10,2,93,297.97950250690405
1094,10,2,94,292.84682636573274
1095,10,2,95,320.35117539697546
1096,10,2,96,265.40380160706366
1097,10,2,97,293.87720896064735
1098,10,2,98,310.5543869896065
1099,10,2,99,313.390035748891
1100,10,3,0,517.6675982475193
1101,10,3,1,361.30518753970944
1102,10,3,2,512.4702269739367
1103,10,3,3,503.89782863609815
1104,10,3,4,510.6698370259464
1105,10,3,5,527.262064166047
1106,10,3,6,529.5913940389263
1107,10,3,7,365.27371472919486
1108,10,3,8,521.2632966679515
1109,10,3,9,507.6625054234797
1110,10,3,10,504.7016867200307
1111,10,3,11,520.837141945402
1112,10,3,12,536.7599375643923
1113,10,3,13,526.487186762511
1114,10,3,14,526.505336794901
1115,10,3,15,520.2102664081054
1116,10,3,16,520.7492791669665
1117,10,3,17,521.3712648567879
1118,10,3,18,506.80588827307855
1119,10,3,19,503.2561384118786
1120,10,3,20,525.5239555659075
1121,10,3,21,531.6638642951535
1122,10,3,22,521.6368391183796
1123,10,3,23,515.4129590831831
1124,10,3,24,358.45042170391326
1125,10,3,25,353.0842214218003
1126,10,3,26,374.5078972772069
1127,10,3,27,347.27587159888014
1128,10,3,28,513.2426258461131
1129,10,3,29,292.344159710342
1130,10,3,30,338.6665764323053
1131,10,3,31,504.7178400843078
1132,10,3,32,360.7844200542647
1133,10,3,33,522.1342198778246
1134,10,3,34,367.26921730307436
1135,10,3,35,523.2415685480438
1136,10,3,36,359.67361475959103
1137,10,3,37,362.26669136432974
1138,10,3,38,383.70041125339384
1139,10,3,39,324.92755656216804
1140,10,3,40,349.1209098674114
1141,10,3,41,506.80212836765344
1142,10,3,42,355.17720102416627
1143,10,3,43,530.5083516280251
1144,10,3,44,353.6703235355453
1145,10,3,45,348.6262563664044
1146,10,3,46,348.8166564261055
1147,10,3,47,295.56294663540126
1148,10,3,48,527.1208716323007
1149,10,3,49,523.4570078493334
1150,10,3,50,521.7863412457147
1151,10,3,51,512.6671267847482
1152,10,3,52,347.45048403235285
1153,10,3,53,346.7219402959321
1154,10,3,54,520.6081161512825
1155,10,3,55,367.810075320562
1156,10,3,56,514.1713929157969
1157,10,3,57,345.07508713394185
1158,10,3,58,359.6776132274574
1159,10,3,59,524.7347709388897
1160,10,3,60,521.7639116001379
1161,10,3,61,508.3606684498064
1162,10,3,62,535.3546807241611
1163,10,3,63,523.9797802928857
1164,10,3,64,519.7445574046621
1165,10,3,65,513.285990736745
1166,10,3,66,352.2530385613936
1167,10,3,67,364.42413895060304
1168,10,3,68,520.4414085241008
1169,10,3,69,518.2588415284279
1170,10,3,70,354.02393204090265
1171,10,3,71,517.1422878576865
1172,10,3,72,532.5842788709965
1173,10,3,73,309.3192322354597
1174,10,3,74,520.2575792941054
1175,10,3,75,359.8472960820093
1176,10,3,76,350.48645608868037
1177,10,3,77,501.2898124734561
1178,10,3,78,521.6124026104367
1179,10,3,79,320.25098621380897
1180,10,3,80,521.5851388349558
1181,10,3,81,522.0736900055991
1182,10,3,82,263.3897430617233
1183,10,3,83,351.7308915827132
1184,10,3,84,536.7403768642499
1185,10,3,85,528.656747436304
1186,10,3,86,356.0267059920932
1187,10,3,87,366.6212149946439
1188,10,3,88,526.8743361916235
1189,10,3,89,523.2681631727462
1190,10,3,90,528.6095254578736
1191,10,3,91,308.77889672913193
1192,10,3,92,368.8411917463489
1193,10,3,93,516.7489387635848
1194,10,3,94,517.334234297993
1195,10,3,95,523.0432021819385
1196,10,3,96,516.640932930942
1197,10,3,97,356.7825802811924
1198,10,3,98,363.5162197414878
1199,10,3,99,519.2701432977293
1200,12,1,0,198.39345197817158
1201,12,1,1,163.17849890873998
1202,12,1,2,130.29249298501603
1203,12,1,3,175.80039959845897
1204,12,1,4,193.3161473625243
1205,12,1,5,197.83684189182478
1206,12,1,6,151.25898447258336
1207,12,1,7,157.43290097183413
1208,12,1,8,171.30414877805634
1209,12,1,9,183.52067728101468
1210,12,1,10,175.96933276017722
1211,12,1,11,111.33588840441536
1212,12,1,12,193.24089845206836
1213,12,1,13,112.22092923673502
1214,12,1,14,131.7855982235248
1215,12,1,15,154.18335134327316
1216,12,1,16,145.2805447132908
1217,12,1,17,155.1134475286357
1218,12,1,18,142.16132617775807
1219,12,1,19,176.61737108312343
1220,12,1,20,118.12848437964692
1221,12,1,21,131.42657993363562
1222,12,1,22,204.62111531759427
1223,12,1,23,155.90665716626927
1224,12,1,24,170.60802654458945
1225,12,1,25,108.83214158211841
1226,12,1,26,154.98141979289323
1227,12,1,27,112.08071762755313
1228,12,1,28,130.82882527829025
1229,12,1,29,152.74249673176226
1230,12,1,30,144.6252882178168
1231,12,1,31,189.51168202125425
1232,12,1,32,143.317769274267
1233,12,1,33,104.06410451672294
1234,12,1,34,204.5376526621846
1235,12,1,35,137.69984211505067
1236,12,1,36,191.1449069128062
1237,12,1,37,167.2008594956122
1238,12,1,38,160.5300563976482
1239,12,1,39,144.58950812571192
1240,12,1,40,145.22997236336568
1241,12,1,41,132.6543755706576
1242,12,1,42,147.91385677394712
1243,12,1,43,155.751555952462
1244,12,1,44,158.93209928604688
1245,12,1,45,172.1465522624752
1246,12,1,46,189.82293712405053
1247,12,1,47,155.2531985808762
1248,12,1,48,145.25352409439296
1249,12,1,49,151.1948307103869
1250,12,1,50,174.89163501853182
1251,12,1,51,144.72941853697043
1252,12,1,52,175.7794429395902
1253,12,1,53,151.99299322351666
1254,12,1,54,197.08144576242603
1255,12,1,55,140.7214717736759
1256,12,1,56,144.87728309165513
1257,12,1,57,187.32337670662034
1258,12,1,58,169.3365891394078
1259,12,1,59,97.38776853854802
1260,12,1,60,119.0029735685178
1261,12,1,61,189.03770671708892
1262,12,1,62,111.69361456668655
1263,12,1,63,157.518481465851
1264,12,1,64,127.05981118019237
1265,12,1,65,157.5440261022288
1266,12,1,66,139.14195668421914
1267,12,1,67,204.11500445545053
1268,12,1,68,190.2074823170776
1269,12,1,69,138.12968159430562
1270,12,1,70,147.869256379044
1271,12,1,71,97.05910764578175
1272,12,1,72,146.48865018445622
1273,12,1,73,192.96761903699124
1274,12,1,74,167.35323879183096
1275,12,1,75,137.61101721570975
1276,12,1,76,193.5978487862716
1277,12,1,77,108.12002887725598
1278,12,1,78,190.62472305232976
1279,12,1,79,185.83386110052635
1280,12,1,80,192.2669395251689
1281,12,1,81,136.77370530559057
1282,12,1,82,145.19579639555033
1283,12,1,83,175.19422753795726
1284,12,1,84,112.01911217770217
1285,12,1,85,162.2402861540868
1286,12,1,86,165.7487885367633
1287,12,1,87,192.9640696636397
1288,12,1,88,153.75517078884238
1289,12,1,89,148.91612930402755
1290,12,1,90,152.84073638156167
1291,12,1,91,197.11805886188344
1292,12,1,92,155.8869460251399
1293,12,1,93,162.5904307146004
1294,12,1,94,158.77790256869073
1295,12,1,95,155.6731968647646
1296,12,1,96,98.96530006479081
1297,12,1,97,153.02086299095637
1298,12,1,98,166.90080698062332
1299,12,1,99,186.93472631910709
1300,12,2,0,385.83881199581083
1301,12,2,1,134.91681058947714
1302,12,2,2,84.47358105747817
1303,12,2,3,88.05457512683105
1304,12,2,4,68.26112412859379
1305,12,2,5,103.12938312680588
1306,12,2,6,133.5925646634266
1307,12,2,7,114.97286119144206
1308,12,2,8,378.91059565029707
1309,12,2,9,440.1008146759109
1310,12,2,10,420.98014404082767
1311,12,2,11,83.37502300170945
1312,12,2,12,78.95483644667645
1313,12,2,13,134.9806830210912
1314,12,2,14,75.81839197916412
1315,12,2,15,88.58098477403752
1316,12,2,16,95.17781040510268
1317,12,2,17,120.17421832581401
1318,12,2,18,140.15665566417238
1319,12,2,19,106.89321752140633
1320,12,2,20,379.16821563835805
1321,12,2,21,462.97666288619143
1322,12,2,22,198.4627637097046
1323,12,2,23,133.21491385370263
1324,12,2,24,99.75830794368821
1325,12,2,25,73.17148429216974
1326,12,2,26,451.073669513667
1327,12,2,27,147.7178562474442
1328,12,2,28,89.28358182566323
1329,12,2,29,404.537057168884
1330,12,2,30,77.32836613434141
1331,12,2,31,87.5030426793627
1332,12,2,32,72.50461779276135
1333,12,2,33,409.38045424857285
1334,12,2,34,153.41878101386666
1335,12,2,35,92.80776608148274
1336,12,2,36,217.1984386637938
1337,12,2,37,92.77702461964307
1338,12,2,38,102.78107121805526
1339,12,2,39,118.99019195683871
1340,12,2,40,153.69548128462003
1341,12,2,41,389.85560363939
1342,12,2,42,110.66229902131177
1343,12,2,43,178.28542756194463
1344,12,2,44,83.51468064072454
1345,12,2,45,378.06547915129596
1346,12,2,46,180.60603486366549
1347,12,2,47,117.27581490800448
1348,12,2,48,144.66169800062488
1349,12,2,49,139.02894757750147
1350,12,2,50,417.76727561361446
1351,12,2,51,116.70392511039492
1352,12,2,52,171.34870214214442
1353,12,2,53,395.6341801506666
1354,12,2,54,159.711722414423
1355,12,2,55,67.39105588898646
1356,12,2,56,160.7416203997478
1357,12,2,57,89.93654565858284
1358,12,2,58,88.33034388306612
1359,12,2,59,105.22846077066548
1360,12,2,60,78.30877420084612
1361,12,2,61,194.23678438739933
1362,12,2,62,80.9151502070089
1363,12,2,63,111.07957720446657
1364,12,2,64,148.09229377644672
1365,12,2,65,106.51037100841502
1366,12,2,66,79.34097699503802
1367,12,2,67,171.25404198915928
1368,12,2,68,459.324531647429
1369,12,2,69,137.1313015866606
1370,12,2,70,80.48866466916323
1371,12,2,71,101.24870092517307
1372,12,2,72,195.56734107381055
1373,12,2,73,80.5552372341238
1374,12,2,74,83.66562066704314
1375,12,2,75,106.65550809412602
1376,12,2,76,85.44110892724414
1377,12,2,77,64.95560049760655
1378,12,2,78,167.04395273191656
1379,12,2,79,185.48970713536562
1380,12,2,80,101.56965782183593
1381,12,2,81,89.63929040550475
1382,12,2,82,165.49327973085786
1383,12,2,83,63.22411907702823
1384,12,2,84,81.34355244005106
1385,12,2,85,78.18755326795382
1386,12,2,86,100.33574508595214
1387,12,2,87,171.46037818274468
1388,12,2,88,97.33898216407695
1389,12,2,89,390.9530293401342
1390,12,2,90,114.81410176187251
1391,12,2,91,152.27787890584102
1392,12,2,92,145.1445542467324
1393,12,2,93,106.07321409855828
1394,12,2,94,198.63421212987544
1395,12,2,95,97.22481404696448
1396,12,2,96,166.76278798203958
1397,12,2,97,376.46409487144217
1398,12,2,98,151.81583984309643
1399,12,2,99,83.28912980124214
1400,12,3,0,514.6259242990137
1401,12,3,1,507.1588489516701
1402,12,3,2,503.4233533827713
1403,12,3,3,529.3517887793419
1404,12,3,4,508.09964391479514
1405,12,3,5,528.167486407943
1406,12,3,6,518.3104048717174
1407,12,3,7,488.13170720062845
1408,12,3,8,518.2910299738988
1409,12,3,9,516.9494550941134
1410,12,3,10,510.88375006598983
1411,12,3,11,396.67451090749364
1412,12,3,12,500.91592892744256
1413,12,3,13,514.8991697862847
1414,12,3,14,487.33630281051285
1415,12,3,15,493.78463469079446
1416,12,3,16,474.622050931976
1417,12,3,17,518.1812392931781
1418,12,3,18,524.586812246382
1419,12,3,19,524.1622603981083
1420,12,3,20,537.0265316656315
1421,12,3,21,486.03485251278977
1422,12,3,22,506.7120959366254
1423,12,3,23,525.5269480468872
1424,12,3,24,513.7509710320612
1425,12,3,25,526.211758481043
1426,12,3,26,534.8261561982647
1427,12,3,27,472.9731260541957
1428,12,3,28,521.6444976927429
1429,12,3,29,524.2588620010459
1430,12,3,30,524.4459792864881
1431,12,3,31,535.5398628716307
1432,12,3,32,493.71875574094435
1433,12,3,33,516.6354970692873
1434,12,3,34,370.98620902356095
1435,12,3,35,518.9344510134569
1436,12,3,36,447.9648990908545
1437,12,3,37,508.51830498474993
1438,12,3,38,514.7668293752178
1439,12,3,39,427.0981025701414
1440,12,3,40,498.05294851185596
1441,12,3,41,461.1767368451042
1442,12,3,42,516.4362784244606
1443,12,3,43,399.316715772625
1444,12,3,44,515.6381473153521
1445,12,3,45,453.08318183382903
1446,12,3,46,536.063761588993
1447,12,3,47,466.25112744023556
1448,12,3,48,513.9907916680512
1449,12,3,49,505.83911702330795
1450,12,3,50,505.1699104081367
1451,12,3,51,491.8378323014118
1452,12,3,52,474.77921625950637
1453,12,3,53,474.6366487311971
1454,12,3,54,505.72461312696106
1455,12,3,55,506.8822405559613
1456,12,3,56,455.1585609826017
1457,12,3,57,491.3466297836923
1458,12,3,58,487.91639863325275
1459,12,3,59,505.56519566290507
1460,12,3,60,532.2900573891487
1461,12,3,61,483.2935524856944
1462,12,3,62,521.9799359192083
1463,12,3,63,526.4114061452311
1464,12,3,64,498.5767381380559
1465,12,3,65,503.71359076537345
1466,12,3,66,386.05305700766297
1467,12,3,67,494.67021411744463
1468,12,3,68,492.3966852645846
1469,12,3,69,378.5884613501565
1470,12,3,70,526.9471314902542
1471,12,3,71,398.2105843223904
1472,12,3,72,496.34351282155154
1473,12,3,73,480.74559533709345
1474,12,3,74,509.1644867151247
1475,12,3,75,528.1870011238403
1476,12,3,76,500.01859096156187
1477,12,3,77,511.6905344730382
1478,12,3,78,510.1395438678124
1479,12,3,79,530.8071053134794
1480,12,3,80,534.1035843914502
1481,12,3,81,483.67283940590704
1482,12,3,82,506.96143034187236
1483,12,3,83,520.7713332864939
1484,12,3,84,530.0366046365334
1485,12,3,85,523.0630194766951
1486,12,3,86,514.1284132984512
1487,12,3,87,527.4528500124429
1488,12,3,88,487.7242707264578
1489,12,3,89,504.42594213340294
1490,12,3,90,489.97431554454147
1491,12,3,91,528.0499414042473
1492,12,3,92,395.9196033605841
1493,12,3,93,465.9698995757441
1494,12,3,94,479.6192657012082
1495,12,3,95,484.8637243159839
1496,12,3,96,513.185410474741
1497,12,3,97,392.4615984367598
1498,12,3,98,488.1412050137607
1499,12,3,99,461.3284742138832
1500,13,1,0,65.20058990176281
1501,13,1,1,172.8503835056048
1502,13,1,2,208.6258142721448
1503,13,1,3,202.99145145825938
1504,13,1,4,179.77132903228414
1505,13,1,5,387.0463578729965
1506,13,1,6,72.93565820024503
1507,13,1,7,75.5443107921338
1508,13,1,8,239.6136752227846
1509,13,1,9,388.2361081133794
1510,13,1,10,196.08108893665397
1511,13,1,11,72.75797983691773
1512,13,1,12,80.4819239122942
1513,13,1,13,76.15497200717591
1514,13,1,14,187.75712730460708
1515,13,1,15,203.85701622105807
1516,13,1,16,84.27241003336422
1517,13,1,17,67.29775090804274
1518,13,1,18,212.0893346070805
1519,13,1,19,181.5504015082277
1520,13,1,20,197.58403791836145
1521,13,1,21,202.22246874676713
1522,13,1,22,386.09522153009794
1523,13,1,23,68.88916164654549
1524,13,1,24,174.54762160927226
1525,13,1,25,154.21603023089244
1526,13,1,26,198.86620682965352
1527,13,1,27,72.0811367398864
1528,13,1,28,197.88297706629578
1529,13,1,29,499.0366231411563
1530,13,1,30,249.39104440877344
1531,13,1,31,175.02274558946436
1532,13,1,32,251.41815739974484
1533,13,1,33,170.17128149951287
1534,13,1,34,227.8140879592202
1535,13,1,35,187.38232376500713
1536,13,1,36,239.46788693972974
1537,13,1,37,226.4643108927848
1538,13,1,38,190.10109621263572
1539,13,1,39,210.86341756610614
1540,13,1,40,165.92981607397246
1541,13,1,41,251.66853092938413
1542,13,1,42,213.26999848445993
1543,13,1,43,238.59296832157094
1544,13,1,44,155.17854085334307
1545,13,1,45,151.05714438085653
1546,13,1,46,152.62600420717806
1547,13,1,47,184.59782106091816
1548,13,1,48,147.4279831735499
1549,13,1,49,77.76912132309666
1550,13,1,50,71.15628395763474
1551,13,1,51,208.55477634681367
1552,13,1,52,443.2895380052526
1553,13,1,53,70.8132000773654
1554,13,1,54,176.76463042689358
1555,13,1,55,184.12906647686398
1556,13,1,56,194.57629374804935
1557,13,1,57,226.0361961092254
1558,13,1,58,177.37881710700046
1559,13,1,59,530.3452918141232
1560,13,1,60,176.88836874990776
1561,13,1,61,194.39237593036975
1562,13,1,62,235.13731811352778
1563,13,1,63,194.08113681896884
1564,13,1,64,67.98695270213929
1565,13,1,65,206.8089758317256
1566,13,1,66,183.82417250341632
1567,13,1,67,206.8830309007089
1568,13,1,68,79.00115367270622
1569,13,1,69,202.55106766058282
1570,13,1,70,240.90673928802482
1571,13,1,71,242.9016809723194
1572,13,1,72,164.32285046547904
1573,13,1,73,160.91853451664855
1574,13,1,74,214.65611650808083
1575,13,1,75,244.26591074959518
1576,13,1,76,186.51136162371657
1577,13,1,77,217.65814377349923
1578,13,1,78,201.4922357087163
1579,13,1,79,186.43440533566263
1580,13,1,80,246.82163693136852
1581,13,1,81,208.265088345404
1582,13,1,82,194.50584238111233
1583,13,1,83,240.57558448896975
1584,13,1,84,199.99622065464249
1585,13,1,85,198.40525885729983
1586,13,1,86,231.70156200498798
1587,13,1,87,182.52685254655515
1588,13,1,88,210.85280284939043
1589,13,1,89,76.61529895284787
1590,13,1,90,202.78832517528102
1591,13,1,91,404.4129718058023
1592,13,1,92,242.9661743875765
1593,13,1,93,217.841275364751
1594,13,1,94,201.15102885467422
1595,13,1,95,185.55831741062406
1596,13,1,96,171.2437717109154
1597,13,1,97,174.90822610752141
1598,13,1,98,212.33038608948644
1599,13,1,99,203.686822435121
1600,13,2,0,405.18867734742656
1601,13,2,1,210.64783784157535
1602,13,2,2,473.23620021906794
1603,13,2,3,224.3781868220766
1604,13,2,4,494.111207759911
1605,13,2,5,221.53255035153325
1606,13,2,6,226.02466186088367
1607,13,2,7,189.14053007089547
1608,13,2,8,449.47441808519807
1609,13,2,9,193.44709865090738
1610,13,2,10,244.03987010151846
1611,13,2,11,168.32787754568275
1612,13,2,12,198.00845413469943
1613,13,2,13,512.730693217912
1614,13,2,14,155.57429965460753
1615,13,2,15,442.34680414520983
1616,13,2,16,488.77951745195327
1617,13,2,17,411.0232174100883
1618,13,2,18,438.5522167153252
1619,13,2,19,226.51676313986187
1620,13,2,20,224.8941842169873
1621,13,2,21,458.2538902619174
1622,13,2,22,374.6235952749386
1623,13,2,23,215.32418437441305
1624,13,2,24,182.3130032575093
1625,13,2,25,249.6769806803518
1626,13,2,26,201.65378527898574
1627,13,2,27,245.89691005239078
1628,13,2,28,430.8872504487178
1629,13,2,29,506.7291433021606
1630,13,2,30,222.6101982700417
1631,13,2,31,199.93997919427383
1632,13,2,32,431.2888996314488
1633,13,2,33,223.33842507189755
1634,13,2,34,222.26144371247486
1635,13,2,35,405.2646881173166
1636,13,2,36,456.4130874206816
1637,13,2,37,200.6993816147994
1638,13,2,38,246.19798920679918
1639,13,2,39,522.9919002253687
1640,13,2,40,485.54692414900796
1641,13,2,41,250.05551167822412
1642,13,2,42,222.26411418366058
1643,13,2,43,232.9099339445563
1644,13,2,44,186.57652434467389
1645,13,2,45,196.95777456802958
1646,13,2,46,227.86914213675735
1647,13,2,47,220.00752968679302
1648,13,2,48,420.7432289890333
1649,13,2,49,233.7110321492903
1650,13,2,50,163.06320880546636
1651,13,2,51,191.7085383931077
1652,13,2,52,233.28243577340046
1653,13,2,53,494.43258604190083
1654,13,2,54,206.94475699713337
1655,13,2,55,213.6801361140977
1656,13,2,56,246.61603729525586
1657,13,2,57,426.9146843704943
1658,13,2,58,242.736858594507
1659,13,2,59,250.0613766088431
1660,13,2,60,243.77263853306584
1661,13,2,61,164.4333723556278
1662,13,2,62,537.455408136007
1663,13,2,63,494.3288311832064
1664,13,2,64,393.23254502929245
1665,13,2,65,182.13848063992722
1666,13,2,66,214.51145540937944
1667,13,2,67,426.7754900440168
1668,13,2,68,230.7040818352736
1669,13,2,69,425.77511996374733
1670,13,2,70,165.64365962619954
1671,13,2,71,188.9546469668455
1672,13,2,72,230.6791045220083
1673,13,2,73,182.84754473782215
1674,13,2,74,221.37302190853882
1675,13,2,75,217.16312248181106
1676,13,2,76,252.24892631027285
1677,13,2,77,201.97680252391842
1678,13,2,78,214.00300303388116
1679,13,2,79,175.56068700135714
1680,13,2,80,209.97589417191048
1681,13,2,81,229.85091856802256
1682,13,2,82,207.70392758830462
1683,13,2,83,233.3318638678356
1684,13,2,84,181.269539352361
1685,13,2,85,197.12014510972026
1686,13,2,86,504.44408284116776
1687,13,2,87,194.2032620978144
1688,13,2,88,479.4289329606413
1689,13,2,89,186.24450900640744
1690,13,2,90,244.82471802526732
1691,13,2,91,454.1460817953388
1692,13,2,92,389.2570051437209
1693,13,2,93,402.0010523124285
1694,13,2,94,158.27784682217666
1695,13,2,95,208.02499994376282
1696,13,2,96,437.81260106801415
1697,13,2,97,155.45510733035724
1698,13,2,98,175.87507279182455
1699,13,2,99,526.6495877749823
1700,13,3,0,434.23822371396966
1701,13,3,1,429.57128086519344
1702,13,3,2,428.85576491281245
1703,13,3,3,448.5435755034224
1704,13,3,4,450.735810329533
1705,13,3,5,488.8388865688495
1706,13,3,6,457.97249349402205
1707,13,3,7,413.8227937447893
1708,13,3,8,424.56903772743857
1709,13,3,9,424.0155744898709
1710,13,3,10,437.92018860281684
1711,13,3,11,437.08584932767286
1712,13,3,12,473.4060800542628
1713,13,3,13,458.2027728129274
1714,13,3,14,483.33874731841405
1715,13,3,15,494.18121663130245
1716,13,3,16,455.1864436724593
1717,13,3,17,448.63886423280263
1718,13,3,18,435.8632852205854
1719,13,3,19,484.1385762462364
1720,13,3,20,464.7690808003852
1721,13,3,21,495.27506982460255
1722,13,3,22,494.54141583471284
1723,13,3,23,481.65227937131414
1724,13,3,24,443.57692286454267
1725,13,3,25,395.92703395596925
1726,13,3,26,457.28813217058587
1727,13,3,27,440.44506263822683
1728,13,3,28,461.59301610396545
1729,13,3,29,403.45598213370255
1730,13,3,30,488.5765358068422
1731,13,3,31,440.8409897599183
1732,13,3,32,443.47506264072945
1733,13,3,33,460.25641377590875
1734,13,3,34,480.7648327107403
1735,13,3,35,463.0178779650587
1736,13,3,36,483.1316301423097
1737,13,3,37,442.89600111323426
1738,13,3,38,444.9124126483142
1739,13,3,39,448.392091141182
1740,13,3,40,460.50285564891016
1741,13,3,41,445.67403368223324
1742,13,3,42,502.6374835934335
1743,13,3,43,443.1461540687407
1744,13,3,44,465.4107637603067
1745,13,3,45,451.76868589341086
1746,13,3,46,426.2862849060923
1747,13,3,47,402.10590877170006
1748,13,3,48,401.705737603888
1749,13,3,49,409.18444431665205
1750,13,3,50,422.3474187016755
1751,13,3,51,501.51642192901693
1752,13,3,52,423.93549105875184
1753,13,3,53,441.4025761334439
1754,13,3,54,460.2611106604425
1755,13,3,55,396.6458253078092
1756,13,3,56,472.1478559298474
1757,13,3,57,491.17253639101875
1758,13,3,58,457.50678794304645
1759,13,3,59,484.2729197758385
1760,13,3,60,413.4799685932106
1761,13,3,61,434.05914068484526
1762,13,3,62,437.9673705652632
1763,13,3,63,429.20608997714476
1764,13,3,64,408.6401211036419
1765,13,3,65,457.26236381086835
1766,13,3,66,425.3600210136601
1767,13,3,67,410.7006764154217
1768,13,3,68,424.204600203869
1769,13,3,69,414.06531895269904
1770,13,3,70,438.4891348969703
1771,13,3,71,415.46464265609455
1772,13,3,72,485.6980461446948
1773,13,3,73,444.2122131115299
1774,13,3,74,395.51730944177825
1775,13,3,75,430.55753382753977
1776,13,3,76,423.89253048338315
1777,13,3,77,467.01081084481075
1778,13,3,78,495.8712500029399
1779,13,3,79,394.803657269844
1780,13,3,80,453.18967574367457
1781,13,3,81,462.3964299182671
1782,13,3,82,434.82771055606196
1783,13,3,83,488.70132430462064
1784,13,3,84,480.4263763643288
1785,13,3,85,394.7856980278905
1786,13,3,86,489.050485412315
1787,13,3,87,502.01266730257663
1788,13,3,88,409.7168982482519
1789,13,3,89,480.94647016393924
1790,13,3,90,502.47975067114
1791,13,3,91,447.9868605909649
1792,13,3,92,431.7923188480184
1793,13,3,93,435.92883391102055
1794,13,3,94,451.63177199498955
1795,13,3,95,466.73532400300695
1796,13,3,96,453.17064699047063
1797,13,3,97,430.8859926931442
1798,13,3,98,394.9327814866964
1799,13,3,99,486.68062777729637
1800,14,1,0,92.75389553200405
1801,14,1,1,114.43964416400452
1802,14,1,2,251.23140811359943
1803,14,1,3,69.43277616909928
1804,14,1,4,65.03808619767658
1805,14,1,5,232.56951157100514
1806,14,1,6,65.32608821215469
1807,14,1,7,247.905206011004
1808,14,1,8,278.360423399287
1809,14,1,9,297.06635422875024
1810,14,1,10,79.96897530689621
1811,14,1,11,240.39591315311043
1812,14,1,12,64.72824036924396
1813,14,1,13,73.25330426764702
1814,14,1,14,246.1013739078597
1815,14,1,15,247.01484105110504
1816,14,1,16,245.45387845481247
1817,14,1,17,246.34784215314002
1818,14,1,18,254.95146902655114
1819,14,1,19,256.73325466734343
1820,14,1,20,248.17312820281356
1821,14,1,21,248.21443636121182
1822,14,1,22,269.7100961919744
1823,14,1,23,81.68244237847493
1824,14,1,24,227.3361704862222
1825,14,1,25,229.42491996564272
1826,14,1,26,271.9167448032027
1827,14,1,27,271.6200716707589
1828,14,1,28,271.1924173562432
1829,14,1,29,260.547429143438
1830,14,1,30,278.5353355992799
1831,14,1,31,66.69237210876719
1832,14,1,32,249.19587395640235
1833,14,1,33,232.77841792191424
1834,14,1,34,254.7339817972095
1835,14,1,35,261.69486075118505
1836,14,1,36,250.10573801157403
1837,14,1,37,236.4024804487734
1838,14,1,38,259.84320785612573
1839,14,1,39,245.62222111541192
1840,14,1,40,250.0243853858262
1841,14,1,41,279.50597586006546
1842,14,1,42,252.73483469122138
1843,14,1,43,242.79888753825878
1844,14,1,44,247.39617378395556
1845,14,1,45,227.62797429948282
1846,14,1,46,242.8208501879409
1847,14,1,47,242.95885632758845
1848,14,1,48,250.1489596446575
1849,14,1,49,269.9469774666587
1850,14,1,50,253.16221598059187
1851,14,1,51,257.3696653512335
1852,14,1,52,237.50276105277695
1853,14,1,53,251.0925415677182
1854,14,1,54,246.98890571623681
1855,14,1,55,251.91591939927648
1856,14,1,56,250.61328768955002
1857,14,1,57,63.28169510876588
1858,14,1,58,249.9346424952215
1859,14,1,59,266.97021116040185
1860,14,1,60,247.85950906505596
1861,14,1,61,237.80884612807995
1862,14,1,62,251.8302521307883
1863,14,1,63,105.86991081647733
1864,14,1,64,249.6770127371957
1865,14,1,65,255.643097687702
1866,14,1,66,275.17709318798654
1867,14,1,67,274.17602436327627
1868,14,1,68,283.40475664377936
1869,14,1,69,244.76264792073204
1870,14,1,70,243.8686273249417
1871,14,1,71,295.30908171247745
1872,14,1,72,249.4806080545607
1873,14,1,73,285.58941557427136
1874,14,1,74,260.9933863321301
1875,14,1,75,110.58782889951452
1876,14,1,76,247.45492161089967
1877,14,1,77,111.31209675500432
1878,14,1,78,233.35730066739364
1879,14,1,79,221.36357553674043
1880,14,1,80,246.70080971034096
1881,14,1,81,245.32635628571632
1882,14,1,82,239.79954264105524
1883,14,1,83,230.1276402803149
1884,14,1,84,73.39864670724545
1885,14,1,85,68.88822834347309
1886,14,1,86,245.296352246851
1887,14,1,87,238.28585909116302
1888,14,1,88,261.1630636828114
1889,14,1,89,99.30203076375231
1890,14,1,90,246.38533495350921
1891,14,1,91,236.54330916304545
1892,14,1,92,274.5947516800069
1893,14,1,93,234.05353149839095
1894,14,1,94,242.6823254550597
1895,14,1,95,251.26703196902025
1896,14,1,96,253.39732158057387
1897,14,1,97,74.71750546963783
1898,14,1,98,81.35556169725345
1899,14,1,99,241.4098466643087
1900,14,2,0,240.08716009891623
1901,14,2,1,243.12714458552708
1902,14,2,2,358.57758071283376
1903,14,2,3,417.3440513935103
1904,14,2,4,361.79924120132824
1905,14,2,5,408.2186012474609
1906,14,2,6,366.6743027836819
1907,14,2,7,313.5478131777627
1908,14,2,8,215.8596278924519
1909,14,2,9,431.89314039049003
1910,14,2,10,259.7220281905305
1911,14,2,11,218.7085628203808
1912,14,2,12,256.12440746648474
1913,14,2,13,253.45180959521045
1914,14,2,14,259.028828957466
1915,14,2,15,237.90059410358518
1916,14,2,16,259.758436936771
1917,14,2,17,240.698113951309
1918,14,2,18,259.01901230232676
1919,14,2,19,230.10965502937964
1920,14,2,20,231.84390861080377
1921,14,2,21,218.14015647341884
1922,14,2,22,231.66519683660184
1923,14,2,23,397.19681799435176
1924,14,2,24,256.8547983921456
1925,14,2,25,218.55900672175386
1926,14,2,26,354.19104389346154
1927,14,2,27,254.05542150715195
1928,14,2,28,254.4927943769436
1929,14,2,29,223.9945566020077
1930,14,2,30,359.39598165911264
1931,14,2,31,257.0469456098353
1932,14,2,32,258.5977069184948
1933,14,2,33,259.5056343245425
1934,14,2,34,253.6699885033798
1935,14,2,35,278.98271385838655
1936,14,2,36,251.86068845625917
1937,14,2,37,378.6059867936163
1938,14,2,38,425.52684683658157
1939,14,2,39,231.88585768291563
1940,14,2,40,254.740254445262
1941,14,2,41,412.7219158354688
1942,14,2,42,246.54008138123368
1943,14,2,43,224.03939532474513
1944,14,2,44,241.4367901404539
1945,14,2,45,226.27587005388844
1946,14,2,46,359.0310404528902
1947,14,2,47,377.6427047110935
1948,14,2,48,244.25551520774485
1949,14,2,49,381.9712840845729
1950,14,2,50,410.2123683039169
1951,14,2,51,249.35147893083945
1952,14,2,52,229.61574751987285
1953,14,2,53,404.22109844426654
1954,14,2,54,235.2296131235969
1955,14,2,55,218.1248451874138
1956,14,2,56,400.9905882532611
1957,14,2,57,253.88948339541824
1958,14,2,58,254.38918367427246
1959,14,2,59,243.34527383218006
1960,14,2,60,247.76566507266207
1961,14,2,61,221.96885140433932
1962,14,2,62,235.09381121232929
1963,14,2,63,229.70274789514124
1964,14,2,64,252.0799444052989
1965,14,2,65,221.54328112579284
1966,14,2,66,231.77864266095412
1967,14,2,67,433.9524422230238
1968,14,2,68,258.14483697405285
1969,14,2,69,242.06448082446897
1970,14,2,70,252.866055010831
1971,14,2,71,249.06997260699754
1972,14,2,72,218.54732789567424
1973,14,2,73,245.08024710465332
1974,14,2,74,394.67916114402436
1975,14,2,75,252.86975852732834
1976,14,2,76,219.59636725533082
1977,14,2,77,241.08125535750824
1978,14,2,78,411.62629585679514
1979,14,2,79,241.39261703176825
1980,14,2,80,229.20969947680754
1981,14,2,81,228.66305399850114
1982,14,2,82,405.03531914796463
1983,14,2,83,284.28407329295135
1984,14,2,84,221.19836480077285
1985,14,2,85,231.8103895025129
1986,14,2,86,228.90023906196853
1987,14,2,87,286.9333031923968
1988,14,2,88,231.33530707514697
1989,14,2,89,382.9432086597388
1990,14,2,90,433.05617212576044
1991,14,2,91,456.2026449456201
1992,14,2,92,221.13005506082445
1993,14,2,93,248.86269068471793
1994,14,2,94,421.3486736850175
1995,14,2,95,394.51602015465505
1996,14,2,96,252.8171354235734
1997,14,2,97,426.74236861786585
1998,14,2,98,266.1978897955541
1999,14,2,99,362.9293295606489
2000,14,3,0,447.38663532958566
2001,14,3,1,491.7026540170474
2002,14,3,2,501.7570995108915
2003,14,3,3,435.2205758767431
2004,14,3,4,434.37160077819794
2005,14,3,5,470.1633680999566
2006,14,3,6,502.8442104435429
2007,14,3,7,461.77856075063653
2008,14,3,8,401.55413537248506
2009,14,3,9,472.0782942522953
2010,14,3,10,401.83586984501443
2011,14,3,11,471.52765623244164
2012,14,3,12,441.5368843488719
2013,14,3,13,447.4887130135299
2014,14,3,14,451.2848985734317
2015,14,3,15,408.9858068713425
2016,14,3,16,495.7569805741795
2017,14,3,17,435.3878579006771
2018,14,3,18,490.5378848856789
2019,14,3,19,395.414977055864
2020,14,3,20,470.39773460313035
2021,14,3,21,480.44111671519124
2022,14,3,22,501.987285385467
2023,14,3,23,487.6968189026281
2024,14,3,24,453.57792593602284
2025,14,3,25,430.19513037739586
2026,14,3,26,415.60465478351205
2027,14,3,27,438.89306165097685
2028,14,3,28,403.23716064490503
2029,14,3,29,462.1542327658924
2030,14,3,30,454.6879713647424
2031,14,3,31,456.4447565336229
2032,14,3,32,437.4867671575149
2033,14,3,33,439.3266638424706
2034,14,3,34,444.1843515161523
2035,14,3,35,456.8619247823879
2036,14,3,36,454.87419222254357
2037,14,3,37,424.4130031115291
2038,14,3,38,466.1034091284066
2039,14,3,39,450.79194318643397
2040,14,3,40,423.730095876626
2041,14,3,41,448.0627099419772
2042,14,3,42,401.5790054509067
2043,14,3,43,429.69350522283
2044,14,3,44,494.69702878409936
2045,14,3,45,463.1862993521912
2046,14,3,46,449.8406494394473
2047,14,3,47,459.0126452585081
2048,14,3,48,424.2327660737885
2049,14,3,49,501.82170753912914
2050,14,3,50,415.86603763752584
2051,14,3,51,424.1373491585961
2052,14,3,52,396.12611735954397
2053,14,3,53,433.9654835258216
2054,14,3,54,435.0876312290438
2055,14,3,55,452.90705862979996
2056,14,3,56,402.29564870808304
2057,14,3,57,473.81344375053106
2058,14,3,58,435.5097980267766
2059,14,3,59,416.58574261302226
2060,14,3,60,483.2065597350431
2061,14,3,61,444.22511796317485
2062,14,3,62,502.44817182048337
2063,14,3,63,456.4823502532904
2064,14,3,64,469.89076559371483
2065,14,3,65,435.9518128914061
2066,14,3,66,423.947929293716
2067,14,3,67,485.0718324218884
2068,14,3,68,462.49044703359243
2069,14,3,69,445.2914514269626
2070,14,3,70,467.2885038180647
2071,14,3,71,440.1285254936146
2072,14,3,72,463.1351228799851
2073,14,3,73,416.9828894101404
2074,14,3,74,501.3008199952225
2075,14,3,75,492.3759664152366
2076,14,3,76,487.53036403936886
2077,14,3,77,413.0049618644327
2078,14,3,78,450.1220146007774
2079,14,3,79,412.2108777290069
2080,14,3,80,476.18914306006576
2081,14,3,81,488.66195063468473
2082,14,3,82,455.0576149849436
2083,14,3,83,452.6115736124967
2084,14,3,84,410.34381747866894
2085,14,3,85,457.70433194025367
2086,14,3,86,402.24670482741203
2087,14,3,87,402.7283353478986
2088,14,3,88,487.2256097924905
2089,14,3,89,488.3290192058745
2090,14,3,90,436.59104549621236
2091,14,3,91,450.1535167154889
2092,14,3,92,487.1131162466041
2093,14,3,93,501.0084086171509
2094,14,3,94,437.71082113742216
2095,14,3,95,486.3060516496338
2096,14,3,96,473.19654985123304
2097,14,3,97,461.9924958135549
2098,14,3,98,469.72884292036656
2099,14,3,99,443.2631031604042
2100,16,1,0,88.61281720233545
2101,16,1,1,295.1415561583637
2102,16,1,2,296.0752670238488
2103,16,1,3,89.38774707786582
2104,16,1,4,65.291241449091
2105,16,1,5,77.43272813329621
2106,16,1,6,108.1839088489864
2107,16,1,7,318.8230443116588
2108,16,1,8,295.5320121139555
2109,16,1,9,81.48640340219491
2110,16,1,10,390.45876446270603
2111,16,1,11,297.91563202453347
2112,16,1,12,364.15890098886507
2113,16,1,13,315.42900058539783
2114,16,1,14,295.82670528347006
2115,16,1,15,315.1004601349234
2116,16,1,16,307.68762895504005
2117,16,1,17,72.66459050432239
2118,16,1,18,333.1669123428259
2119,16,1,19,82.51055377427598
2120,16,1,20,75.60376308097845
2121,16,1,21,252.11597875054588
2122,16,1,22,100.01722811653828
2123,16,1,23,66.85995036624863
2124,16,1,24,320.59520764465384
2125,16,1,25,92.98670342444089
2126,16,1,26,73.17820928937522
2127,16,1,27,351.0368720598556
2128,16,1,28,65.65210219343129
2129,16,1,29,292.56425213608225
2130,16,1,30,345.9619557432743
2131,16,1,31,249.30923165267782
2132,16,1,32,96.26376502776448
2133,16,1,33,350.1060252249425
2134,16,1,34,308.5198676241066
2135,16,1,35,88.21729177664307
2136,16,1,36,309.7386357139905
2137,16,1,37,96.36016307645635
2138,16,1,38,76.86428031709319
2139,16,1,39,77.60406664124389
2140,16,1,40,66.3692164520459
2141,16,1,41,106.21536495169973
2142,16,1,42,65.64874557097008
2143,16,1,43,318.6327598486533
2144,16,1,44,285.37019740751794
2145,16,1,45,81.0081905247111
2146,16,1,46,69.91986233221073
2147,16,1,47,264.9563666308347
2148,16,1,48,90.0803510727471
2149,16,1,49,91.18867390922489
2150,16,1,50,69.2030124877381
2151,16,1,51,79.424410885281
2152,16,1,52,109.62226318413151
2153,16,1,53,80.17767059140388
2154,16,1,54,332.67986517814506
2155,16,1,55,289.41624600823303
2156,16,1,56,108.01371236306045
2157,16,1,57,92.5072922628906
2158,16,1,58,64.64772970126637
2159,16,1,59,327.39340248273106
2160,16,1,60,67.4587778503177
2161,16,1,61,86.67046544304962
2162,16,1,62,75.8635554586471
2163,16,1,63,383.4414264879322
2164,16,1,64,391.4589070888824
2165,16,1,65,257.49036746692246
2166,16,1,66,74.18209656376969
2167,16,1,67,76.71610027262176
2168,16,1,68,328.51199121609415
2169,16,1,69,294.0209324464317
2170,16,1,70,362.32237511530144
2171,16,1,71,80.85480604735238
2172,16,1,72,72.21825606406108
2173,16,1,73,70.80873323220827
2174,16,1,74,64.6964444424349
2175,16,1,75,106.5946905449612
2176,16,1,76,62.78226424733491
2177,16,1,77,67.48977441715985
2178,16,1,78,73.2121162464226
2179,16,1,79,290.95672508002644
2180,16,1,80,67.77898553847814
2181,16,1,81,357.8649362034678
2182,16,1,82,80.28756495555577
2183,16,1,83,263.3793222973346
2184,16,1,84,66.44543060976702
2185,16,1,85,331.15094187456305
2186,16,1,86,96.62050314053938
2187,16,1,87,264.72384827652905
2188,16,1,88,68.839657092432
2189,16,1,89,374.38857157639734
2190,16,1,90,71.41934792392249
2191,16,1,91,65.35541638610745
2192,16,1,92,320.30324016871015
2193,16,1,93,80.44123670036268
2194,16,1,94,409.25438562624214
2195,16,1,95,100.159065372954
2196,16,1,96,98.6312286925153
2197,16,1,97,85.36257049759428
2198,16,1,98,95.58521591702535
2199,16,1,99,65.32204572192586
2200,16,2,0,331.897101003212
2201,16,2,1,326.8250403083561
2202,16,2,2,312.4042244295624
2203,16,2,3,311.5946032293952
2204,16,2,4,345.8269473600105
2205,16,2,5,341.5940400885591
2206,16,2,6,302.86831859126863
2207,16,2,7,258.71907519052513
2208,16,2,8,287.8821555823657
2209,16,2,9,352.0591545234099
2210,16,2,10,273.24519102098935
2211,16,2,11,309.9294468625414
2212,16,2,12,267.73242173183576
2213,16,2,13,292.8698100061023
2214,16,2,14,304.6429818705001
2215,16,2,15,278.38488679410403
2216,16,2,16,289.11321954945606
2217,16,2,17,267.88285586618315
2218,16,2,18,264.90861269206346
2219,16,2,19,279.22057275947884
2220,16,2,20,335.1620364767
2221,16,2,21,300.008938588591
2222,16,2,22,298.3570704601759
2223,16,2,23,275.30569345225626
2224,16,2,24,301.8231820097605
2225,16,2,25,260.2872889159957
2226,16,2,26,323.97863998702087
2227,16,2,27,317.4194032063272
2228,16,2,28,294.66886528384134
2229,16,2,29,266.9249087170946
2230,16,2,30,320.3293664064476
2231,16,2,31,338.57205778531204
2232,16,2,32,313.77455401665304
2233,16,2,33,353.44902120683446
2234,16,2,34,257.6126490792639
2235,16,2,35,277.5934662150081
2236,16,2,36,313.5482181436763
2237,16,2,37,338.04096437263524
2238,16,2,38,290.3695849550407
2239,16,2,39,262.4880501929209
2240,16,2,40,337.1760012930847
2241,16,2,41,261.3312101494009
2242,16,2,42,335.3387682573677
2243,16,2,43,302.34455162683616
2244,16,2,44,267.16964873914696
2245,16,2,45,318.1118431652252
2246,16,2,46,276.5784967390372
2247,16,2,47,264.46023733381867
2248,16,2,48,275.68692261896877
2249,16,2,49,310.40284815046124
2250,16,2,50,323.1475105811921
2251,16,2,51,320.93983655029723
2252,16,2,52,306.53257897015567
2253,16,2,53,308.8515653041258
2254,16,2,54,286.0815986855505
2255,16,2,55,314.01401476120094
2256,16,2,56,281.51153973393775
2257,16,2,57,302.98566318508165
2258,16,2,58,295.410499282136
2259,16,2,59,297.3047820861565
2260,16,2,60,346.01345005420904
2261,16,2,61,260.7306876000191
2262,16,2,62,286.0632681082182
2263,16,2,63,277.06251842490053
2264,16,2,64,326.41412167261285
2265,16,2,65,299.5289060148676
2266,16,2,66,312.3616983526273
2267,16,2,67,260.7817826842096
2268,16,2,68,262.53902412291677
2269,16,2,69,303.6359734100099
2270,16,2,70,338.68468113673185
2271,16,2,71,275.9795635692075
2272,16,2,72,299.2707035203229
2273,16,2,73,322.41219334345385
2274,16,2,74,304.29617241512153
2275,16,2,75,278.4465571286802
2276,16,2,76,273.82685461447363
2277,16,2,77,309.25781664135576
2278,16,2,78,295.9185900897884
2279,16,2,79,317.55695196127937
2280,16,2,80,317.76671547926554
2281,16,2,81,299.4333104731441
2282,16,2,82,339.1608540154182
2283,16,2,83,309.1868861649746
2284,16,2,84,313.6743200813585
2285,16,2,85,275.4812737993266
2286,16,2,86,314.46985373057885
2287,16,2,87,323.65968930008
2288,16,2,88,352.16018108917945
2289,16,2,89,311.652037752269
2290,16,2,90,354.2946117003929
2291,16,2,91,276.6559005598807
2292,16,2,92,258.4176205163231
2293,16,2,93,324.76879990131766
2294,16,2,94,298.445512937134
2295,16,2,95,286.8956007998335
2296,16,2,96,294.2633033347781
2297,16,2,97,246.47703741334283
2298,16,2,98,295.9151032621215
2299,16,2,99,317.9056754729273
2300,16,3,0,324.70717276278515
2301,16,3,1,342.00203781281
2302,16,3,2,351.8605166944451
2303,16,3,3,337.1914937281743
2304,16,3,4,345.09912251717975
2305,16,3,5,272.2247503561772
2306,16,3,6,286.31535720498175
2307,16,3,7,205.24213449261345
2308,16,3,8,295.55166860992887
2309,16,3,9,386.0933402876123
2310,16,3,10,288.5727311882342
2311,16,3,11,379.7757060945872
2312,16,3,12,207.5996257781893
2313,16,3,13,225.95758868239767
2314,16,3,14,239.06171746346197
2315,16,3,15,303.7473943637062
2316,16,3,16,216.85486171675498
2317,16,3,17,287.0590827437173
2318,16,3,18,367.63129338464375
2319,16,3,19,185.05750479075684
2320,16,3,20,222.56220761697023
2321,16,3,21,303.2358403136019
2322,16,3,22,355.33208608855307
2323,16,3,23,329.53525245240354
2324,16,3,24,255.01761233710997
2325,16,3,25,351.1119988666548
2326,16,3,26,296.1768074197173
2327,16,3,27,285.9661778245463
2328,16,3,28,382.9799927217377
2329,16,3,29,322.05903567617577
2330,16,3,30,263.06506005722304
2331,16,3,31,298.5558995522485
2332,16,3,32,345.7436991241546
2333,16,3,33,290.2801122893696
2334,16,3,34,184.24965641348942
2335,16,3,35,229.5171115492897
2336,16,3,36,188.02429660907367
2337,16,3,37,188.94815419084532
2338,16,3,38,248.7119965801175
2339,16,3,39,215.1769847522789
2340,16,3,40,260.0543828779389
2341,16,3,41,311.5129752038761
2342,16,3,42,293.1467781495487
2343,16,3,43,220.7444420067651
2344,16,3,44,242.79151817887768
2345,16,3,45,277.55829290239507
2346,16,3,46,376.4837164191396
2347,16,3,47,236.14868555787984
2348,16,3,48,218.2726620038184
2349,16,3,49,303.56118221948583
2350,16,3,50,343.817588694268
2351,16,3,51,276.5014646053218
2352,16,3,52,249.97923205741824
2353,16,3,53,186.9865317071063
2354,16,3,54,189.69810637410987
2355,16,3,55,187.20539330408695
2356,16,3,56,218.83822772450543
2357,16,3,57,208.98848060315262
2358,16,3,58,284.2163122254785
2359,16,3,59,286.4943383377244
2360,16,3,60,187.316127748313
2361,16,3,61,199.72599372435712
2362,16,3,62,236.34417775241016
2363,16,3,63,226.23268458483489
2364,16,3,64,305.18605738721044
2365,16,3,65,187.52036814008142
2366,16,3,66,292.00268568634425
2367,16,3,67,308.14955980613615
2368,16,3,68,250.09218187220188
2369,16,3,69,330.30888638148923
2370,16,3,70,349.31604312175216
2371,16,3,71,186.04626078003466
2372,16,3,72,294.41988392772487
2373,16,3,73,217.04392400248597
2374,16,3,74,186.70133293031105
2375,16,3,75,219.5393685408317
2376,16,3,76,287.1776674230662
2377,16,3,77,253.46469383038536
2378,16,3,78,280.8800013668485
2379,16,3,79,350.3858022846999
2380,16,3,80,349.52117200049565
2381,16,3,81,254.5629291387323
2382,16,3,82,316.26277651313717
2383,16,3,83,186.22778124968534
2384,16,3,84,190.16464121984797
2385,16,3,85,198.6888271777571
2386,16,3,86,322.8111809082494
2387,16,3,87,250.41666377708043
2388,16,3,88,389.8711993378003
2389,16,3,89,287.98931179394503
2390,16,3,90,187.45361194627122
2391,16,3,91,182.8918284449109
2392,16,3,92,242.67865317907032
2393,16,3,93,226.37166945967888
2394,16,3,94,223.34948982034638
2395,16,3,95,344.424513796061
2396,16,3,96,214.18548650431296
2397,16,3,97,283.0275450810555
2398,16,3,98,318.0705514954384
2399,16,3,99,324.32478406137926
2400,20,1,0,111.50751557243886
2401,20,1,1,269.5015473107376
2402,20,1,2,258.6057552860613
2403,20,1,3,71.08852215936356
2404,20,1,4,221.51109382652672
2405,20,1,5,112.01408144058489
2406,20,1,6,222.61504097873504
2407,20,1,7,69.09727996041012
2408,20,1,8,259.18784464400494
2409,20,1,9,76.60469638362449
2410,20,1,10,70.81829101380028
2411,20,1,11,216.11628601656093
2412,20,1,12,68.24728840729887
2413,20,1,13,265.8630692715916
2414,20,1,14,98.46466550397854
2415,20,1,15,89.9521256953917
2416,20,1,16,74.8038744052235
2417,20,1,17,222.5324814097154
2418,20,1,18,64.32583031714123
2419,20,1,19,75.55369281405322
2420,20,1,20,65.17858214948988
2421,20,1,21,71.4286742182911
2422,20,1,22,104.9260124475428
2423,20,1,23,106.28909979031599
2424,20,1,24,110.61832957101244
2425,20,1,25,101.70876324691397
2426,20,1,26,65.7894537777298
2427,20,1,27,294.1125625076306
2428,20,1,28,91.89309017632293
2429,20,1,29,69.47717334951503
2430,20,1,30,262.9496878736169
2431,20,1,31,222.46197458282074
2432,20,1,32,91.89559492446007
2433,20,1,33,80.45402853044736
2434,20,1,34,90.49027786118616
2435,20,1,35,300.5504101736699
2436,20,1,36,74.74848177503584
2437,20,1,37,74.58250395076331
2438,20,1,38,92.59900053642686
2439,20,1,39,113.47586620125165
2440,20,1,40,74.64713711421894
2441,20,1,41,100.10657130187658
2442,20,1,42,67.1506776434649
2443,20,1,43,98.35924501428568
2444,20,1,44,81.5049184723268
2445,20,1,45,71.92153475207157
2446,20,1,46,275.91041860433444
2447,20,1,47,66.99449906523292
2448,20,1,48,80.11915978666762
2449,20,1,49,221.5501669845459
2450,20,1,50,81.03692395874792
2451,20,1,51,89.7451724858278
2452,20,1,52,74.15976576955396
2453,20,1,53,250.1014613538208
2454,20,1,54,81.63472354742626
2455,20,1,55,224.7268406400341
2456,20,1,56,71.68789674251009
2457,20,1,57,74.55991950090632
2458,20,1,58,75.26236751175774
2459,20,1,59,85.04818601345463
2460,20,1,60,218.7752603154253
2461,20,1,61,105.27313817287713
2462,20,1,62,74.47548251953572
2463,20,1,63,102.36367397086242
2464,20,1,64,108.2422815946364
2465,20,1,65,64.49145458398199
2466,20,1,66,81.76022319203261
2467,20,1,67,101.40732899401257
2468,20,1,68,73.75308181622455
2469,20,1,69,85.29177822160513
2470,20,1,70,86.26623395915581
2471,20,1,71,78.40303563235724
2472,20,1,72,255.5832914350161
2473,20,1,73,117.53231392492232
2474,20,1,74,78.80792537925039
2475,20,1,75,82.41908997124047
2476,20,1,76,94.93140461506486
2477,20,1,77,78.37565009760668
2478,20,1,78,296.5828784480488
2479,20,1,79,247.4136351668284
2480,20,1,80,109.63885187663823
2481,20,1,81,75.71886453437986
2482,20,1,82,72.43784805116532
2483,20,1,83,99.81856407208606
2484,20,1,84,217.09611200030753
2485,20,1,85,74.50386571996516
2486,20,1,86,87.0785361729725
2487,20,1,87,103.10590771902845
2488,20,1,88,84.800000975493
2489,20,1,89,68.45159753585149
2490,20,1,90,113.32900159703247
2491,20,1,91,96.69176908370957
2492,20,1,92,73.42329556210035
2493,20,1,93,263.69358427827655
2494,20,1,94,105.21604428798285
2495,20,1,95,88.5937350416055
2496,20,1,96,107.93416671979857
2497,20,1,97,71.52286682346387
2498,20,1,98,90.09480435359247
2499,20,1,99,269.00239805380005
2500,20,2,0,221.25447706143214
2501,20,2,1,113.5353843578514
2502,20,2,2,109.15842138608674
2503,20,2,3,241.5349833332766
2504,20,2,4,217.57775484312117
2505,20,2,5,98.60985041636616
2506,20,2,6,219.31232941024984
2507,20,2,7,221.2891493908966
2508,20,2,8,220.6531957312621
2509,20,2,9,221.19599011527976
2510,20,2,10,78.65975030835324
2511,20,2,11,102.96462496334652
2512,20,2,12,225.66011580508805
2513,20,2,13,247.41590537821952
2514,20,2,14,214.1170936016324
2515,20,2,15,111.55793568947918
2516,20,2,16,86.5463171436351
2517,20,2,17,217.01396507860485
2518,20,2,18,110.45729112014347
2519,20,2,19,220.2618731896667
2520,20,2,20,225.39825686627856
2521,20,2,21,238.87733603203063
2522,20,2,22,95.82785170517253
2523,20,2,23,97.51980594590479
2524,20,2,24,235.03284973620399
2525,20,2,25,109.58435669126044
2526,20,2,26,214.76920714390064
2527,20,2,27,219.07233510166083
2528,20,2,28,63.162731250914504
2529,20,2,29,216.5717979064757
2530,20,2,30,392.45467889969234
2531,20,2,31,89.99439775560705
2532,20,2,32,215.25950697428334
2533,20,2,33,117.9171383180452
2534,20,2,34,221.0836151718403
2535,20,2,35,219.96011545398756
2536,20,2,36,218.6772004225741
2537,20,2,37,67.93028959058422
2538,20,2,38,219.68354226745828
2539,20,2,39,68.70998328715025
2540,20,2,40,208.18591935608106
2541,20,2,41,208.46535577218162
2542,20,2,42,383.4491815651152
2543,20,2,43,68.93167331523277
2544,20,2,44,110.99816605065358
2545,20,2,45,103.48537753126784
2546,20,2,46,70.31520059124573
2547,20,2,47,65.72226563723528
2548,20,2,48,96.0260415942923
2549,20,2,49,107.05414558690693
2550,20,2,50,210.17813896982187
2551,20,2,51,388.8478219948644
2552,20,2,52,220.96424137011624
2553,20,2,53,221.6971061131326
2554,20,2,54,221.387333952278
2555,20,2,55,213.87140224432628
2556,20,2,56,96.29488859217335
2557,20,2,57,221.49341813484313
2558,20,2,58,212.90119409552852
2559,20,2,59,209.83722718727773
2560,20,2,60,223.7798691277334
2561,20,2,61,370.9959723576115
2562,20,2,62,113.51353249131132
2563,20,2,63,207.50022774244877
2564,20,2,64,408.10855678990333
2565,20,2,65,218.76544747109077
2566,20,2,66,213.5036784171871
2567,20,2,67,108.79943048135536
2568,20,2,68,197.69742421531308
2569,20,2,69,211.93455496707313
2570,20,2,70,208.835763369189
2571,20,2,71,459.4342790120111
2572,20,2,72,220.46205895277527
2573,20,2,73,219.0699136086021
2574,20,2,74,214.18029389386436
2575,20,2,75,107.09661139803197
2576,20,2,76,220.71208253321868
2577,20,2,77,74.83492594338018
2578,20,2,78,111.21181155334524
2579,20,2,79,219.58755603350767
2580,20,2,80,220.99174564448646
2581,20,2,81,109.28095476128678
2582,20,2,82,220.61145142321024
2583,20,2,83,214.9904613467423
2584,20,2,84,216.36337220853017
2585,20,2,85,218.20872156424008
2586,20,2,86,89.76518621346582
2587,20,2,87,220.65177236691324
2588,20,2,88,94.73697911963417
2589,20,2,89,229.2493766679571
2590,20,2,90,221.1360088750204
2591,20,2,91,74.65783298283709
2592,20,2,92,109.27751022316954
2593,20,2,93,103.23189311053052
2594,20,2,94,222.91913454917835
2595,20,2,95,221.72971839689254
2596,20,2,96,108.72006845628702
2597,20,2,97,97.16267117339676
2598,20,2,98,82.0606360698615
2599,20,2,99,69.11552838631295
2600,20,3,0,508.6415008762658
2601,20,3,1,523.0524252815441
2602,20,3,2,518.8641916615072
2603,20,3,3,502.2062536351195
2604,20,3,4,507.8388713315893
2605,20,3,5,466.73374137911514
2606,20,3,6,458.863946662773
2607,20,3,7,513.855761540082
2608,20,3,8,457.4953818186661
2609,20,3,9,522.8359315957473
2610,20,3,10,507.89292006294505
2611,20,3,11,520.3765773877508
2612,20,3,12,493.6849177066499
2613,20,3,13,524.4966404843091
2614,20,3,14,455.4484596513522
2615,20,3,15,517.1945532945628
2616,20,3,16,523.3453241880778
2617,20,3,17,484.98183885356553
2618,20,3,18,533.0977667215578
2619,20,3,19,522.2455709243144
2620,20,3,20,526.5096313506064
2621,20,3,21,488.77630632290925
2622,20,3,22,516.3936853021817
2623,20,3,23,525.1834974074521
2624,20,3,24,486.43371280283236
2625,20,3,25,477.0872928927574
2626,20,3,26,477.3205308694487
2627,20,3,27,515.642848027367
2628,20,3,28,506.1750145473973
2629,20,3,29,509.4922149751689
2630,20,3,30,535.7904567181262
2631,20,3,31,505.8663412927181
2632,20,3,32,505.69900756954377
2633,20,3,33,451.67753961236394
2634,20,3,34,489.22022738227986
2635,20,3,35,518.0060618963956
2636,20,3,36,517.5865049812194
2637,20,3,37,507.17152452847256
2638,20,3,38,527.6504197593865
2639,20,3,39,497.66640557921005
2640,20,3,40,501.30957641370424
2641,20,3,41,534.0864416818287
2642,20,3,42,512.0420825410882
2643,20,3,43,519.024743007791
2644,20,3,44,508.299084148711
2645,20,3,45,527.5102906891224
2646,20,3,46,512.1026320375969
2647,20,3,47,500.14012978868084
2648,20,3,48,533.5869395910676
2649,20,3,49,533.1213508797525
2650,20,3,50,502.4469868472765
2651,20,3,51,530.6246936827692
2652,20,3,52,528.7038438654987
2653,20,3,53,479.292933795682
2654,20,3,54,517.088282034762
2655,20,3,55,489.79629530578495
2656,20,3,56,470.58392273243606
2657,20,3,57,521.9287709871553
2658,20,3,58,514.221263092469
2659,20,3,59,518.6122543514207
2660,20,3,60,509.85515197451434
2661,20,3,61,484.4908436938889
2662,20,3,62,470.7416373978307
2663,20,3,63,502.5175374047974
2664,20,3,64,530.3846343768571
2665,20,3,65,485.8512607699897
2666,20,3,66,527.531719024681
2667,20,3,67,533.2387250379571
2668,20,3,68,470.55263959386684
2669,20,3,69,444.9994731448521
2670,20,3,70,503.8901365783075
2671,20,3,71,487.4761712986596
2672,20,3,72,511.7007705983343
2673,20,3,73,531.8118099106185
2674,20,3,74,518.4608464252822
2675,20,3,75,506.2984254955202
2676,20,3,76,516.6658282316482
2677,20,3,77,475.53743285665126
2678,20,3,78,489.13792728731306
2679,20,3,79,512.7719165098825
2680,20,3,80,508.10511050229934
2681,20,3,81,479.16516606121985
2682,20,3,82,516.9525521790625
2683,20,3,83,512.6120911894757
2684,20,3,84,469.56373112865833
2685,20,3,85,508.22227059500517
2686,20,3,86,506.7811721963576
2687,20,3,87,513.3972492224208
2688,20,3,88,506.13142737960015
2689,20,3,89,512.859950862814
2690,20,3,90,531.4451887732516
2691,20,3,91,521.7754810834502
2692,20,3,92,525.4718521930129
2693,20,3,93,466.3464418963882
2694,20,3,94,511.108333378314
2695,20,3,95,451.4081227318768
2696,20,3,96,492.79854934812505
2697,20,3,97,490.7137170722299
2698,20,3,98,485.2011409011621
2699,20,3,99,500.6950591311836
2700,26,1,0,153.52356262228952
2701,26,1,1,193.402724939306
2702,26,1,2,154.8324969395607
2703,26,1,3,145.28757315579247
2704,26,1,4,131.1231418572695
2705,26,1,5,155.39195382991562
2706,26,1,6,162.63993699030215
2707,26,1,7,134.8464953185443
2708,26,1,8,105.32287536643035
2709,26,1,9,194.37634625911167
2710,26,1,10,158.19721600272058
2711,26,1,11,193.71794414458634
2712,26,1,12,198.04981086587975
2713,26,1,13,113.98626280543499
2714,26,1,14,148.8002485129024
2715,26,1,15,140.07169256629788
2716,26,1,16,175.77806437838984
2717,26,1,17,128.70174807548162
2718,26,1,18,154.36074833846888
2719,26,1,19,135.52170087271378
2720,26,1,20,114.13350210721451
2721,26,1,21,133.3085541900228
2722,26,1,22,163.1629021642889
2723,26,1,23,183.18026039339412
2724,26,1,24,159.98835614958
2725,26,1,25,162.5481934742769
2726,26,1,26,97.84634496968488
2727,26,1,27,111.31948430006577
2728,26,1,28,163.84632077786313
2729,26,1,29,137.27031060936952
2730,26,1,30,104.2569004255097
2731,26,1,31,143.02152887983647
2732,26,1,32,155.54502202517145
2733,26,1,33,147.43501965866074
2734,26,1,34,182.52114342777594
2735,26,1,35,115.345810802659
2736,26,1,36,176.0097730318247
2737,26,1,37,156.5808374308001
2738,26,1,38,159.2314004997253
2739,26,1,39,186.25832166992967
2740,26,1,40,171.39981607285694
2741,26,1,41,204.4048972090085
2742,26,1,42,115.12657556236645
2743,26,1,43,198.01520178848844
2744,26,1,44,189.48461380625184
2745,26,1,45,115.05285970516196
2746,26,1,46,153.48071015059043
2747,26,1,47,137.33224390061184
2748,26,1,48,190.0206940041758
2749,26,1,49,163.41945120812338
2750,26,1,50,175.64013035600024
2751,26,1,51,159.2894863625982
2752,26,1,52,111.85171994500695
2753,26,1,53,164.10815576997183
2754,26,1,54,188.82430516630336
2755,26,1,55,156.91839972022964
2756,26,1,56,188.56173199468554
2757,26,1,57,165.6193698359743
2758,26,1,58,97.18615412170942
2759,26,1,59,161.72759492622012
2760,26,1,60,184.30370629508707
2761,26,1,61,108.05212928665259
2762,26,1,62,131.08409796592377
2763,26,1,63,165.1898499575205
2764,26,1,64,146.57327786319786
2765,26,1,65,188.8279806217143
2766,26,1,66,164.6409306560467
2767,26,1,67,156.47237228823698
2768,26,1,68,127.08394911139493
2769,26,1,69,116.60657430782771
2770,26,1,70,126.42044899532539
2771,26,1,71,111.29926836312015
2772,26,1,72,188.3528003010947
2773,26,1,73,189.73602129926405
2774,26,1,74,154.65668011640665
2775,26,1,75,156.79619076171628
2776,26,1,76,138.9323980788723
2777,26,1,77,97.49668996371355
2778,26,1,78,126.62444788909508
2779,26,1,79,110.96880755015746
2780,26,1,80,145.3601546384125
2781,26,1,81,116.64789555354511
2782,26,1,82,145.09704142687698
2783,26,1,83,142.18114953215533
2784,26,1,84,145.1091622520665
2785,26,1,85,141.54856604707402
2786,26,1,86,98.22960581582967
2787,26,1,87,158.30244794606233
2788,26,1,88,169.7640928628091
2789,26,1,89,148.48901397039174
2790,26,1,90,153.9383881742036
2791,26,1,91,128.05768677355215
2792,26,1,92,167.06055749208224
2793,26,1,93,151.55797861568087
2794,26,1,94,141.5519995696924
2795,26,1,95,126.66675619684233
2796,26,1,96,149.2229863485203
2797,26,1,97,146.0318834114068
2798,26,1,98,198.32444445351481
2799,26,1,99,191.0720192040106
2800,26,2,0,156.11662294679897
2801,26,2,1,428.72495214246
2802,26,2,2,198.22031088129134
2803,26,2,3,382.60203609864845
2804,26,2,4,397.1626506851669
2805,26,2,5,414.5707224004071
2806,26,2,6,154.34932200952278
2807,26,2,7,112.98243262192254
2808,26,2,8,404.4051457040109
2809,26,2,9,447.6142946296393
2810,26,2,10,389.874955900142
2811,26,2,11,225.5360332160838
2812,26,2,12,382.5591177259375
2813,26,2,13,406.7518134587865
2814,26,2,14,423.544266963156
2815,26,2,15,442.4801018013934
2816,26,2,16,430.3297292058987
2817,26,2,17,425.38800600958075
2818,26,2,18,431.78378497519793
2819,26,2,19,386.59557074411623
2820,26,2,20,380.9814763368285
2821,26,2,21,400.30270415127137
2822,26,2,22,386.3756593806644
2823,26,2,23,91.49828001846949
2824,26,2,24,440.40323875678195
2825,26,2,25,364.8791052739911
2826,26,2,26,391.05373698978747
2827,26,2,27,380.7298386543112
2828,26,2,28,392.8908528219136
2829,26,2,29,160.89140405090637
2830,26,2,30,417.9337407968039
2831,26,2,31,427.99607516580943
2832,26,2,32,69.01730748347123
2833,26,2,33,436.29123241310475
2834,26,2,34,415.7845363311204
2835,26,2,35,388.43575147263186
2836,26,2,36,378.4645389895679
2837,26,2,37,365.93718106203545
2838,26,2,38,444.02810412984667
2839,26,2,39,386.0861443956107
2840,26,2,40,120.52719394226821
2841,26,2,41,205.88798322028757
2842,26,2,42,105.5802130745443
2843,26,2,43,398.5068459770137
2844,26,2,44,194.0842287827238
2845,26,2,45,387.3164694731621
2846,26,2,46,397.4561859750578
2847,26,2,47,411.0966162244363
2848,26,2,48,389.68728782645354
2849,26,2,49,419.12528923452203
2850,26,2,50,426.2744130063952
2851,26,2,51,401.1182989036106
2852,26,2,52,427.0839238621694
2853,26,2,53,369.8694328468835
2854,26,2,54,223.91685992558686
2855,26,2,55,430.3224474404415
2856,26,2,56,191.79683854247097
2857,26,2,57,391.82975067137374
2858,26,2,58,426.32956222318575
2859,26,2,59,403.97821028576067
2860,26,2,60,404.41530984286476
2861,26,2,61,412.9495539062847
2862,26,2,62,386.05920481451847
2863,26,2,63,441.84501432498394
2864,26,2,64,139.437741356846
2865,26,2,65,380.6206449223025
2866,26,2,66,446.5354140335963
2867,26,2,67,439.84650959845635
2868,26,2,68,377.29205851157366
2869,26,2,69,447.9077276358658
2870,26,2,70,383.51796097323967
2871,26,2,71,166.12711044470106
2872,26,2,72,406.0190919850191
2873,26,2,73,172.08659300407038
2874,26,2,74,74.68946070226143
2875,26,2,75,358.77706944531485
2876,26,2,76,423.16005796625876
2877,26,2,77,177.20697120646042
2878,26,2,78,409.10270958922365
2879,26,2,79,370.4941982165118
2880,26,2,80,380.990859818608
2881,26,2,81,444.51514167897477
2882,26,2,82,194.0817381922749
2883,26,2,83,424.92004974438873
2884,26,2,84,386.93370845721853
2885,26,2,85,442.45262650184566
2886,26,2,86,376.5966895275757
2887,26,2,87,405.70675419886703
2888,26,2,88,391.0988192867089
2889,26,2,89,384.9463256332785
2890,26,2,90,403.9653063626086
2891,26,2,91,206.88934422841257
2892,26,2,92,426.9895837801573
2893,26,2,93,435.67938318184457
2894,26,2,94,435.28119877703597
2895,26,2,95,382.86038183670127
2896,26,2,96,422.92373948111856
2897,26,2,97,361.02118685447357
2898,26,2,98,374.39327982055767
2899,26,2,99,410.16151912982923
2900,26,3,0,385.0219491862599
2901,26,3,1,350.2541619847601
2902,26,3,2,513.038143997117
2903,26,3,3,371.4846020495062
2904,26,3,4,535.3322501331911
2905,26,3,5,426.16949249677174
2906,26,3,6,406.0186167633851
2907,26,3,7,401.11728001620173
2908,26,3,8,446.52714775247284
2909,26,3,9,496.0341140387188
2910,26,3,10,401.7225019665539
2911,26,3,11,451.2259108150989
2912,26,3,12,409.0036585460089
2913,26,3,13,397.2850508780271
2914,26,3,14,362.85148306657646
2915,26,3,15,529.0865850364734
2916,26,3,16,509.0785143159934
2917,26,3,17,501.14457553570304
2918,26,3,18,402.8929018476346
2919,26,3,19,403.168315924196
2920,26,3,20,511.8315535179045
2921,26,3,21,410.34929058994686
2922,26,3,22,388.3291503328958
2923,26,3,23,351.8296039204148
2924,26,3,24,445.78726649641214
2925,26,3,25,358.5508718923486
2926,26,3,26,513.245483415058
2927,26,3,27,389.54814424730733
2928,26,3,28,408.55153005990394
2929,26,3,29,456.9172056945658
2930,26,3,30,402.908906962919
2931,26,3,31,362.65672840883036
2932,26,3,32,394.73010080757433
2933,26,3,33,361.0072441590553
2934,26,3,34,415.01605858792556
2935,26,3,35,368.57079815402557
2936,26,3,36,506.8524766973173
2937,26,3,37,345.9249624284225
2938,26,3,38,517.5866732897639
2939,26,3,39,396.22688662516134
2940,26,3,40,487.36602114240526
2941,26,3,41,534.705057901934
2942,26,3,42,412.3820833521446
2943,26,3,43,461.61889779182957
2944,26,3,44,372.9172267199135
2945,26,3,45,383.1778758998567
2946,26,3,46,479.1261160781179
2947,26,3,47,402.8373728604904
2948,26,3,48,513.3256920323645
2949,26,3,49,399.46965363114356
2950,26,3,50,389.5865126576698
2951,26,3,51,391.3743082008551
2952,26,3,52,387.76299903666984
2953,26,3,53,405.31945228210697
2954,26,3,54,532.7172069556777
2955,26,3,55,456.9417939962949
2956,26,3,56,386.7106356318136
2957,26,3,57,385.7951616577023
2958,26,3,58,442.2222846488715
2959,26,3,59,389.8929462744293
2960,26,3,60,407.430234111336
2961,26,3,61,528.9120953041919
2962,26,3,62,361.3940198876991
2963,26,3,63,469.8309697829156
2964,26,3,64,500.16511730533034
2965,26,3,65,375.7128892246213
2966,26,3,66,363.1891349008655
2967,26,3,67,426.4103174257886
2968,26,3,68,403.7261127442512
2969,26,3,69,389.0918679194841
2970,26,3,70,532.900461803475
2971,26,3,71,460.9011991978137
2972,26,3,72,395.3567215745772
2973,26,3,73,375.34715895594593
2974,26,3,74,512.0888893611917
2975,26,3,75,374.86172951907344
2976,26,3,76,397.0248655855805
2977,26,3,77,524.0178876424607
2978,26,3,78,400.3569160542003
2979,26,3,79,429.72029131156745
2980,26,3,80,512.9868096674726
2981,26,3,81,415.7336351373943
2982,26,3,82,525.2603041575597
2983,26,3,83,408.79450883059934
2984,26,3,84,429.80448472163175
2985,26,3,85,386.7376401640774
2986,26,3,86,399.46786096147144
2987,26,3,87,461.4566711584803
2988,26,3,88,496.7191437555706
2989,26,3,89,393.81870583994987
2990,26,3,90,366.5004924122037
2991,26,3,91,536.1190394586695
2992,26,3,92,479.50358397771856
2993,26,3,93,495.2148170007491
2994,26,3,94,412.6290476849872
2995,26,3,95,378.71390040980407
2996,26,3,96,529.9266566055089
2997,26,3,97,532.6438885467492
2998,26,3,98,382.5749365670072
2999,26,3,99,373.9566046754431
3000,27,1,0,222.45677609208897
3001,27,1,1,216.1405201470973
3002,27,1,2,215.79649648526157
3003,27,1,3,217.81209152148395
3004,27,1,4,215.0307068191403
3005,27,1,5,226.91162635390558
3006,27,1,6,211.78699910077833
3007,27,1,7,218.93004543709782
3008,27,1,8,216.11043782282235
3009,27,1,9,193.9596822811835
3010,27,1,10,229.2158597936026
3011,27,1,11,72.42507503089688
3012,27,1,12,222.97130801684918
3013,27,1,13,209.2126906831066
3014,27,1,14,77.59727451056537
3015,27,1,15,64.94967716872915
3016,27,1,16,217.03582169481263
3017,27,1,17,379.55042328264005
3018,27,1,18,194.8404192566656
3019,27,1,19,215.85996581370327
3020,27,1,20,379.6479607676637
3021,27,1,21,209.56673432874967
3022,27,1,22,191.55193485080832
3023,27,1,23,68.0809882837007
3024,27,1,24,164.4522358245758
3025,27,1,25,228.47836836054793
3026,27,1,26,230.9419295673699
3027,27,1,27,225.76402485667143
3028,27,1,28,223.50549036553838
3029,27,1,29,192.19389868459461
3030,27,1,30,216.4462709665568
3031,27,1,31,219.12283128187943
3032,27,1,32,67.32080632087401
3033,27,1,33,87.64270309313257
3034,27,1,34,171.7623096594121
3035,27,1,35,182.3756717925757
3036,27,1,36,219.9074872492763
3037,27,1,37,219.92913464291564
3038,27,1,38,193.52458723577791
3039,27,1,39,190.82541723472352
3040,27,1,40,226.9753100220907
3041,27,1,41,174.32703699011194
3042,27,1,42,217.45282460722868
3043,27,1,43,221.2715098383992
3044,27,1,44,79.76186595671682
3045,27,1,45,216.25182192173364
3046,27,1,46,217.51272035908661
3047,27,1,47,209.71962967435752
3048,27,1,48,82.55658608914833
3049,27,1,49,228.16593839480777
3050,27,1,50,209.2061898533996
3051,27,1,51,216.54183295127336
3052,27,1,52,183.48911338382533
3053,27,1,53,205.7204783383292
3054,27,1,54,83.36808895390688
3055,27,1,55,222.41220183349103
3056,27,1,56,215.3250770591251
3057,27,1,57,382.1916654975635
3058,27,1,58,211.71718023666665
3059,27,1,59,67.34693910670934
3060,27,1,60,230.16035042282365
3061,27,1,61,177.44388684865814
3062,27,1,62,224.56802587441507
3063,27,1,63,215.0072512081072
3064,27,1,64,216.30118736524747
3065,27,1,65,99.03633300708536
3066,27,1,66,215.3350568166933
3067,27,1,67,220.96935311197643
3068,27,1,68,220.84265812604568
3069,27,1,69,187.27042067178144
3070,27,1,70,201.4473462760783
3071,27,1,71,201.25809891630826
3072,27,1,72,74.18238121361398
3073,27,1,73,180.29721935443638
3074,27,1,74,223.94107477000898
3075,27,1,75,215.56837993821873
3076,27,1,76,184.08203308684068
3077,27,1,77,205.07225528641837
3078,27,1,78,377.72074370783923
3079,27,1,79,95.92593025443155
3080,27,1,80,214.40446365341356
3081,27,1,81,189.44282901705546
3082,27,1,82,219.22659142025057
3083,27,1,83,378.75912127299455
3084,27,1,84,219.97155618921815
3085,27,1,85,68.6871700571498
3086,27,1,86,68.22060906156922
3087,27,1,87,223.52037818025354
3088,27,1,88,88.70546011640627
3089,27,1,89,153.5116648239368
3090,27,1,90,73.84987073340916
3091,27,1,91,201.85135146037584
3092,27,1,92,227.8867617457373
3093,27,1,93,405.2203988565402
3094,27,1,94,225.56389021522307
3095,27,1,95,196.53411673466496
3096,27,1,96,173.9992242542775
3097,27,1,97,71.74320261155758
3098,27,1,98,203.6855963076256
3099,27,1,99,215.6488712423409
3100,27,2,0,218.12446596399124
3101,27,2,1,378.05712347926334
3102,27,2,2,175.36541098212513
3103,27,2,3,376.63949579470346
3104,27,2,4,139.30108366961207
3105,27,2,5,217.4354450944681
3106,27,2,6,192.93923562697051
3107,27,2,7,218.13125669673988
3108,27,2,8,185.59769675776212
3109,27,2,9,178.0459771656865
3110,27,2,10,214.44188143144004
3111,27,2,11,215.90678756311138
3112,27,2,12,174.46505178924778
3113,27,2,13,166.72724973881466
3114,27,2,14,189.13252767403134
3115,27,2,15,220.13477943472728
3116,27,2,16,395.4744195283102
3117,27,2,17,386.3509332740505
3118,27,2,18,217.5535648752615
3119,27,2,19,385.71842015145296
3120,27,2,20,197.26863894671484
3121,27,2,21,186.9918505472515
3122,27,2,22,192.79049306379568
3123,27,2,23,222.5497363784331
3124,27,2,24,383.90893826764466
3125,27,2,25,187.86850289627793
3126,27,2,26,387.2449989060715
3127,27,2,27,193.42217365035992
3128,27,2,28,175.7985649099891
3129,27,2,29,220.62900003990308
3130,27,2,30,381.54646311087225
3131,27,2,31,111.77211546226921
3132,27,2,32,370.8675411781891
3133,27,2,33,217.16371417571185
3134,27,2,34,410.7725484797522
3135,27,2,35,195.3954419757536
3136,27,2,36,393.9069517481733
3137,27,2,37,219.20302209087458
3138,27,2,38,195.46536901277528
3139,27,2,39,200.33725767726008
3140,27,2,40,219.8953404122184
3141,27,2,41,212.4543620070891
3142,27,2,42,200.46635804892153
3143,27,2,43,203.61948178104882
3144,27,2,44,217.68808551844185
3145,27,2,45,193.96791723332862
3146,27,2,46,179.83202088026252
3147,27,2,47,200.37284519536317
3148,27,2,48,381.9853036430703
3149,27,2,49,200.29932871780488
3150,27,2,50,383.79771419912726
3151,27,2,51,220.3064540137317
3152,27,2,52,444.21015865782283
3153,27,2,53,414.0631756507756
3154,27,2,54,221.3087740120331
3155,27,2,55,132.9885929861463
3156,27,2,56,214.7768429838503
3157,27,2,57,213.6410996160456
3158,27,2,58,217.17045799478214
3159,27,2,59,193.995585229118
3160,27,2,60,201.7125589204613
3161,27,2,61,220.8102547193834
3162,27,2,62,187.10024408596436
3163,27,2,63,377.2818632936001
3164,27,2,64,405.40640261034935
3165,27,2,65,385.96141152817125
3166,27,2,66,375.7487483732278
3167,27,2,67,448.41514276355514
3168,27,2,68,212.863615980564
3169,27,2,69,396.96078287816414
3170,27,2,70,384.7187848814815
3171,27,2,71,224.04721819397858
3172,27,2,72,175.20302941427016
3173,27,2,73,217.76362908960957
3174,27,2,74,387.5923235154928
3175,27,2,75,198.26045328524538
3176,27,2,76,191.3447675973738
3177,27,2,77,167.67265749761947
3178,27,2,78,222.95819096697397
3179,27,2,79,385.31261520996
3180,27,2,80,212.30849969734317
3181,27,2,81,166.43167440339428
3182,27,2,82,379.1744437288216
3183,27,2,83,371.4938811041084
3184,27,2,84,373.4889855025712
3185,27,2,85,199.81511952885904
3186,27,2,86,209.43296907436894
3187,27,2,87,212.01310221777877
3188,27,2,88,208.08580007041084
3189,27,2,89,383.8937329112642
3190,27,2,90,173.95165382454553
3191,27,2,91,199.8207459498246
3192,27,2,92,150.81956695696869
3193,27,2,93,191.74814227264437
3194,27,2,94,207.2891431087859
3195,27,2,95,191.35848043884354
3196,27,2,96,215.60132833292218
3197,27,2,97,185.9479032888318
3198,27,2,98,210.19703070932613
3199,27,2,99,218.2234551909207
3200,27,3,0,120.75406939265065
3201,27,3,1,180.14988381972069
3202,27,3,2,62.54019510589318
3203,27,3,3,365.33090506303756
3204,27,3,4,175.1039644543976
3205,27,3,5,375.8410105373985
3206,27,3,6,379.2337265900602
3207,27,3,7,488.1099418618468
3208,27,3,8,211.47682075576202
3209,27,3,9,74.84067640876688
3210,27,3,10,190.35618708856637
3211,27,3,11,518.569311429192
3212,27,3,12,518.2835311582261
3213,27,3,13,374.6841698280136
3214,27,3,14,377.62699496682666
3215,27,3,15,179.197696465713
3216,27,3,16,201.04756241812288
3217,27,3,17,504.54673504985607
3218,27,3,18,521.6370131016924
3219,27,3,19,183.37672059499482
3220,27,3,20,176.5298324238135
3221,27,3,21,223.7626276781239
3222,27,3,22,107.60656688042275
3223,27,3,23,212.85032965604685
3224,27,3,24,215.58532739118408
3225,27,3,25,368.0390684253324
3226,27,3,26,114.39882021134225
3227,27,3,27,150.5195630644488
3228,27,3,28,379.29364702775763
3229,27,3,29,219.45327673364017
3230,27,3,30,194.32258661884657
3231,27,3,31,186.58030024007059
3232,27,3,32,382.81205212806117
3233,27,3,33,384.5162837942878
3234,27,3,34,186.5474654484268
3235,27,3,35,504.8656515594412
3236,27,3,36,145.81709143961618
3237,27,3,37,525.7015701182629
3238,27,3,38,187.20572101956296
3239,27,3,39,181.98623248190037
3240,27,3,40,535.7845132080682
3241,27,3,41,386.0993239984119
3242,27,3,42,63.230391564595244
3243,27,3,43,367.16137070316506
3244,27,3,44,201.38898878720218
3245,27,3,45,513.5514595367423
3246,27,3,46,186.47762981878603
3247,27,3,47,65.22561119062999
3248,27,3,48,214.07662310832325
3249,27,3,49,150.27216865875414
3250,27,3,50,107.69459113025967
3251,27,3,51,168.54494814494015
3252,27,3,52,371.5420548373045
3253,27,3,53,177.646466433445
3254,27,3,54,534.3727044823578
3255,27,3,55,492.8903475466838
3256,27,3,56,209.90636268206546
3257,27,3,57,171.30772270405117
3258,27,3,58,396.73776442024564
3259,27,3,59,515.7032302956521
3260,27,3,60,501.26372599384274
3261,27,3,61,372.86467374436086
3262,27,3,62,378.2387495246235
3263,27,3,63,495.4246705646019
3264,27,3,64,187.74467106584848
3265,27,3,65,104.97688482971014
3266,27,3,66,115.80195322044459
3267,27,3,67,505.6092905362458
3268,27,3,68,521.8197285402964
3269,27,3,69,167.40983070782792
3270,27,3,70,160.82091291937343
3271,27,3,71,364.11628003201866
3272,27,3,72,384.9608907645364
3273,27,3,73,177.75841463363494
3274,27,3,74,205.15879703295488
3275,27,3,75,169.08577806382712
3276,27,3,76,104.31714043347696
3277,27,3,77,186.3005153601228
3278,27,3,78,533.2781741458734
3279,27,3,79,118.652082609931
3280,27,3,80,377.50726188572133
3281,27,3,81,178.44836483933491
3282,27,3,82,217.3324443577316
3283,27,3,83,192.88466956750494
3284,27,3,84,139.15556536516186
3285,27,3,85,141.38334284661804
3286,27,3,86,514.122508120361
3287,27,3,87,183.9318951188157
3288,27,3,88,71.1862843272246
3289,27,3,89,385.3449081444497
3290,27,3,90,165.0204192234807
3291,27,3,91,499.0894154375618
3292,27,3,92,140.1526575888668
3293,27,3,93,191.7347654084673
3294,27,3,94,529.6932534758084
3295,27,3,95,206.91776251449306
3296,27,3,96,381.3731748010904
3297,27,3,97,118.7927097825721
3298,27,3,98,84.72130976534321
3299,27,3,99,494.9666616781146
3300,32,1,0,197.71361825333824
3301,32,1,1,174.65510342814883
3302,32,1,2,98.04046709776996
3303,32,1,3,138.0763062771519
3304,32,1,4,171.73275784541298
3305,32,1,5,205.07143281578402
3306,32,1,6,165.88881621925054
3307,32,1,7,104.64877885552303
3308,32,1,8,154.73562219527895
3309,32,1,9,150.62341561433976
3310,32,1,10,125.87467572102729
3311,32,1,11,158.57152251769784
3312,32,1,12,186.6163801102756
3313,32,1,13,193.64888492478497
3314,32,1,14,203.47681488354687
3315,32,1,15,132.86407168560766
3316,32,1,16,174.00684248772225
3317,32,1,17,126.3982136746882
3318,32,1,18,182.8969168306277
3319,32,1,19,145.32213494434342
3320,32,1,20,193.4658361005435
3321,32,1,21,139.63988847949415
3322,32,1,22,131.51489292051772
3323,32,1,23,117.19900410233205
3324,32,1,24,111.19573845977663
3325,32,1,25,137.11943621928114
3326,32,1,26,161.20938590956206
3327,32,1,27,170.83088488751451
3328,32,1,28,151.43226178841388
3329,32,1,29,119.07091650742339
3330,32,1,30,171.99143234182725
3331,32,1,31,143.81378302933666
3332,32,1,32,99.0588617933313
3333,32,1,33,158.37685505735385
3334,32,1,34,126.61166609130953
3335,32,1,35,197.09023337318285
3336,32,1,36,143.71860507762676
3337,32,1,37,125.86090874935742
3338,32,1,38,115.78698311080538
3339,32,1,39,126.71783751598588
3340,32,1,40,204.9138411862674
3341,32,1,41,167.03942464691835
3342,32,1,42,172.73693777035132
3343,32,1,43,128.89951811939468
3344,32,1,44,158.91741459018368
3345,32,1,45,196.92589545559616
3346,32,1,46,145.2085171521155
3347,32,1,47,189.49926690180632
3348,32,1,48,142.36138437845167
3349,32,1,49,196.94341171548376
3350,32,1,50,146.78744560627277
3351,32,1,51,166.8024292613307
3352,32,1,52,150.86720170763644
3353,32,1,53,99.04484412153515
3354,32,1,54,128.69918664302864
3355,32,1,55,154.57217268689715
3356,32,1,56,154.5727464018379
3357,32,1,57,170.8457143631575
3358,32,1,58,135.46046159304993
3359,32,1,59,145.7390467256956
3360,32,1,60,115.16044174359368
3361,32,1,61,111.12538648774402
3362,32,1,62,128.63944642603607
3363,32,1,63,155.8284869187337
3364,32,1,64,171.42863154560837
3365,32,1,65,97.78407073347833
3366,32,1,66,159.82003525765793
3367,32,1,67,149.0500109060682
3368,32,1,68,127.20975205531985
3369,32,1,69,132.36630854757368
3370,32,1,70,157.7122496749399
3371,32,1,71,175.72305603655164
3372,32,1,72,153.90020617248132
3373,32,1,73,171.8140972655206
3374,32,1,74,97.17940490062831
3375,32,1,75,167.17910287277965
3376,32,1,76,111.40185785041297
3377,32,1,77,135.42341533503392
3378,32,1,78,142.71566797888292
3379,32,1,79,152.50910687805043
3380,32,1,80,133.6480240107688
3381,32,1,81,148.27514078112821
3382,32,1,82,155.91797951805034
3383,32,1,83,119.22400881699922
3384,32,1,84,137.83888235772892
3385,32,1,85,140.03434869663693
3386,32,1,86,98.49168732529967
3387,32,1,87,130.8705418406665
3388,32,1,88,133.21951446227112
3389,32,1,89,198.59787873264295
3390,32,1,90,155.6687777090639
3391,32,1,91,163.5293365928361
3392,32,1,92,127.6576152758964
3393,32,1,93,105.27565149797073
3394,32,1,94,111.44287285537008
3395,32,1,95,160.37278507956978
3396,32,1,96,147.9359553958159
3397,32,1,97,98.98499729752191
3398,32,1,98,159.39764258067402
3399,32,1,99,146.14453807963451
3400,32,2,0,528.5178901346424
3401,32,2,1,105.04067847278195
3402,32,2,2,114.40973745428396
3403,32,2,3,295.937211731559
3404,32,2,4,296.2019888797473
3405,32,2,5,116.32796443741645
3406,32,2,6,134.8076379282607
3407,32,2,7,218.28402260506928
3408,32,2,8,523.6847248330922
3409,32,2,9,342.05013365626144
3410,32,2,10,167.03539290620856
3411,32,2,11,350.2655769331106
3412,32,2,12,511.86566121344987
3413,32,2,13,108.78466668487984
3414,32,2,14,502.2058419149187
3415,32,2,15,531.3297692500387
3416,32,2,16,504.6776875141123
3417,32,2,17,125.35099295778964
3418,32,2,18,109.63674447136495
3419,32,2,19,317.55031051480944
3420,32,2,20,494.45515001407665
3421,32,2,21,527.6444901032603
3422,32,2,22,130.81967987596514
3423,32,2,23,311.95007678272185
3424,32,2,24,317.84598918340413
3425,32,2,25,360.8233974816802
3426,32,2,26,376.72786955746153
3427,32,2,27,293.8967573184239
3428,32,2,28,189.25997527853693
3429,32,2,29,521.0179985374924
3430,32,2,30,362.02550938580646
3431,32,2,31,372.93659787112233
3432,32,2,32,145.502103442944
3433,32,2,33,517.7143337875281
3434,32,2,34,529.199403434986
3435,32,2,35,518.7319073537308
3436,32,2,36,511.9541379597104
3437,32,2,37,116.60870053681445
3438,32,2,38,357.66835414557005
3439,32,2,39,72.7388202214848
3440,32,2,40,124.1580208880023
3441,32,2,41,525.3568598074073
3442,32,2,42,313.11243268156534
3443,32,2,43,176.46243531021997
3444,32,2,44,528.823011159658
3445,32,2,45,224.65986996434185
3446,32,2,46,519.4802721658093
3447,32,2,47,519.7928610723897
3448,32,2,48,294.07332542928907
3449,32,2,49,210.10711477340638
3450,32,2,50,225.63236175691833
3451,32,2,51,330.75442240195696
3452,32,2,52,162.991905703207
3453,32,2,53,523.9065272291457
3454,32,2,54,354.7299475884811
3455,32,2,55,198.02703972660046
3456,32,2,56,112.43515508427693
3457,32,2,57,136.86316796161506
3458,32,2,58,102.2503389276936
3459,32,2,59,303.77067597730553
3460,32,2,60,537.3711662156335
3461,32,2,61,294.4107641006223
3462,32,2,62,187.06772019962216
3463,32,2,63,75.9215419907866
3464,32,2,64,135.86029131374212
3465,32,2,65,531.7279959270287
3466,32,2,66,348.80469469324635
3467,32,2,67,508.2015286860448
3468,32,2,68,154.44504285504524
3469,32,2,69,312.1290136891212
3470,32,2,70,525.8492360740047
3471,32,2,71,208.20192239429338
3472,32,2,72,515.4993227419641
3473,32,2,73,321.4694157354968
3474,32,2,74,521.5902466716116
3475,32,2,75,297.9483160628185
3476,32,2,76,93.95661083883947
3477,32,2,77,293.9874019411043
3478,32,2,78,136.0234638751283
3479,32,2,79,504.870271259277
3480,32,2,80,126.24349031281493
3481,32,2,81,342.27732999776697
3482,32,2,82,528.1376018800745
3483,32,2,83,156.6803626682974
3484,32,2,84,96.08365096803453
3485,32,2,85,162.80742834275668
3486,32,2,86,358.3427324460854
3487,32,2,87,188.82691999059915
3488,32,2,88,182.4145725839321
3489,32,2,89,130.59636594971087
3490,32,2,90,314.3357037467081
3491,32,2,91,324.2731970328687
3492,32,2,92,158.19137000169553
3493,32,2,93,375.03097092975963
3494,32,2,94,219.40334493510755
3495,32,2,95,532.3404823262854
3496,32,2,96,158.5233404899222
3497,32,2,97,522.1652131153542
3498,32,2,98,180.64871551887387
3499,32,2,99,110.31459185652349
3500,32,3,0,526.871403524494
3501,32,3,1,536.3432139487423
3502,32,3,2,295.2702589338759
3503,32,3,3,295.7879735340408
3504,32,3,4,292.18204149841506
3505,32,3,5,528.1448919888046
3506,32,3,6,524.7661022390806
3507,32,3,7,307.0603176821633
3508,32,3,8,519.6337947416185
3509,32,3,9,298.76558969563007
3510,32,3,10,294.9430891640551
3511,32,3,11,298.26918430017656
3512,32,3,12,516.9718124155735
3513,32,3,13,294.50314382583997
3514,32,3,14,532.099914775282
3515,32,3,15,520.9113837072226
3516,32,3,16,295.5483742822057
3517,32,3,17,528.2427333061358
3518,32,3,18,298.6476424675991
3519,32,3,19,532.4450381685991
3520,32,3,20,521.0822764706476
3521,32,3,21,304.2749349023596
3522,32,3,22,329.5078025741074
3523,32,3,23,528.6307971952086
3524,32,3,24,509.44637675880324
3525,32,3,25,518.7167299486528
3526,32,3,26,525.8886124966455
3527,32,3,27,321.3020947095529
3528,32,3,28,519.9631222116461
3529,32,3,29,291.1448486389422
3530,32,3,30,322.3127596867768
3531,32,3,31,525.8968858609738
3532,32,3,32,523.6129175430593
3533,32,3,33,295.8965878740818
3534,32,3,34,294.72437624912527
3535,32,3,35,524.8386189376046
3536,32,3,36,298.37795336352434
3537,32,3,37,333.5425005271209
3538,32,3,38,514.9046507730668
3539,32,3,39,349.7339344978605
3540,32,3,40,520.4769659061824
3541,32,3,41,293.98724078026055
3542,32,3,42,517.4045126761202
3543,32,3,43,294.1041211522427
3544,32,3,44,520.3302764241898
3545,32,3,45,344.30529424647966
3546,32,3,46,347.2846145213417
3547,32,3,47,521.9061185481942
3548,32,3,48,295.0179807307568
3549,32,3,49,295.66653312221575
3550,32,3,50,307.80929613188613
3551,32,3,51,514.999332780375
3552,32,3,52,303.8518286195194
3553,32,3,53,326.72650599536735
3554,32,3,54,535.6032251558215
3555,32,3,55,483.2069088118295
3556,32,3,56,500.76371943351296
3557,32,3,57,523.2184152205988
3558,32,3,58,353.28727004680553
3559,32,3,59,295.11266006485533
3560,32,3,60,501.32436037425146
3561,32,3,61,297.66872241326433
3562,32,3,62,520.5923189511087
3563,32,3,63,534.4659000085268
3564,32,3,64,292.95465776743487
3565,32,3,65,526.8982673905962
3566,32,3,66,523.8800595777092
3567,32,3,67,323.8641047899003
3568,32,3,68,521.9602996533182
3569,32,3,69,531.1611902545338
3570,32,3,70,321.1828710805697
3571,32,3,71,527.0194723198942
3572,32,3,72,515.10254230243
3573,32,3,73,520.1789086248253
3574,32,3,74,506.4952564968959
3575,32,3,75,314.2153390692041
3576,32,3,76,518.7583686057775
3577,32,3,77,523.5920490335873
3578,32,3,78,526.5897590283191
3579,32,3,79,298.2542409851372
3580,32,3,80,522.892414564256
3581,32,3,81,514.5972414307253
3582,32,3,82,524.6625758348199
3583,32,3,83,520.236709800975
3584,32,3,84,534.6045638255733
3585,32,3,85,523.746554338225
3586,32,3,86,344.7274717061669
3587,32,3,87,324.70558478059917
3588,32,3,88,343.64396351421937
3589,32,3,89,304.7949308601432
3590,32,3,90,524.6899295911214
3591,32,3,91,328.8658866000513
3592,32,3,92,301.6326678965844
3593,32,3,93,326.18503689281624
3594,32,3,94,304.00750940489354
3595,32,3,95,528.1521354861263
3596,32,3,96,527.9674600493885
3597,32,3,97,296.08615536075456
3598,32,3,98,295.2416700848663
3599,32,3,99,480.0258879485217
3600,38,1,0,204.86769453212526
3601,38,1,1,126.10831224629304
3602,38,1,2,383.931704768877
3603,38,1,3,109.55935458216591
3604,38,1,4,237.24341346638732
3605,38,1,5,241.19679489514436
3606,38,1,6,109.63812615828289
3607,38,1,7,237.60919016192918
3608,38,1,8,220.9412444410724
3609,38,1,9,237.20221583756052
3610,38,1,10,249.47956539820083
3611,38,1,11,138.34240818942231
3612,38,1,12,238.32106560690218
3613,38,1,13,238.67382621041543
3614,38,1,14,202.48066303568658
3615,38,1,15,468.2080903804438
3616,38,1,16,241.74024742007146
3617,38,1,17,412.4136415349663
3618,38,1,18,119.80059686557793
3619,38,1,19,227.125444231075
3620,38,1,20,66.85102239861487
3621,38,1,21,241.0633275447032
3622,38,1,22,238.13436942620064
3623,38,1,23,244.43999405725484
3624,38,1,24,378.8625063190326
3625,38,1,25,236.4294276808791
3626,38,1,26,240.13517459771597
3627,38,1,27,237.5440409098206
3628,38,1,28,239.04471596261493
3629,38,1,29,407.12594562843356
3630,38,1,30,95.14245889254416
3631,38,1,31,215.8211874569757
3632,38,1,32,116.02098261907798
3633,38,1,33,119.91071862369121
3634,38,1,34,65.66421258865253
3635,38,1,35,196.45203049320233
3636,38,1,36,65.32350665719451
3637,38,1,37,224.50784372280856
3638,38,1,38,77.65278373406036
3639,38,1,39,238.35964265168386
3640,38,1,40,240.62616673103693
3641,38,1,41,219.9380808676982
3642,38,1,42,253.0195542962798
3643,38,1,43,240.4745745328786
3644,38,1,44,239.27452386620794
3645,38,1,45,245.05335134803724
3646,38,1,46,239.2467787948037
3647,38,1,47,236.88661053272867
3648,38,1,48,207.2661590527788
3649,38,1,49,220.33845693808826
3650,38,1,50,95.34634196281253
3651,38,1,51,82.63197920889077
3652,38,1,52,202.23816217428507
3653,38,1,53,238.86525842325017
3654,38,1,54,238.02276950192248
3655,38,1,55,244.0900118137398
3656,38,1,56,65.88192653853953
3657,38,1,57,239.68456543937603
3658,38,1,58,237.61763947677946
3659,38,1,59,237.35210368658593
3660,38,1,60,237.23651305515838
3661,38,1,61,103.96773470786466
3662,38,1,62,64.6841274617333
3663,38,1,63,230.42844451920382
3664,38,1,64,237.6330467245581
3665,38,1,65,237.60851443533392
3666,38,1,66,244.17906183200142
3667,38,1,67,66.0687309550511
3668,38,1,68,242.56834623078302
3669,38,1,69,475.0891640654171
3670,38,1,70,238.29181668287714
3671,38,1,71,106.07009949527246
3672,38,1,72,416.9580182857463
3673,38,1,73,238.4197563230741
3674,38,1,74,237.40978358936675
3675,38,1,75,238.1130340409281
3676,38,1,76,497.24158706054993
3677,38,1,77,237.49802701312055
3678,38,1,78,243.77288258606004
3679,38,1,79,238.00453485272783
3680,38,1,80,249.14421025833653
3681,38,1,81,237.93298514691196
3682,38,1,82,241.35933411295179
3683,38,1,83,219.43942585705557
3684,38,1,84,205.99744008893083
3685,38,1,85,108.77973525866466
3686,38,1,86,239.438896033907
3687,38,1,87,239.16599659217619
3688,38,1,88,235.28800802672433
3689,38,1,89,237.9618205445833
3690,38,1,90,231.4876340584837
3691,38,1,91,237.12341258292903
3692,38,1,92,247.93572437699186
3693,38,1,93,196.64339446438046
3694,38,1,94,151.01846793150108
3695,38,1,95,242.37982900258734
3696,38,1,96,241.540240748889
3697,38,1,97,236.99591054883308
3698,38,1,98,236.76630612433064
3699,38,1,99,512.9199563984163
3700,38,2,0,195.31872471660571
3701,38,2,1,109.87563886618594
3702,38,2,2,187.81806650554316
3703,38,2,3,468.2510419442709
3704,38,2,4,111.51071676878173
3705,38,2,5,221.4325785349312
3706,38,2,6,189.54801824939364
3707,38,2,7,126.7821035226058
3708,38,2,8,121.32712557337854
3709,38,2,9,230.20674868923425
3710,38,2,10,184.93822648813224
3711,38,2,11,157.65312922396893
3712,38,2,12,132.49987137296554
3713,38,2,13,204.85027337439567
3714,38,2,14,160.02810499643397
3715,38,2,15,148.60698470388434
3716,38,2,16,432.4245032809747
3717,38,2,17,120.4059389651129
3718,38,2,18,480.9690597592305
3719,38,2,19,132.01066579703019
3720,38,2,20,86.38682655311356
3721,38,2,21,126.12419195888468
3722,38,2,22,123.99595481068658
3723,38,2,23,125.66650565306507
3724,38,2,24,503.45008221798895
3725,38,2,25,166.08673929508063
3726,38,2,26,186.83607240434156
3727,38,2,27,139.2437749563859
3728,38,2,28,169.43339960803686
3729,38,2,29,149.81540341067318
3730,38,2,30,145.61044851448577
3731,38,2,31,203.9843578676302
3732,38,2,32,144.93835402761508
3733,38,2,33,98.79800167386963
3734,38,2,34,94.47014515051566
3735,38,2,35,217.38524071651722
3736,38,2,36,101.23015670621692
3737,38,2,37,119.57476357791258
3738,38,2,38,107.04663652568317
3739,38,2,39,164.6759527991045
3740,38,2,40,114.33508846030425
3741,38,2,41,160.98550642816286
3742,38,2,42,120.56942083912591
3743,38,2,43,158.47184928795437
3744,38,2,44,151.9970128587496
3745,38,2,45,140.11100996935383
3746,38,2,46,197.37370772848413
3747,38,2,47,221.95147051928333
3748,38,2,48,212.3365707714079
3749,38,2,49,519.8187866911057
3750,38,2,50,201.30566780066934
3751,38,2,51,209.68772840878827
3752,38,2,52,233.71248095931676
3753,38,2,53,93.48293390568952
3754,38,2,54,177.69980248632262
3755,38,2,55,205.972434139196
3756,38,2,56,133.58624917558691
3757,38,2,57,165.10361748062311
3758,38,2,58,204.882316024467
3759,38,2,59,173.21214666169777
3760,38,2,60,493.8563726152691
3761,38,2,61,85.24162893283332
3762,38,2,62,156.61381972491688
3763,38,2,63,166.978110503241
3764,38,2,64,221.02108091218764
3765,38,2,65,220.25737550860902
3766,38,2,66,103.8122386695502
3767,38,2,67,88.97132268573937
3768,38,2,68,230.60622508869366
3769,38,2,69,224.42679114098004
3770,38,2,70,102.44051816896115
3771,38,2,71,138.9381351463568
3772,38,2,72,167.63068022667218
3773,38,2,73,209.359989211218
3774,38,2,74,98.12864886058637
3775,38,2,75,139.50714368445833
3776,38,2,76,241.09436293813326
3777,38,2,77,99.47427908120197
3778,38,2,78,99.94629525476142
3779,38,2,79,163.82904523606138
3780,38,2,80,219.8392675743131
3781,38,2,81,126.62792731255637
3782,38,2,82,101.59938463174069
3783,38,2,83,118.22755501514062
3784,38,2,84,148.25797543761902
3785,38,2,85,186.7745399929472
3786,38,2,86,108.44214163457264
3787,38,2,87,222.59354993449975
3788,38,2,88,119.5595077584142
3789,38,2,89,210.39893687041024
3790,38,2,90,142.11127148216679
3791,38,2,91,199.08430263963936
3792,38,2,92,168.54517241982998
3793,38,2,93,208.10654935412603
3794,38,2,94,194.48077955629802
3795,38,2,95,177.44325468149205
3796,38,2,96,154.0578337967291
3797,38,2,97,146.72039957271465
3798,38,2,98,175.58207178323042
3799,38,2,99,158.35084007227772
3800,38,3,0,460.764310798949
3801,38,3,1,435.89557204683183
3802,38,3,2,395.0961353240608
3803,38,3,3,445.69865012738853
3804,38,3,4,424.0653295189998
3805,38,3,5,464.3461882903847
3806,38,3,6,425.9249623529618
3807,38,3,7,472.69811901331644
3808,38,3,8,435.9544265884737
3809,38,3,9,408.049703086541
3810,38,3,10,448.29643201473175
3811,38,3,11,422.00727806060974
3812,38,3,12,410.1219396929857
3813,38,3,13,487.47626202205765
3814,38,3,14,442.6100934529212
3815,38,3,15,395.87260960781595
3816,38,3,16,461.3244349097325
3817,38,3,17,424.7084820313578
3818,38,3,18,443.2463115823793
3819,38,3,19,446.0431321632886
3820,38,3,20,454.830271899846
3821,38,3,21,429.17514871112184
3822,38,3,22,437.1247990248049
3823,38,3,23,488.3903085389717
3824,38,3,24,469.4509334478337
3825,38,3,25,488.3852541131025
3826,38,3,26,446.54054228723595
3827,38,3,27,464.26070151671877
3828,38,3,28,461.1066480666421
3829,38,3,29,424.084410242406
3830,38,3,30,458.3396395505917
3831,38,3,31,458.8676793496852
3832,38,3,32,430.4193049274972
3833,38,3,33,395.1756357154099
3834,38,3,34,455.21999687711036
3835,38,3,35,428.73233705643077
3836,38,3,36,495.23889159158557
3837,38,3,37,484.01564946103605
3838,38,3,38,473.0123652043571
3839,38,3,39,445.41709378286754
3840,38,3,40,462.4090495722083
3841,38,3,41,496.31022516479976
3842,38,3,42,441.17586338824685
3843,38,3,43,484.6390460699381
3844,38,3,44,452.04922602442923
3845,38,3,45,448.08413309715854
3846,38,3,46,468.8712524917276
3847,38,3,47,460.89416802455526
3848,38,3,48,470.8984079123192
3849,38,3,49,445.09715508634685
3850,38,3,50,407.4400358048759
3851,38,3,51,473.4835211142264
3852,38,3,52,455.5034536570327
3853,38,3,53,487.6536119644234
3854,38,3,54,437.94247338140644
3855,38,3,55,488.6376432310507
3856,38,3,56,445.4343362311332
3857,38,3,57,454.1966694741797
3858,38,3,58,438.76456418301876
3859,38,3,59,488.882084395722
3860,38,3,60,494.81876220931
3861,38,3,61,464.3555115009347
3862,38,3,62,415.48810152603244
3863,38,3,63,449.4465974654266
3864,38,3,64,460.0178276448009
3865,38,3,65,432.1764558278164
3866,38,3,66,424.59946326484624
3867,38,3,67,438.2760773400703
3868,38,3,68,467.46402426348027
3869,38,3,69,396.27244715944653
3870,38,3,70,413.4880935748646
3871,38,3,71,460.87215112273117
3872,38,3,72,484.72407076167366
3873,38,3,73,449.92180446454694
3874,38,3,74,442.6001072172206
3875,38,3,75,458.6600836430089
3876,38,3,76,437.08103142452666
3877,38,3,77,412.579207175494
3878,38,3,78,436.37990102159796
3879,38,3,79,436.8518567286719
3880,38,3,80,424.06107903853007
3881,38,3,81,480.5293354512229
3882,38,3,82,486.2732165536592
3883,38,3,83,486.9137796578009
3884,38,3,84,436.5688894661096
3885,38,3,85,426.6159934121676
3886,38,3,86,471.96906241291884
3887,38,3,87,451.69500295510306
3888,38,3,88,487.14978760089423
3889,38,3,89,394.6032281256971
3890,38,3,90,396.3615079222791
3891,38,3,91,487.90509083589836
3892,38,3,92,409.4048718125844
3893,38,3,93,433.14331023826907
3894,38,3,94,403.0149536701462
3895,38,3,95,474.7307494236142
3896,38,3,96,459.25064782864484
3897,38,3,97,451.5367459597202
3898,38,3,98,409.1277460802268
3899,38,3,99,442.5033491578423
3900,42,1,0,205.01835642114443
3901,42,1,1,131.6279138471813
3902,42,1,2,158.91022232621026
3903,42,1,3,97.32336456028526
3904,42,1,4,140.75632189390694
3905,42,1,5,166.66105111138194
3906,42,1,6,103.75924985358517
3907,42,1,7,150.9644201558222
3908,42,1,8,148.4729780749029
3909,42,1,9,119.36645390778008
3910,42,1,10,152.26680155571447
3911,42,1,11,150.56803984716578
3912,42,1,12,139.81542263681706
3913,42,1,13,193.56891089413216
3914,42,1,14,167.01963811975043
3915,42,1,15,137.9211364929219
3916,42,1,16,166.64568179204
3917,42,1,17,172.42562744027677
3918,42,1,18,182.90666760642523
3919,42,1,19,96.9448191206321
3920,42,1,20,146.71019432164144
3921,42,1,21,205.22231946587453
3922,42,1,22,153.095584853632
3923,42,1,23,149.2747739374232
3924,42,1,24,143.34755153745058
3925,42,1,25,172.6048366048906
3926,42,1,26,144.92745533094285
3927,42,1,27,189.6399609951061
3928,42,1,28,175.2964327136323
3929,42,1,29,154.3148672078491
3930,42,1,30,110.31638529838271
3931,42,1,31,147.33775549246656
3932,42,1,32,175.25596441123972
3933,42,1,33,129.06609287902978
3934,42,1,34,119.44843450884363
3935,42,1,35,165.71759172721045
3936,42,1,36,111.34812624567493
3937,42,1,37,157.04405926947558
3938,42,1,38,119.3743828530516
3939,42,1,39,135.22076999398763
3940,42,1,40,163.18305181200003
3941,42,1,41,148.36754540136528
3942,42,1,42,194.91029800914126
3943,42,1,43,140.50240515893083
3944,42,1,44,131.3216486288074
3945,42,1,45,154.23495237258896
3946,42,1,46,127.41695995280215
3947,42,1,47,160.4663039960291
3948,42,1,48,174.96581483414923
3949,42,1,49,176.03182615495345
3950,42,1,50,182.96364324077584
3951,42,1,51,141.67420194313786
3952,42,1,52,109.73561177093679
3953,42,1,53,145.61637304360184
3954,42,1,54,161.86958169671647
3955,42,1,55,157.78615193418835
3956,42,1,56,111.34969367580908
3957,42,1,57,190.00972606172067
3958,42,1,58,166.6667296393624
3959,42,1,59,155.9070840396766
3960,42,1,60,109.72062700289578
3961,42,1,61,185.11424731627108
3962,42,1,62,112.96944599692573
3963,42,1,63,171.9587062117248
3964,42,1,64,111.41660415438992
3965,42,1,65,138.46830162259243
3966,42,1,66,112.52167103278067
3967,42,1,67,150.77959449781582
3968,42,1,68,174.34287852549093
3969,42,1,69,170.76392945525097
3970,42,1,70,157.63945614458166
3971,42,1,71,170.71310322594567
3972,42,1,72,148.14383379307148
3973,42,1,73,139.6349643681791
3974,42,1,74,186.11502373509623
3975,42,1,75,111.28636923675191
3976,42,1,76,158.87220149139048
3977,42,1,77,170.93747367326563
3978,42,1,78,190.34268314769912
3979,42,1,79,145.78742856959568
3980,42,1,80,184.2210531612731
3981,42,1,81,187.13167702873443
3982,42,1,82,193.93934300892397
3983,42,1,83,153.21060889377685
3984,42,1,84,136.35539157711827
3985,42,1,85,188.92990266500388
3986,42,1,86,169.43352660996132
3987,42,1,87,172.09524649134593
3988,42,1,88,132.82010245668127
3989,42,1,89,163.61050700725735
3990,42,1,90,188.44702199121153
3991,42,1,91,164.51405490488833
3992,42,1,92,111.2951004394787
3993,42,1,93,131.0303060811149
3994,42,1,94,146.11269459208125
3995,42,1,95,125.66603883835009
3996,42,1,96,140.25547829593532
3997,42,1,97,144.65695052710885
3998,42,1,98,197.8584194431315
3999,42,1,99,159.38449429181497
4000,42,2,0,434.34372899275706
4001,42,2,1,391.7605986210966
4002,42,2,2,393.97587875253276
4003,42,2,3,405.4107861439196
4004,42,2,4,434.0980445581375
4005,42,2,5,109.85896868388639
4006,42,2,6,129.54044822895708
4007,42,2,7,156.1975641079759
4008,42,2,8,145.5380948064516
4009,42,2,9,158.45133641719485
4010,42,2,10,121.55467617189613
4011,42,2,11,115.42828942623518
4012,42,2,12,148.33150334628533
4013,42,2,13,391.80975668709823
4014,42,2,14,379.31680040865433
4015,42,2,15,390.8648598127666
4016,42,2,16,414.486345484935
4017,42,2,17,124.15219514766726
4018,42,2,18,216.6933815724441
4019,42,2,19,443.77495448554896
4020,42,2,20,441.65488280197206
4021,42,2,21,136.36075693408313
4022,42,2,22,152.5655617473761
4023,42,2,23,165.92842782670343
4024,42,2,24,439.4667818566946
4025,42,2,25,426.41923978110947
4026,42,2,26,114.4159168840069
4027,42,2,27,188.39799118851028
4028,42,2,28,176.25535318960104
4029,42,2,29,148.9244748972676
4030,42,2,30,147.72831614779673
4031,42,2,31,143.40838056652728
4032,42,2,32,216.82658856523523
4033,42,2,33,202.36835944369798
4034,42,2,34,143.52606451009657
4035,42,2,35,375.5317744560235
4036,42,2,36,439.3764219423478
4037,42,2,37,419.6147051719907
4038,42,2,38,384.8795003660751
4039,42,2,39,436.7894661280786
4040,42,2,40,434.14181539543443
4041,42,2,41,205.62754978521434
4042,42,2,42,443.79939480569277
4043,42,2,43,456.16777074335357
4044,42,2,44,448.9169290616035
4045,42,2,45,424.8329187000578
4046,42,2,46,376.0505845448957
4047,42,2,47,133.09553288268125
4048,42,2,48,125.41908163874933
4049,42,2,49,221.9948803781883
4050,42,2,50,426.75390636791235
4051,42,2,51,386.2624925947211
4052,42,2,52,106.90096017040001
4053,42,2,53,447.51939961862286
4054,42,2,54,166.57115930286372
4055,42,2,55,163.83807499032844
4056,42,2,56,97.75175973964663
4057,42,2,57,450.4211810583821
4058,42,2,58,445.62449833240055
4059,42,2,59,427.7206004015591
4060,42,2,60,441.6178018688025
4061,42,2,61,401.7338661363857
4062,42,2,62,161.41110207808867
4063,42,2,63,157.382168476358
4064,42,2,64,125.44481742464771
4065,42,2,65,207.18032138843995
4066,42,2,66,150.809273133115
4067,42,2,67,184.24739509427204
4068,42,2,68,386.96780139434094
4069,42,2,69,127.12684277764829
4070,42,2,70,416.0767760850367
4071,42,2,71,168.07600204065633
4072,42,2,72,177.56322284011108
4073,42,2,73,136.15093944607938
4074,42,2,74,422.29343984331615
4075,42,2,75,444.2648678348583
4076,42,2,76,105.11676923614347
4077,42,2,77,111.90046298978172
4078,42,2,78,123.54029417133077
4079,42,2,79,393.38708307700836
4080,42,2,80,187.89082317586505
4081,42,2,81,430.49574786770546
4082,42,2,82,389.52377823598914
4083,42,2,83,109.33139268736555
4084,42,2,84,126.57798820848494
4085,42,2,85,453.8025647343773
4086,42,2,86,118.92526082968158
4087,42,2,87,432.6509659485326
4088,42,2,88,114.8986862352685
4089,42,2,89,183.94302419993394
4090,42,2,90,138.28285395851523
4091,42,2,91,407.3549731740813
4092,42,2,92,155.81796245802627
4093,42,2,93,435.13794430202165
4094,42,2,94,214.23041097458326
4095,42,2,95,217.30682207803127
4096,42,2,96,449.1850975523102
4097,42,2,97,425.0548106890719
4098,42,2,98,214.73934873828983
4099,42,2,99,121.53896242975219
4100,42,3,0,129.58505079508967
4101,42,3,1,525.2596250341456
4102,42,3,2,162.07821017778892
4103,42,3,3,389.4973402448727
4104,42,3,4,370.2784241963199
4105,42,3,5,99.18339834002641
4106,42,3,6,166.08948823300088
4107,42,3,7,379.085043406047
4108,42,3,8,535.4222375982764
4109,42,3,9,405.02131757925446
4110,42,3,10,535.6372619108405
4111,42,3,11,519.9078305182778
4112,42,3,12,411.2495842073779
4113,42,3,13,201.23313864287567
4114,42,3,14,523.2067668314648
4115,42,3,15,369.9966784680135
4116,42,3,16,113.93414186213724
4117,42,3,17,433.26176805350167
4118,42,3,18,392.5041499273271
4119,42,3,19,213.7494732391505
4120,42,3,20,78.74031370981388
4121,42,3,21,130.2160513247465
4122,42,3,22,233.2633384742602
4123,42,3,23,530.1381327947078
4124,42,3,24,160.08045500621841
4125,42,3,25,427.09729527088683
4126,42,3,26,133.0325837094143
4127,42,3,27,533.7919381542877
4128,42,3,28,96.66406000164793
4129,42,3,29,378.11490977173383
4130,42,3,30,174.44570954577614
4131,42,3,31,438.04682941384834
4132,42,3,32,414.01227193936285
4133,42,3,33,180.51003514763238
4134,42,3,34,514.1496126927894
4135,42,3,35,397.69397825131875
4136,42,3,36,534.6505687574773
4137,42,3,37,458.74639205660384
4138,42,3,38,204.1975790302955
4139,42,3,39,536.7082416838001
4140,42,3,40,140.7289839356044
4141,42,3,41,531.0438568660815
4142,42,3,42,137.90578941520806
4143,42,3,43,443.84932193243645
4144,42,3,44,190.4730519236807
4145,42,3,45,421.66146362924684
4146,42,3,46,376.337999577724
4147,42,3,47,168.2969487195686
4148,42,3,48,148.55775843657125
4149,42,3,49,78.49862578651575
4150,42,3,50,431.6274260654976
4151,42,3,51,163.48792712104358
4152,42,3,52,124.09286485190083
4153,42,3,53,535.6119983074924
4154,42,3,54,535.49432872097
4155,42,3,55,418.680193854438
4156,42,3,56,457.3447997938929
4157,42,3,57,409.2198266726419
4158,42,3,58,155.59743698464356
4159,42,3,59,446.5066881228623
4160,42,3,60,362.4871054232518
4161,42,3,61,166.6075262305676
4162,42,3,62,196.82930471817818
4163,42,3,63,439.18763626061286
4164,42,3,64,526.5306372310547
4165,42,3,65,113.6464924846861
4166,42,3,66,390.87407023593863
4167,42,3,67,514.5840908895557
4168,42,3,68,138.12284497409846
4169,42,3,69,408.1644325350313
4170,42,3,70,401.7403729883609
4171,42,3,71,536.3001656310968
4172,42,3,72,395.1860232916655
4173,42,3,73,419.22376297180995
4174,42,3,74,379.39662615101565
4175,42,3,75,81.79842009510307
4176,42,3,76,440.4907846858923
4177,42,3,77,95.63082034591632
4178,42,3,78,380.16720443515817
4179,42,3,79,534.9847995774943
4180,42,3,80,122.58274025451898
4181,42,3,81,448.42035330013215
4182,42,3,82,406.670231697886
4183,42,3,83,532.3490987069773
4184,42,3,84,384.1626558825608
4185,42,3,85,116.09500582557426
4186,42,3,86,144.64793441298602
4187,42,3,87,171.6835727137657
4188,42,3,88,138.00340905016859
4189,42,3,89,186.8700461503577
4190,42,3,90,449.5112904366846
4191,42,3,91,398.18291890873815
4192,42,3,92,365.2583325458839
4193,42,3,93,166.45547768152463
4194,42,3,94,416.71925992459137
4195,42,3,95,413.8169076991711
4196,42,3,96,531.144124691862
4197,42,3,97,114.86244319530044
4198,42,3,98,523.7857577307952
4199,42,3,99,185.41848512634178
4200,45,1,0,145.31338463942825
4201,45,1,1,75.92816442256168
4202,45,1,2,71.24228562173965
4203,45,1,3,98.51615726555586
4204,45,1,4,71.32329090950505
4205,45,1,5,112.43359891442475
4206,45,1,6,100.53422188696965
4207,45,1,7,77.85350984267791
4208,45,1,8,78.05945655210814
4209,45,1,9,151.73756618961357
4210,45,1,10,92.37459206048322
4211,45,1,11,64.89471886722839
4212,45,1,12,94.88523708637854
4213,45,1,13,304.5794157666566
4214,45,1,14,111.16843423866143
4215,45,1,15,134.74188836892696
4216,45,1,16,260.39158818444804
4217,45,1,17,83.40145163520582
4218,45,1,18,146.18397148492858
4219,45,1,19,67.1316708516573
4220,45,1,20,102.91852974881085
4221,45,1,21,66.31460150322275
4222,45,1,22,245.63115109313785
4223,45,1,23,82.87798358924739
4224,45,1,24,108.80746298577917
4225,45,1,25,295.1472555354365
4226,45,1,26,330.0040949454176
4227,45,1,27,93.62853498949787
4228,45,1,28,137.78781848334975
4229,45,1,29,66.34409587496918
4230,45,1,30,264.1633735987983
4231,45,1,31,101.7621279561655
4232,45,1,32,86.81678442489485
4233,45,1,33,101.12467791794323
4234,45,1,34,74.37656825205299
4235,45,1,35,130.9960370628077
4236,45,1,36,81.22932713021565
4237,45,1,37,128.7795433236784
4238,45,1,38,81.69275910295977
4239,45,1,39,106.118701313331
4240,45,1,40,70.02965514189741
4241,45,1,41,65.68835355264933
4242,45,1,42,91.55586538145327
4243,45,1,43,127.56435453066133
4244,45,1,44,340.3140126331284
4245,45,1,45,311.4595663912933
4246,45,1,46,102.59498642745866
4247,45,1,47,302.6151200485293
4248,45,1,48,98.20811397710581
4249,45,1,49,71.71584470835559
4250,45,1,50,107.80710793809342
4251,45,1,51,73.29294042504644
4252,45,1,52,92.35513330872958
4253,45,1,53,170.94659580348915
4254,45,1,54,72.13499509051236
4255,45,1,55,71.04901664171274
4256,45,1,56,92.57843432523579
4257,45,1,57,322.698574210878
4258,45,1,58,117.58167931990461
4259,45,1,59,170.25113402694055
4260,45,1,60,101.08304516212316
4261,45,1,61,122.9310220295562
4262,45,1,62,390.4503730949597
4263,45,1,63,142.75786483716487
4264,45,1,64,129.01927198287584
4265,45,1,65,259.6068789771038
4266,45,1,66,326.34124737975776
4267,45,1,67,80.88302560238425
4268,45,1,68,88.6345934399612
4269,45,1,69,65.22131742858876
4270,45,1,70,131.90534431331545
4271,45,1,71,127.10678566998126
4272,45,1,72,143.47648369838006
4273,45,1,73,327.89087963845265
4274,45,1,74,70.001131169115
4275,45,1,75,93.98079760084991
4276,45,1,76,130.8668348047071
4277,45,1,77,128.90332603381412
4278,45,1,78,91.39283105578127
4279,45,1,79,150.24034760726727
4280,45,1,80,130.46292511935127
4281,45,1,81,136.07959346558263
4282,45,1,82,142.25021916340114
4283,45,1,83,67.25454034504622
4284,45,1,84,74.70340797902918
4285,45,1,85,136.11027595844575
4286,45,1,86,98.81072898649475
4287,45,1,87,112.86389745358906
4288,45,1,88,154.47316121944698
4289,45,1,89,120.724113845763
4290,45,1,90,94.45857241711715
4291,45,1,91,236.8646183362885
4292,45,1,92,304.886246119428
4293,45,1,93,73.22361309558109
4294,45,1,94,67.64128258743527
4295,45,1,95,125.50016847852862
4296,45,1,96,92.60718264735061
4297,45,1,97,117.86041424091465
4298,45,1,98,102.32930033204042
4299,45,1,99,132.5761659863597
4300,45,2,0,352.3069513103713
4301,45,2,1,329.823475565578
4302,45,2,2,340.0800719326673
4303,45,2,3,347.8829270880524
4304,45,2,4,512.601729224208
4305,45,2,5,356.88133391991374
4306,45,2,6,325.81409161548237
4307,45,2,7,500.61487053494943
4308,45,2,8,345.24749896264194
4309,45,2,9,330.3031042461271
4310,45,2,10,340.62122983790266
4311,45,2,11,352.0476715427683
4312,45,2,12,536.7565015448899
4313,45,2,13,326.6981380188247
4314,45,2,14,351.85016331072734
4315,45,2,15,326.10347277468355
4316,45,2,16,375.5091749164964
4317,45,2,17,351.6034088429555
4318,45,2,18,328.18865072819375
4319,45,2,19,363.4904025698839
4320,45,2,20,349.8155826349718
4321,45,2,21,324.24551712844305
4322,45,2,22,388.29487241318304
4323,45,2,23,333.8423419501632
4324,45,2,24,393.39857513739844
4325,45,2,25,531.4432685336624
4326,45,2,26,361.4982455702744
4327,45,2,27,395.37750350042694
4328,45,2,28,329.8340327063321
4329,45,2,29,328.14736885062405
4330,45,2,30,361.54377688945635
4331,45,2,31,329.67625887453244
4332,45,2,32,356.16039026458645
4333,45,2,33,341.1242080993762
4334,45,2,34,332.54629162893576
4335,45,2,35,324.7356029521751
4336,45,2,36,381.7429846302119
4337,45,2,37,330.63337037072745
4338,45,2,38,334.07204527433635
4339,45,2,39,351.8718310439589
4340,45,2,40,372.63738735940944
4341,45,2,41,347.03802358790796
4342,45,2,42,519.8932286804937
4343,45,2,43,347.5880749852295
4344,45,2,44,365.7246845813052
4345,45,2,45,382.0642882534814
4346,45,2,46,350.3833093106691
4347,45,2,47,369.1749625381366
4348,45,2,48,335.4271318803435
4349,45,2,49,334.21039254400824
4350,45,2,50,353.41240142646654
4351,45,2,51,336.4261903989927
4352,45,2,52,351.8890171596231
4353,45,2,53,369.778572320268
4354,45,2,54,333.8995994978713
4355,45,2,55,333.7389399133948
4356,45,2,56,346.67830224123935
4357,45,2,57,333.90659959978507
4358,45,2,58,330.53520989273835
4359,45,2,59,327.51832407661
4360,45,2,60,529.6083146108253
4361,45,2,61,382.19778759349765
4362,45,2,62,535.9853805145168
4363,45,2,63,377.2899856597378
4364,45,2,64,351.4786487718187
4365,45,2,65,339.4662315217992
4366,45,2,66,365.01743980360914
4367,45,2,67,338.25122265775383
4368,45,2,68,334.6672339248827
4369,45,2,69,363.5437693778197
4370,45,2,70,387.8852029828172
4371,45,2,71,372.47673217384875
4372,45,2,72,331.8588122611062
4373,45,2,73,376.8143219193675
4374,45,2,74,519.9653057047246
4375,45,2,75,397.23920063597916
4376,45,2,76,342.3786931378947
4377,45,2,77,367.4382375558936
4378,45,2,78,351.6269347472693
4379,45,2,79,323.3892351814201
4380,45,2,80,374.81247187012195
4381,45,2,81,350.2649959415836
4382,45,2,82,378.6360883352976
4383,45,2,83,371.5635485997947
4384,45,2,84,324.39088419989963
4385,45,2,85,326.3944088503071
4386,45,2,86,332.313839308075
4387,45,2,87,369.9799400285175
4388,45,2,88,387.2219471286971
4389,45,2,89,388.5491702901614
4390,45,2,90,337.4108426648497
4391,45,2,91,383.9550398557917
4392,45,2,92,383.1735213951791
4393,45,2,93,527.4672633097393
4394,45,2,94,362.7479583325575
4395,45,2,95,508.9468510037662
4396,45,2,96,354.70825727624276
4397,45,2,97,331.06328123734636
4398,45,2,98,362.0607956355178
4399,45,2,99,346.8664021744969
4400,45,3,0,338.25465110265594
4401,45,3,1,324.1394681659757
4402,45,3,2,320.4612928826605
4403,45,3,3,520.160829044685
4404,45,3,4,534.102075272531
4405,45,3,5,388.6359077135357
4406,45,3,6,319.1029918690865
4407,45,3,7,335.45913086861003
4408,45,3,8,318.2745293753434
4409,45,3,9,353.6539818278046
4410,45,3,10,382.7716575581047
4411,45,3,11,337.19981653765797
4412,45,3,12,343.3327425181523
4413,45,3,13,334.6384378820438
4414,45,3,14,340.9374473057096
4415,45,3,15,321.2292694036482
4416,45,3,16,330.0233256240424
4417,45,3,17,331.68364239014613
4418,45,3,18,333.01470296582346
4419,45,3,19,520.7113754715069
4420,45,3,20,352.17430185577024
4421,45,3,21,323.7690286939387
4422,45,3,22,344.09142950220354
4423,45,3,23,327.46409193843266
4424,45,3,24,349.19586960780924
4425,45,3,25,341.78465715120143
4426,45,3,26,497.79485599609114
4427,45,3,27,340.7891610281728
4428,45,3,28,323.0621531559848
4429,45,3,29,339.60671504617727
4430,45,3,30,331.05369537210976
4431,45,3,31,506.8407518971886
4432,45,3,32,318.7569314834076
4433,45,3,33,337.65513445215225
4434,45,3,34,342.5711728093911
4435,45,3,35,326.3502775169192
4436,45,3,36,322.4309490449565
4437,45,3,37,356.51948906856643
4438,45,3,38,536.1649401879355
4439,45,3,39,321.0998285490428
4440,45,3,40,347.11318118500304
4441,45,3,41,340.058937937323
4442,45,3,42,324.0956416293909
4443,45,3,43,505.0093622227029
4444,45,3,44,345.3222174502528
4445,45,3,45,325.0311782494999
4446,45,3,46,336.2598127649661
4447,45,3,47,320.2143523077807
4448,45,3,48,327.27828480011135
4449,45,3,49,319.73488257679475
4450,45,3,50,500.4476052915638
4451,45,3,51,340.4419764105034
4452,45,3,52,325.8365129452759
4453,45,3,53,328.1763648468033
4454,45,3,54,340.5410096364788
4455,45,3,55,357.50376903352077
4456,45,3,56,322.8898852481926
4457,45,3,57,347.5785484779449
4458,45,3,58,525.6132603940537
4459,45,3,59,322.62343689639516
4460,45,3,60,342.843594667972
4461,45,3,61,338.6426253701837
4462,45,3,62,385.65477092848244
4463,45,3,63,338.8470956078996
4464,45,3,64,326.0663279624004
4465,45,3,65,332.60308963100084
4466,45,3,66,327.0602956848178
4467,45,3,67,344.84492066146163
4468,45,3,68,330.72562951326074
4469,45,3,69,527.8338798327258
4470,45,3,70,527.9032763364842
4471,45,3,71,322.2326423491469
4472,45,3,72,525.7625913135205
4473,45,3,73,345.84747924303565
4474,45,3,74,346.367812987772
4475,45,3,75,523.9602703325153
4476,45,3,76,366.89913040723945
4477,45,3,77,350.97917353729093
4478,45,3,78,332.36525888833864
4479,45,3,79,335.9092960230134
4480,45,3,80,324.6359481882419
4481,45,3,81,517.0739949857858
4482,45,3,82,330.90551151439735
4483,45,3,83,349.6882366476351
4484,45,3,84,332.1056000699381
4485,45,3,85,355.6196095080623
4486,45,3,86,530.1303805400539
4487,45,3,87,319.86164471568725
4488,45,3,88,520.463095918086
4489,45,3,89,504.85951404301426
4490,45,3,90,352.06005169878273
4491,45,3,91,332.3464146026818
4492,45,3,92,326.23410733053606
4493,45,3,93,354.4421477616821
4494,45,3,94,332.8515667426695
4495,45,3,95,525.2000520402356
4496,45,3,96,345.73693403423624
4497,45,3,97,337.42698442698264
4498,45,3,98,531.5170949172382
4499,45,3,99,323.2270836532241
4500,47,1,0,86.16323607816031
4501,47,1,1,85.81234694463974
4502,47,1,2,92.77247422434195
4503,47,1,3,85.12014807355693
4504,47,1,4,86.19031794382637
4505,47,1,5,88.27375470082066
4506,47,1,6,87.38861290325883
4507,47,1,7,90.43977726498453
4508,47,1,8,91.97090410292562
4509,47,1,9,106.64527393373831
4510,47,1,10,76.44991195605503
4511,47,1,11,101.33188423023277
4512,47,1,12,86.87675170479933
4513,47,1,13,86.68811025924863
4514,47,1,14,95.02075063063108
4515,47,1,15,89.79099993658137
4516,47,1,16,96.69789829059377
4517,47,1,17,74.53596351858761
4518,47,1,18,98.17833251752714
4519,47,1,19,92.9695398380625
4520,47,1,20,90.28504161781615
4521,47,1,21,341.7361813775591
4522,47,1,22,89.63739901320078
4523,47,1,23,94.17223806084104
4524,47,1,24,75.44516871848171
4525,47,1,25,64.54779496737133
4526,47,1,26,72.5344435058101
4527,47,1,27,71.52610228831428
4528,47,1,28,95.38865067792138
4529,47,1,29,82.6654862403935
4530,47,1,30,98.60765824774909
4531,47,1,31,71.33179191671604
4532,47,1,32,63.54613197560055
4533,47,1,33,99.06616615819831
4534,47,1,34,83.90277113680241
4535,47,1,35,70.70026007262425
4536,47,1,36,92.36216491041486
4537,47,1,37,91.01344609343091
4538,47,1,38,67.45478614773764
4539,47,1,39,100.93399213899895
4540,47,1,40,82.56510536151069
4541,47,1,41,92.11549750771567
4542,47,1,42,94.23773563583873
4543,47,1,43,68.50076911385116
4544,47,1,44,97.05572378387414
4545,47,1,45,68.56890438647088
4546,47,1,46,64.46365553052019
4547,47,1,47,86.53114011482587
4548,47,1,48,75.16687713547134
4549,47,1,49,371.632095719893
4550,47,1,50,72.78919615761762
4551,47,1,51,68.67907418605945
4552,47,1,52,85.49788878049375
4553,47,1,53,82.27380732063064
4554,47,1,54,68.06542956018785
4555,47,1,55,68.55126943129748
4556,47,1,56,66.79569914034941
4557,47,1,57,72.2499218482984
4558,47,1,58,96.52809147509095
4559,47,1,59,91.11659871807917
4560,47,1,60,96.84514492571103
4561,47,1,61,86.69636081115951
4562,47,1,62,82.72519386015725
4563,47,1,63,113.61487162478949
4564,47,1,64,103.5768837653925
4565,47,1,65,74.79957302831947
4566,47,1,66,112.48970155844663
4567,47,1,67,88.994918837253
4568,47,1,68,355.89184752569605
4569,47,1,69,104.08273710776363
4570,47,1,70,63.412077687132786
4571,47,1,71,79.05891571911377
4572,47,1,72,92.08555406052984
4573,47,1,73,75.22637177114161
4574,47,1,74,115.8252647523575
4575,47,1,75,72.09026683239233
4576,47,1,76,86.54188462073962
4577,47,1,77,67.53899416889149
4578,47,1,78,90.88826083322385
4579,47,1,79,81.5673762202549
4580,47,1,80,80.9264983593942
4581,47,1,81,94.89497544727563
4582,47,1,82,78.09993415406949
4583,47,1,83,97.33001826481546
4584,47,1,84,100.68365345754127
4585,47,1,85,87.42625721583124
4586,47,1,86,73.25948877316672
4587,47,1,87,87.29603608390072
4588,47,1,88,95.68584188666121
4589,47,1,89,89.03064748370556
4590,47,1,90,389.79252502068243
4591,47,1,91,83.46641961257586
4592,47,1,92,68.2365273120169
4593,47,1,93,107.24531473245658
4594,47,1,94,95.3788171322473
4595,47,1,95,96.75975877903733
4596,47,1,96,88.96355686790923
4597,47,1,97,85.48026588056395
4598,47,1,98,103.31901951939997
4599,47,1,99,67.50181118157647
4600,47,2,0,258.7451228902789
4601,47,2,1,245.83829452046422
4602,47,2,2,276.6956714330694
4603,47,2,3,341.43718560421365
4604,47,2,4,315.78699110494273
4605,47,2,5,320.8779622102009
4606,47,2,6,343.2398195265988
4607,47,2,7,291.40331098740717
4608,47,2,8,284.1589182711716
4609,47,2,9,314.0466603900389
4610,47,2,10,300.88931970188924
4611,47,2,11,296.84404766083316
4612,47,2,12,319.37290719537066
4613,47,2,13,262.0668663876165
4614,47,2,14,263.39171786271146
4615,47,2,15,264.26173080524455
4616,47,2,16,285.79954306303324
4617,47,2,17,312.9546449981677
4618,47,2,18,254.42677675318717
4619,47,2,19,280.64212175711566
4620,47,2,20,340.16431907292366
4621,47,2,21,286.48119835007225
4622,47,2,22,265.16301562553343
4623,47,2,23,275.90109037734493
4624,47,2,24,292.2910197581389
4625,47,2,25,264.681039886436
4626,47,2,26,299.13973395340014
4627,47,2,27,280.9768409279008
4628,47,2,28,256.432987762384
4629,47,2,29,275.5025750914079
4630,47,2,30,319.5563887983204
4631,47,2,31,323.95140165991427
4632,47,2,32,263.17379632857416
4633,47,2,33,341.27410082930516
4634,47,2,34,247.6103505406935
4635,47,2,35,295.3069912226589
4636,47,2,36,254.33242307778895
4637,47,2,37,321.49556249088425
4638,47,2,38,336.9272636798653
4639,47,2,39,322.6239815106916
4640,47,2,40,261.6247368944105
4641,47,2,41,294.6118855018301
4642,47,2,42,304.6244089739283
4643,47,2,43,300.1402795780291
4644,47,2,44,262.0426052594626
4645,47,2,45,291.79636308332573
4646,47,2,46,343.6066963525758
4647,47,2,47,277.6257909549388
4648,47,2,48,266.542689632229
4649,47,2,49,274.44547965460646
4650,47,2,50,259.9094026526186
4651,47,2,51,309.89925491258487
4652,47,2,52,326.222980528561
4653,47,2,53,277.1361388260851
4654,47,2,54,286.71352404861614
4655,47,2,55,264.4377812082611
4656,47,2,56,264.61675351251125
4657,47,2,57,287.72150512745907
4658,47,2,58,268.2025687148455
4659,47,2,59,315.85692857263024
4660,47,2,60,313.7149522553493
4661,47,2,61,338.28161289232327
4662,47,2,62,315.0427686877413
4663,47,2,63,340.99616087607774
4664,47,2,64,337.9073097914193
4665,47,2,65,352.962378453495
4666,47,2,66,259.060732648719
4667,47,2,67,337.8018197490106
4668,47,2,68,322.0736265411798
4669,47,2,69,254.276783015265
4670,47,2,70,298.70986159352543
4671,47,2,71,313.026628691217
4672,47,2,72,311.703504939374
4673,47,2,73,306.8370935190959
4674,47,2,74,308.9881639051405
4675,47,2,75,261.0442447303546
4676,47,2,76,284.7386748148906
4677,47,2,77,264.0466839124072
4678,47,2,78,305.24891134866465
4679,47,2,79,278.00627024677533
4680,47,2,80,297.35599761005096
4681,47,2,81,286.0192631229365
4682,47,2,82,258.84430445098496
4683,47,2,83,296.96270398130736
4684,47,2,84,347.2738097501426
4685,47,2,85,345.7438885453813
4686,47,2,86,247.91662455400876
4687,47,2,87,333.75586631988955
4688,47,2,88,311.9689547701451
4689,47,2,89,325.1839582179256
4690,47,2,90,261.4645596881635
4691,47,2,91,246.59715438121148
4692,47,2,92,290.0953038048507
4693,47,2,93,319.0371117475441
4694,47,2,94,333.7359616968155
4695,47,2,95,261.34355845541563
4696,47,2,96,263.97498962867286
4697,47,2,97,302.2397935430433
4698,47,2,98,307.43918159165594
4699,47,2,99,298.91201876650535
4700,47,3,0,262.59403094820937
4701,47,3,1,254.29198929197455
4702,47,3,2,509.34725183094
4703,47,3,3,258.70950410114415
4704,47,3,4,483.36227298968504
4705,47,3,5,503.39329811479104
4706,47,3,6,245.14004158616297
4707,47,3,7,342.960072316627
4708,47,3,8,286.0639629376341
4709,47,3,9,263.91983068046056
4710,47,3,10,483.5285502228139
4711,47,3,11,510.8394641347812
4712,47,3,12,357.4473505435719
4713,47,3,13,242.3278331705678
4714,47,3,14,326.22861785203963
4715,47,3,15,490.8598635858898
4716,47,3,16,494.231281654337
4717,47,3,17,287.69687351622116
4718,47,3,18,341.23404208644496
4719,47,3,19,260.20146796242466
4720,47,3,20,251.8765146352219
4721,47,3,21,270.8359519315376
4722,47,3,22,317.56949999085293
4723,47,3,23,347.90251106885796
4724,47,3,24,290.0103065598238
4725,47,3,25,350.4923698350984
4726,47,3,26,243.611670755783
4727,47,3,27,360.2880393167493
4728,47,3,28,269.69538613247533
4729,47,3,29,480.757845913476
4730,47,3,30,269.89811893108333
4731,47,3,31,358.67837966354233
4732,47,3,32,293.040508870763
4733,47,3,33,304.8387851851867
4734,47,3,34,247.96857355728065
4735,47,3,35,316.8263319394353
4736,47,3,36,300.9525262368732
4737,47,3,37,285.8922428391327
4738,47,3,38,342.50593069308184
4739,47,3,39,284.91076079059127
4740,47,3,40,336.13404069614944
4741,47,3,41,287.2744606608567
4742,47,3,42,278.6458674412125
4743,47,3,43,503.69599613030243
4744,47,3,44,488.00278253524453
4745,47,3,45,280.25004849687014
4746,47,3,46,349.8212847760295
4747,47,3,47,524.9766333164754
4748,47,3,48,357.1381504583908
4749,47,3,49,496.89060667681656
4750,47,3,50,326.989848961646
4751,47,3,51,292.5067734718597
4752,47,3,52,288.19219277030595
4753,47,3,53,249.68518505594372
4754,47,3,54,331.79927092339057
4755,47,3,55,531.4416001692966
4756,47,3,56,269.32601591975595
4757,47,3,57,349.9678940057377
4758,47,3,58,503.74970260046285
4759,47,3,59,298.2777582352817
4760,47,3,60,343.87895592584124
4761,47,3,61,280.4140279607954
4762,47,3,62,534.7868709095602
4763,47,3,63,518.9261267755719
4764,47,3,64,276.08782991363296
4765,47,3,65,345.17076670678557
4766,47,3,66,310.63174163948406
4767,47,3,67,282.4789985273874
4768,47,3,68,264.4006845922199
4769,47,3,69,284.03569383455755
4770,47,3,70,349.5598344379895
4771,47,3,71,344.22556040657423
4772,47,3,72,243.7691076016691
4773,47,3,73,288.6604805134828
4774,47,3,74,253.73550920049587
4775,47,3,75,303.5179991913674
4776,47,3,76,306.2917209489992
4777,47,3,77,279.54965328210415
4778,47,3,78,247.44594469513513
4779,47,3,79,283.7527755391384
4780,47,3,80,281.21919980465486
4781,47,3,81,324.55831529738214
4782,47,3,82,344.3592573441737
4783,47,3,83,295.4471313593643
4784,47,3,84,271.08153496068036
4785,47,3,85,366.93284548428807
4786,47,3,86,284.7022852443391
4787,47,3,87,336.016573884809
4788,47,3,88,287.9617500617493
4789,47,3,89,265.2430232642509
4790,47,3,90,366.5125601474789
4791,47,3,91,516.291539282651
4792,47,3,92,374.391363791601
4793,47,3,93,251.46321533756534
4794,47,3,94,485.07628944776235
4795,47,3,95,504.8356350627403
4796,47,3,96,286.7031974472996
4797,47,3,97,284.48766989362605
4798,47,3,98,274.8041142041081
4799,47,3,99,329.1255219037846
4800,48,1,0,145.27104944428768
4801,48,1,1,103.75708042203148
4802,48,1,2,111.19764167694323
4803,48,1,3,181.63603691028618
4804,48,1,4,86.35811297213515
4805,48,1,5,91.87966076821787
4806,48,1,6,187.21738758342028
4807,48,1,7,127.57969311902461
4808,48,1,8,119.29128986089808
4809,48,1,9,158.6161492700213
4810,48,1,10,171.42192770501714
4811,48,1,11,114.73605827780274
4812,48,1,12,193.2509871251266
4813,48,1,13,73.66998981583923
4814,48,1,14,69.48054076472037
4815,48,1,15,197.87192481513927
4816,48,1,16,83.59233365598244
4817,48,1,17,123.29005630486981
4818,48,1,18,105.9937412698911
4819,48,1,19,92.58941569967847
4820,48,1,20,145.64708279228208
4821,48,1,21,184.37058435811224
4822,48,1,22,111.20833147733335
4823,48,1,23,188.21068561920413
4824,48,1,24,74.64107079358891
4825,48,1,25,82.08779125777254
4826,48,1,26,82.95892160486027
4827,48,1,27,128.26387103896516
4828,48,1,28,132.90930515519761
4829,48,1,29,148.20672821275787
4830,48,1,30,129.95643903082166
4831,48,1,31,135.18767546051853
4832,48,1,32,106.55501517673235
4833,48,1,33,102.03418419293122
4834,48,1,34,105.93919389443083
4835,48,1,35,63.871786364702224
4836,48,1,36,115.64798538866773
4837,48,1,37,114.09816609294947
4838,48,1,38,122.80224011259318
4839,48,1,39,122.88871003126975
4840,48,1,40,84.33696076441936
4841,48,1,41,182.3924736230078
4842,48,1,42,104.29725765865106
4843,48,1,43,130.72812260162598
4844,48,1,44,173.69190710639134
4845,48,1,45,218.32134488972508
4846,48,1,46,113.17181162246477
4847,48,1,47,166.7888982475804
4848,48,1,48,110.71030067976312
4849,48,1,49,176.00504066112256
4850,48,1,50,103.54969150045504
4851,48,1,51,63.86300952055733
4852,48,1,52,124.04212944189953
4853,48,1,53,89.7098544633653
4854,48,1,54,110.88195887942082
4855,48,1,55,119.97703574300088
4856,48,1,56,65.49630181262059
4857,48,1,57,129.4969800233411
4858,48,1,58,85.6582887168173
4859,48,1,59,143.78971983517948
4860,48,1,60,111.59934436233591
4861,48,1,61,116.83447037919285
4862,48,1,62,94.48169543929005
4863,48,1,63,118.33575594679125
4864,48,1,64,189.74526521895356
4865,48,1,65,76.38688828143759
4866,48,1,66,119.90206084581881
4867,48,1,67,171.5557390262095
4868,48,1,68,126.09693126846236
4869,48,1,69,78.65116643434334
4870,48,1,70,78.44174907692818
4871,48,1,71,172.02348750071098
4872,48,1,72,80.01417945916054
4873,48,1,73,110.76445897623717
4874,48,1,74,193.0902275696707
4875,48,1,75,106.66746028815575
4876,48,1,76,212.7344110733097
4877,48,1,77,126.04237942579061
4878,48,1,78,168.81221762416575
4879,48,1,79,112.7033341974303
4880,48,1,80,175.6939380416239
4881,48,1,81,189.99232846472523
4882,48,1,82,63.38936356166142
4883,48,1,83,209.8356036186532
4884,48,1,84,111.45847234890559
4885,48,1,85,125.89626819594112
4886,48,1,86,77.61701517382745
4887,48,1,87,114.17389225097607
4888,48,1,88,107.70198718384181
4889,48,1,89,121.17341650774746
4890,48,1,90,111.49909780369191
4891,48,1,91,139.85273831473364
4892,48,1,92,106.66526017677097
4893,48,1,93,119.49948937956596
4894,48,1,94,126.58718570774697
4895,48,1,95,85.4568631310369
4896,48,1,96,115.94434875594963
4897,48,1,97,112.29138430347557
4898,48,1,98,200.4758870463765
4899,48,1,99,100.46212954891034
4900,48,2,0,532.6792616619737
4901,48,2,1,518.4861565190071
4902,48,2,2,531.2075115142338
4903,48,2,3,508.91110509695676
4904,48,2,4,509.2752614607729
4905,48,2,5,450.3014203595851
4906,48,2,6,407.76820517222336
4907,48,2,7,515.8873357224888
4908,48,2,8,475.8227934341224
4909,48,2,9,459.72487727444224
4910,48,2,10,487.0935212786837
4911,48,2,11,394.513888071516
4912,48,2,12,502.0028954897543
4913,48,2,13,535.6076228374112
4914,48,2,14,410.9460398451458
4915,48,2,15,499.49413912283495
4916,48,2,16,516.4679346129878
4917,48,2,17,504.1531709427258
4918,48,2,18,454.11953957587565
4919,48,2,19,452.1841430684647
4920,48,2,20,533.7573696430778
4921,48,2,21,503.9228108679034
4922,48,2,22,492.4895604021009
4923,48,2,23,438.9129234637226
4924,48,2,24,438.3059898240943
4925,48,2,25,429.32084844500196
4926,48,2,26,503.67262732400076
4927,48,2,27,526.681660419047
4928,48,2,28,460.7766409865951
4929,48,2,29,457.88068567360745
4930,48,2,30,479.7091157055385
4931,48,2,31,501.6661506499114
4932,48,2,32,426.5553674608715
4933,48,2,33,524.0130371093597
4934,48,2,34,430.64875874482743
4935,48,2,35,512.1309207661922
4936,48,2,36,529.7686901497132
4937,48,2,37,455.29649533229815
4938,48,2,38,499.02973881163246
4939,48,2,39,400.45729559163436
4940,48,2,40,459.8609797453098
4941,48,2,41,420.8904471663968
4942,48,2,42,403.91296865097667
4943,48,2,43,391.4116868802628
4944,48,2,44,474.3042635892298
4945,48,2,45,469.9608826853073
4946,48,2,46,501.3657595700579
4947,48,2,47,522.8183916256125
4948,48,2,48,413.74657717693094
4949,48,2,49,493.4073634470063
4950,48,2,50,525.5820338334703
4951,48,2,51,410.36472113892313
4952,48,2,52,445.0131750204772
4953,48,2,53,445.6253163814384
4954,48,2,54,371.53826838361755
4955,48,2,55,477.1579828295242
4956,48,2,56,367.08614881668495
4957,48,2,57,480.4960374217217
4958,48,2,58,430.1613676447784
4959,48,2,59,400.68556453329563
4960,48,2,60,521.2880038991906
4961,48,2,61,500.35064870527907
4962,48,2,62,512.6479899405151
4963,48,2,63,404.1265196551485
4964,48,2,64,496.8745005597664
4965,48,2,65,398.4809990465794
4966,48,2,66,506.66286537512303
4967,48,2,67,444.80579089346617
4968,48,2,68,521.1891122402635
4969,48,2,69,381.7915915241663
4970,48,2,70,510.015637442162
4971,48,2,71,490.5221785954366
4972,48,2,72,511.1735023764634
4973,48,2,73,461.1984472117564
4974,48,2,74,454.3294270834011
4975,48,2,75,442.4208326991293
4976,48,2,76,532.8055657298178
4977,48,2,77,517.5664539695832
4978,48,2,78,406.72873384266677
4979,48,2,79,437.6319774614652
4980,48,2,80,508.95745702511005
4981,48,2,81,503.123561590916
4982,48,2,82,515.8712514483315
4983,48,2,83,532.0011148546355
4984,48,2,84,525.2677246889083
4985,48,2,85,403.7700266073207
4986,48,2,86,531.8590782889486
4987,48,2,87,484.91438891102564
4988,48,2,88,498.8131568314444
4989,48,2,89,408.5388301919392
4990,48,2,90,518.262542279135
4991,48,2,91,529.6149093895646
4992,48,2,92,488.8436718308214
4993,48,2,93,534.6484279253812
4994,48,2,94,515.3584076724559
4995,48,2,95,465.0969996762174
4996,48,2,96,472.9716550628363
4997,48,2,97,536.1516217880323
4998,48,2,98,507.6186299547568
4999,48,2,99,446.835326879723
5000,48,3,0,426.63858893893376
5001,48,3,1,459.5113851538172
5002,48,3,2,453.5097306074715
5003,48,3,3,488.7421172232237
5004,48,3,4,401.417632857279
5005,48,3,5,473.7112147113447
5006,48,3,6,462.35514768643407
5007,48,3,7,491.8953877615574
5008,48,3,8,435.6413118396681
5009,48,3,9,445.8981442893056
5010,48,3,10,490.4190838619365
5011,48,3,11,408.95484282779387
5012,48,3,12,413.86521520448025
5013,48,3,13,495.57993880199683
5014,48,3,14,490.83137234614816
5015,48,3,15,413.8759291599991
5016,48,3,16,502.36483455612887
5017,48,3,17,451.28925318447403
5018,48,3,18,452.72696472603246
5019,48,3,19,467.3563524440491
5020,48,3,20,457.7271303407799
5021,48,3,21,464.61465666279673
5022,48,3,22,410.85692567404544
5023,48,3,23,481.0358970966322
5024,48,3,24,424.3618734365972
5025,48,3,25,453.6491727696603
5026,48,3,26,503.0361386784834
5027,48,3,27,495.6246938653122
5028,48,3,28,434.19270289552816
5029,48,3,29,441.7998633665056
5030,48,3,30,460.2017273174048
5031,48,3,31,469.1006918141207
5032,48,3,32,487.0826249125467
5033,48,3,33,394.86552748690104
5034,48,3,34,473.3851641483335
5035,48,3,35,471.01549390865
5036,48,3,36,410.4875674832869
5037,48,3,37,495.43023697151625
5038,48,3,38,437.85915496998217
5039,48,3,39,415.3685906776568
5040,48,3,40,472.2235569466344
5041,48,3,41,461.5167564022076
5042,48,3,42,427.52623184554875
5043,48,3,43,484.39456716206126
5044,48,3,44,454.6777942426145
5045,48,3,45,456.90700635883235
5046,48,3,46,442.75280392728484
5047,48,3,47,461.0161253478205
5048,48,3,48,495.1806154711206
5049,48,3,49,445.7543374575948
5050,48,3,50,488.00006186130986
5051,48,3,51,454.17859888823773
5052,48,3,52,423.1993508214651
5053,48,3,53,406.76481949860926
5054,48,3,54,434.1538208546128
5055,48,3,55,490.7969698113728
5056,48,3,56,436.57860756615963
5057,48,3,57,451.4685473509932
5058,48,3,58,462.07400567659363
5059,48,3,59,410.1378183571757
5060,48,3,60,439.86277534206965
5061,48,3,61,433.79551910567665
5062,48,3,62,488.8388649962931
5063,48,3,63,451.69681914539035
5064,48,3,64,407.4683649889323
5065,48,3,65,413.6841132135557
5066,48,3,66,457.5342674237889
5067,48,3,67,435.59738914736
5068,48,3,68,446.3492525073248
5069,48,3,69,464.493547376114
5070,48,3,70,453.1783747252734
5071,48,3,71,454.7410341731016
5072,48,3,72,491.26426738501493
5073,48,3,73,450.9559601607262
5074,48,3,74,407.19455646040865
5075,48,3,75,480.5304605469215
5076,48,3,76,436.7990196049599
5077,48,3,77,488.6438812688152
5078,48,3,78,491.0804319886884
5079,48,3,79,429.7934581572345
5080,48,3,80,470.4477421141696
5081,48,3,81,483.38313580377644
5082,48,3,82,455.0991326218352
5083,48,3,83,427.98094668926956
5084,48,3,84,435.8779087822221
5085,48,3,85,409.4488714377443
5086,48,3,86,475.48813175551066
5087,48,3,87,435.0523697631016
5088,48,3,88,483.2513113359445
5089,48,3,89,446.8259986081928
5090,48,3,90,461.3099642277764
5091,48,3,91,424.98138622886165
5092,48,3,92,403.04075354774125
5093,48,3,93,460.7624047502269
5094,48,3,94,417.39179840940653
5095,48,3,95,437.40132804385786
5096,48,3,96,463.1258045639345
5097,48,3,97,422.7467226578152
5098,48,3,98,440.95003995743036
5099,48,3,99,440.6075687439548
5100,50,1,0,105.79550392711072
5101,50,1,1,165.94259662273828
5102,50,1,2,93.76498879355742
5103,50,1,3,190.07330518171173
5104,50,1,4,122.8239091602112
5105,50,1,5,163.9471138388639
5106,50,1,6,123.50526216140636
5107,50,1,7,64.72997117725814
5108,50,1,8,109.17593404554069
5109,50,1,9,98.06426365460314
5110,50,1,10,143.38193785485254
5111,50,1,11,115.20009352005843
5112,50,1,12,144.7217374965189
5113,50,1,13,165.31394455199015
5114,50,1,14,134.03439755904378
5115,50,1,15,83.05999844694513
5116,50,1,16,176.77778026682012
5117,50,1,17,92.48249219604031
5118,50,1,18,80.63972832736432
5119,50,1,19,141.53648797865
5120,50,1,20,115.64369867798075
5121,50,1,21,66.32836329819324
5122,50,1,22,161.3854616125982
5123,50,1,23,155.76392181882306
5124,50,1,24,82.07509722559342
5125,50,1,25,92.33834671228828
5126,50,1,26,99.7713599009319
5127,50,1,27,91.63378824261889
5128,50,1,28,145.46098265675116
5129,50,1,29,137.68319637063703
5130,50,1,30,96.06409878992955
5131,50,1,31,157.92397054277816
5132,50,1,32,130.5548893925729
5133,50,1,33,109.9701434920788
5134,50,1,34,67.88032031925228
5135,50,1,35,78.34724689932573
5136,50,1,36,123.79578281441574
5137,50,1,37,158.09142092117995
5138,50,1,38,133.60555123187476
5139,50,1,39,87.18265203677863
5140,50,1,40,102.96745172449214
5141,50,1,41,117.0178369235215
5142,50,1,42,82.0997496203121
5143,50,1,43,76.24157319197855
5144,50,1,44,143.1792559997375
5145,50,1,45,137.04251324977145
5146,50,1,46,149.883304759372
5147,50,1,47,148.08595380829087
5148,50,1,48,158.76231862073666
5149,50,1,49,78.05484347171404
5150,50,1,50,79.19923061270903
5151,50,1,51,119.78105134546159
5152,50,1,52,66.39463811575978
5153,50,1,53,65.64243666834393
5154,50,1,54,94.63368230998434
5155,50,1,55,92.46731416267117
5156,50,1,56,122.4777488568232
5157,50,1,57,154.65617106517252
5158,50,1,58,118.0793281973101
5159,50,1,59,98.05644409456212
5160,50,1,60,91.90962557656218
5161,50,1,61,121.16970929864566
5162,50,1,62,155.24849190585158
5163,50,1,63,135.13018171558969
5164,50,1,64,115.966351690343
5165,50,1,65,102.64171476765412
5166,50,1,66,79.34649886177053
5167,50,1,67,160.62540317753758
5168,50,1,68,96.39476688592829
5169,50,1,69,99.82250189040032
5170,50,1,70,115.26892066657798
5171,50,1,71,145.94592553520252
5172,50,1,72,145.00842767383477
5173,50,1,73,162.4625681428862
5174,50,1,74,125.74553552570146
5175,50,1,75,91.72418078395849
5176,50,1,76,76.40527340333712
5177,50,1,77,128.56637138289062
5178,50,1,78,89.09971527157597
5179,50,1,79,139.20603216210696
5180,50,1,80,153.39127615023594
5181,50,1,81,85.60038223509108
5182,50,1,82,127.11399360509994
5183,50,1,83,154.22345498878022
5184,50,1,84,169.975288714602
5185,50,1,85,154.00554737543607
5186,50,1,86,87.29224925139042
5187,50,1,87,166.46795705865355
5188,50,1,88,72.76319508820049
5189,50,1,89,113.03436126678282
5190,50,1,90,123.46290180961378
5191,50,1,91,147.0359505552407
5192,50,1,92,112.38481249079878
5193,50,1,93,106.69287156312433
5194,50,1,94,113.34549372907077
5195,50,1,95,179.68755864680526
5196,50,1,96,113.82173268388912
5197,50,1,97,97.85214152841048
5198,50,1,98,117.90930478776326
5199,50,1,99,140.62214704478973
5200,50,2,0,392.00409446338256
5201,50,2,1,186.68351746695998
5202,50,2,2,499.7244273990913
5203,50,2,3,366.26793950126574
5204,50,2,4,369.01269660300613
5205,50,2,5,148.19111766699814
5206,50,2,6,387.54590248602653
5207,50,2,7,446.45935770714175
5208,50,2,8,206.09660339710462
5209,50,2,9,375.901561120731
5210,50,2,10,359.1597063143386
5211,50,2,11,391.1690492698536
5212,50,2,12,366.69050143099145
5213,50,2,13,374.0285861176761
5214,50,2,14,379.24630310661144
5215,50,2,15,360.0531594606751
5216,50,2,16,205.71250356787294
5217,50,2,17,376.6142970095923
5218,50,2,18,470.9903664491347
5219,50,2,19,370.22404966981424
5220,50,2,20,409.46105861360735
5221,50,2,21,399.01127963600305
5222,50,2,22,368.8023626370543
5223,50,2,23,214.82525657315168
5224,50,2,24,365.7075566867123
5225,50,2,25,385.17692727975077
5226,50,2,26,377.9583826666904
5227,50,2,27,374.91679563192514
5228,50,2,28,371.2664319655223
5229,50,2,29,374.7374606881993
5230,50,2,30,367.4245800313298
5231,50,2,31,375.65547311792113
5232,50,2,32,372.9935602491476
5233,50,2,33,391.70150182003755
5234,50,2,34,208.85015296992304
5235,50,2,35,369.8948527910427
5236,50,2,36,205.60256395026292
5237,50,2,37,384.084431654199
5238,50,2,38,370.481001312814
5239,50,2,39,374.5580609803325
5240,50,2,40,371.2058558435269
5241,50,2,41,377.2702222279401
5242,50,2,42,383.20088724175184
5243,50,2,43,373.2644942588482
5244,50,2,44,366.56304446149704
5245,50,2,45,396.48400889809744
5246,50,2,46,386.5153901232966
5247,50,2,47,374.7164360460164
5248,50,2,48,371.487339046502
5249,50,2,49,372.7893782622027
5250,50,2,50,219.71476341936304
5251,50,2,51,369.1879393110427
5252,50,2,52,378.6805047608408
5253,50,2,53,376.23364256508574
5254,50,2,54,388.92505658724565
5255,50,2,55,189.06371436134174
5256,50,2,56,370.414607458515
5257,50,2,57,371.32242517192583
5258,50,2,58,375.3525699615408
5259,50,2,59,373.0669814832372
5260,50,2,60,395.74685058657167
5261,50,2,61,379.5259027305394
5262,50,2,62,375.5638597235984
5263,50,2,63,201.7039490917779
5264,50,2,64,375.6172291433955
5265,50,2,65,448.85647799108807
5266,50,2,66,384.64892764584505
5267,50,2,67,401.5506805231095
5268,50,2,68,390.12066872599223
5269,50,2,69,377.45447292025517
5270,50,2,70,392.6685796409997
5271,50,2,71,441.8113151520228
5272,50,2,72,375.26086217125015
5273,50,2,73,373.6742939804549
5274,50,2,74,377.98667920242326
5275,50,2,75,392.22199480090285
5276,50,2,76,88.72745545845298
5277,50,2,77,369.19852667420406
5278,50,2,78,376.3057361914149
5279,50,2,79,375.92881774977525
5280,50,2,80,407.1056772866264
5281,50,2,81,373.70881236416136
5282,50,2,82,391.9953336123734
5283,50,2,83,441.8901231866183
5284,50,2,84,372.9547023979876
5285,50,2,85,368.5197168412087
5286,50,2,86,373.91535910428826
5287,50,2,87,373.7452925145253
5288,50,2,88,369.97650266210246
5289,50,2,89,375.6635838414851
5290,50,2,90,398.4764813748072
5291,50,2,91,406.0000962652877
5292,50,2,92,368.7445345516791
5293,50,2,93,202.27537121211603
5294,50,2,94,371.39117624499727
5295,50,2,95,401.4895777294374
5296,50,2,96,383.4363087445314
5297,50,2,97,124.41494414267991
5298,50,2,98,390.47933365554053
5299,50,2,99,207.2115326387815
5300,50,3,0,203.45895173334873
5301,50,3,1,372.5261310043678
5302,50,3,2,370.43061060992164
5303,50,3,3,87.28481415895799
5304,50,3,4,372.05278499135164
5305,50,3,5,81.62044113590814
5306,50,3,6,169.14135481698818
5307,50,3,7,191.70666805105776
5308,50,3,8,205.8633209375671
5309,50,3,9,498.05281713318743
5310,50,3,10,377.1579561718583
5311,50,3,11,147.51636651301718
5312,50,3,12,375.7094536208075
5313,50,3,13,472.27861619980325
5314,50,3,14,201.39309419456407
5315,50,3,15,517.7506082990288
5316,50,3,16,397.2979879426524
5317,50,3,17,406.1393567014216
5318,50,3,18,360.1482778472208
5319,50,3,19,207.92358220069073
5320,50,3,20,535.2164073674135
5321,50,3,21,198.98153321041715
5322,50,3,22,529.8218723008723
5323,50,3,23,360.09561958407556
5324,50,3,24,391.1965732779495
5325,50,3,25,376.5399740806345
5326,50,3,26,201.50417236947712
5327,50,3,27,375.5757961293732
5328,50,3,28,359.1067848276913
5329,50,3,29,157.08913889393017
5330,50,3,30,386.7997579759293
5331,50,3,31,372.8195535009525
5332,50,3,32,212.95410862633815
5333,50,3,33,373.2977358899746
5334,50,3,34,526.4687406830126
5335,50,3,35,203.23650777042295
5336,50,3,36,368.18365733675046
5337,50,3,37,205.39055014820622
5338,50,3,38,369.96450322552505
5339,50,3,39,105.35878506941539
5340,50,3,40,393.35183889539917
5341,50,3,41,372.9103668109674
5342,50,3,42,372.0702658035375
5343,50,3,43,375.63923242843157
5344,50,3,44,371.0429983913875
5345,50,3,45,378.8127254091239
5346,50,3,46,350.7092642293155
5347,50,3,47,362.25335940804183
5348,50,3,48,181.8283368095469
5349,50,3,49,389.1310394494983
5350,50,3,50,207.61133465207
5351,50,3,51,66.24717247553356
5352,50,3,52,484.3433916744948
5353,50,3,53,367.5345055174071
5354,50,3,54,206.58540313654785
5355,50,3,55,370.007814403118
5356,50,3,56,160.73128964474148
5357,50,3,57,206.02207652708594
5358,50,3,58,119.73055325614934
5359,50,3,59,455.8982918832065
5360,50,3,60,374.90147682319855
5361,50,3,61,354.7144829366011
5362,50,3,62,357.9787097791469
5363,50,3,63,372.7552521243847
5364,50,3,64,131.78824820857673
5365,50,3,65,374.59398569740557
5366,50,3,66,68.98273110716259
5367,50,3,67,129.5159687410509
5368,50,3,68,378.41370036021857
5369,50,3,69,358.0318399110181
5370,50,3,70,498.82757792344364
5371,50,3,71,135.71117208919046
5372,50,3,72,508.32872724489084
5373,50,3,73,517.4547334263086
5374,50,3,74,373.8952755496027
5375,50,3,75,375.0932501557381
5376,50,3,76,177.79803141470103
5377,50,3,77,194.54994868830812
5378,50,3,78,527.1553412961189
5379,50,3,79,527.3853120328014
5380,50,3,80,160.67995613687177
5381,50,3,81,178.98472715944803
5382,50,3,82,514.2906348548426
5383,50,3,83,530.4654680642731
5384,50,3,84,211.089345027378
5385,50,3,85,202.78371513128107
5386,50,3,86,373.98987478823256
5387,50,3,87,370.5827162256124
5388,50,3,88,376.9115316048665
5389,50,3,89,179.5330062122242
5390,50,3,90,188.98055886335817
5391,50,3,91,394.09624581216
5392,50,3,92,374.4689867997696
5393,50,3,93,375.8579874840198
5394,50,3,94,534.7014087434399
5395,50,3,95,509.40553083899607
5396,50,3,96,166.35513028919456
5397,50,3,97,536.3746966587871
5398,50,3,98,105.64340841621329
5399,50,3,99,535.3528231848428
5400,56,1,0,69.35857001251277
5401,56,1,1,72.70747616882073
5402,56,1,2,76.90363460465127
5403,56,1,3,269.71134330107776
5404,56,1,4,105.40770491886511
5405,56,1,5,103.36127831535657
5406,56,1,6,138.23806097559392
5407,56,1,7,110.36963077846396
5408,56,1,8,96.78566477445392
5409,56,1,9,89.59183250008893
5410,56,1,10,253.89801591307128
5411,56,1,11,86.47643198463024
5412,56,1,12,70.60141698205764
5413,56,1,13,224.23052363721268
5414,56,1,14,86.92349790169665
5415,56,1,15,72.98580639259306
5416,56,1,16,106.04984216644678
5417,56,1,17,75.28058365477708
5418,56,1,18,69.76413151755739
5419,56,1,19,217.04225112875483
5420,56,1,20,67.62664418834952
5421,56,1,21,85.78850081690995
5422,56,1,22,86.48363368720653
5423,56,1,23,109.2219998970765
5424,56,1,24,85.77038164691488
5425,56,1,25,97.5667190604878
5426,56,1,26,92.3372850747204
5427,56,1,27,83.61057305282324
5428,56,1,28,96.86531113446405
5429,56,1,29,104.66238768573619
5430,56,1,30,109.85922821495775
5431,56,1,31,98.23088631069407
5432,56,1,32,105.52825044688686
5433,56,1,33,227.10891924836238
5434,56,1,34,114.98412578866125
5435,56,1,35,94.43235389404488
5436,56,1,36,76.60556738944318
5437,56,1,37,248.70813979575846
5438,56,1,38,107.54140306089408
5439,56,1,39,68.47243168469019
5440,56,1,40,99.74716356271176
5441,56,1,41,92.60478593389774
5442,56,1,42,134.95059459749103
5443,56,1,43,81.82371796864363
5444,56,1,44,68.0331285174145
5445,56,1,45,103.28812528754135
5446,56,1,46,101.14088750024511
5447,56,1,47,234.95894136446555
5448,56,1,48,105.67743691345734
5449,56,1,49,83.98162617629707
5450,56,1,50,111.67307810610723
5451,56,1,51,64.84955687049809
5452,56,1,52,119.96124903039296
5453,56,1,53,105.84474744234028
5454,56,1,54,253.8033164235093
5455,56,1,55,96.82610522227223
5456,56,1,56,83.91945653796557
5457,56,1,57,101.33276562765802
5458,56,1,58,76.07472125325326
5459,56,1,59,226.31751577720692
5460,56,1,60,216.8996469028373
5461,56,1,61,244.11970186199346
5462,56,1,62,89.97529262789966
5463,56,1,63,96.84350245815939
5464,56,1,64,97.08725660606075
5465,56,1,65,68.50744746790946
5466,56,1,66,106.3817412594694
5467,56,1,67,95.11956149249112
5468,56,1,68,95.01733013208055
5469,56,1,69,227.7602237427368
5470,56,1,70,108.2220469778296
5471,56,1,71,109.23183658918866
5472,56,1,72,97.60505304120836
5473,56,1,73,251.83319052790839
5474,56,1,74,106.58867628209066
5475,56,1,75,242.48854974540995
5476,56,1,76,101.32247517295899
5477,56,1,77,76.78230261149534
5478,56,1,78,72.93783713032003
5479,56,1,79,66.34641676264705
5480,56,1,80,71.3008363647455
5481,56,1,81,85.96375964955494
5482,56,1,82,239.1313865191432
5483,56,1,83,256.4282959861422
5484,56,1,84,83.92052773445468
5485,56,1,85,249.0842860952984
5486,56,1,86,125.12054538012417
5487,56,1,87,99.81470989541947
5488,56,1,88,99.34550645247904
5489,56,1,89,91.53608853314323
5490,56,1,90,258.6188990117442
5491,56,1,91,251.86301359645677
5492,56,1,92,77.97616862104717
5493,56,1,93,224.74286978181874
5494,56,1,94,102.28852117500227
5495,56,1,95,226.85772574152415
5496,56,1,96,107.0795420436447
5497,56,1,97,91.13766945011764
5498,56,1,98,100.68620242464375
5499,56,1,99,92.22385335774702
5500,56,2,0,443.30138721598655
5501,56,2,1,476.88636301569846
5502,56,2,2,530.0920693980796
5503,56,2,3,516.7964666084844
5504,56,2,4,487.62574210709545
5505,56,2,5,496.0486822489844
5506,56,2,6,389.5659434645942
5507,56,2,7,412.84754952744794
5508,56,2,8,405.63758426219135
5509,56,2,9,503.4370288858183
5510,56,2,10,533.9364435266638
5511,56,2,11,478.7931503900552
5512,56,2,12,536.3685868163353
5513,56,2,13,424.4331338437931
5514,56,2,14,490.9990566713367
5515,56,2,15,414.0551601733221
5516,56,2,16,428.1947947614469
5517,56,2,17,528.9236637271788
5518,56,2,18,439.1062077182344
5519,56,2,19,460.5991454246273
5520,56,2,20,535.4315874247327
5521,56,2,21,445.6655952835065
5522,56,2,22,512.1679936620322
5523,56,2,23,412.46372218694023
5524,56,2,24,501.7045712179863
5525,56,2,25,520.9695730002502
5526,56,2,26,501.37926273790964
5527,56,2,27,534.3764732963623
5528,56,2,28,391.6314179011477
5529,56,2,29,506.7666111633051
5530,56,2,30,523.3667517060295
5531,56,2,31,483.3671306656585
5532,56,2,32,528.8318138150796
5533,56,2,33,520.75086694826
5534,56,2,34,426.4798107320057
5535,56,2,35,535.2494337368669
5536,56,2,36,390.33120890465665
5537,56,2,37,472.66798322340503
5538,56,2,38,375.10359369436344
5539,56,2,39,398.5744683996494
5540,56,2,40,384.5105298920252
5541,56,2,41,524.1136144257047
5542,56,2,42,435.04049414482597
5543,56,2,43,501.78628352753367
5544,56,2,44,414.98248310740786
5545,56,2,45,466.53981102388195
5546,56,2,46,394.8804118474597
5547,56,2,47,422.6199327334747
5548,56,2,48,527.9121461642159
5549,56,2,49,434.7458470442238
5550,56,2,50,378.38979912231855
5551,56,2,51,483.404295705678
5552,56,2,52,498.9755462351892
5553,56,2,53,448.43909068901746
5554,56,2,54,459.30820286971203
5555,56,2,55,396.4545732115518
5556,56,2,56,371.81845016650755
5557,56,2,57,531.9139400269071
5558,56,2,58,440.05454605038295
5559,56,2,59,454.6894181852452
5560,56,2,60,486.1301132640537
5561,56,2,61,395.3934163076955
5562,56,2,62,496.91412477754125
5563,56,2,63,411.902115528261
5564,56,2,64,453.5591226723456
5565,56,2,65,373.1151685263358
5566,56,2,66,455.25083872788395
5567,56,2,67,466.72004551264007
5568,56,2,68,443.65672795408926
5569,56,2,69,535.7658063372904
5570,56,2,70,471.68469192394247
5571,56,2,71,521.1059700050174
5572,56,2,72,447.1683123202322
5573,56,2,73,384.44736460548813
5574,56,2,74,395.9428790588506
5575,56,2,75,516.2455019108846
5576,56,2,76,449.6948306781765
5577,56,2,77,510.6639399022202
5578,56,2,78,443.9585290086003
5579,56,2,79,479.6773666777334
5580,56,2,80,476.30196406687094
5581,56,2,81,372.47765758083875
5582,56,2,82,530.2922178915944
5583,56,2,83,437.466855642227
5584,56,2,84,463.404717297505
5585,56,2,85,453.1475288340267
5586,56,2,86,454.0630972194237
5587,56,2,87,370.51759180569667
5588,56,2,88,438.66830215544826
5589,56,2,89,530.6946727024657
5590,56,2,90,378.8573928453153
5591,56,2,91,506.8197214726546
5592,56,2,92,462.0817267314314
5593,56,2,93,453.5933568594864
5594,56,2,94,525.7816579774006
5595,56,2,95,488.18295473867215
5596,56,2,96,419.2477563445683
5597,56,2,97,497.2558225763305
5598,56,2,98,531.0675394443448
5599,56,2,99,507.6110721925583
5600,56,3,0,456.3517022063056
5601,56,3,1,487.7998526046702
5602,56,3,2,396.2825659386087
5603,56,3,3,454.825771273536
5604,56,3,4,464.5961291235759
5605,56,3,5,401.55587542981687
5606,56,3,6,487.7408740336421
5607,56,3,7,495.249704527602
5608,56,3,8,489.4698855343424
5609,56,3,9,464.1056604599307
5610,56,3,10,431.3799008279279
5611,56,3,11,416.8197206767828
5612,56,3,12,461.5095727797377
5613,56,3,13,403.35985787014374
5614,56,3,14,457.01864702886917
5615,56,3,15,423.1980707130441
5616,56,3,16,488.48299969255197
5617,56,3,17,495.8118505688982
5618,56,3,18,413.15990533447143
5619,56,3,19,488.5482606069297
5620,56,3,20,461.63968500603215
5621,56,3,21,460.3135650812727
5622,56,3,22,488.7998623585977
5623,56,3,23,442.3318425164242
5624,56,3,24,416.6094313159712
5625,56,3,25,468.3303696963931
5626,56,3,26,406.1539296319326
5627,56,3,27,455.00245455088077
5628,56,3,28,417.0902715990732
5629,56,3,29,421.9279730671921
5630,56,3,30,456.88640222707704
5631,56,3,31,426.7027005406481
5632,56,3,32,443.8443152352531
5633,56,3,33,401.66986925518296
5634,56,3,34,434.79080110574654
5635,56,3,35,432.712796319866
5636,56,3,36,444.1523125800764
5637,56,3,37,422.408347906135
5638,56,3,38,430.2847308429653
5639,56,3,39,443.12944638492877
5640,56,3,40,454.0066283422281
5641,56,3,41,409.8755113026562
5642,56,3,42,426.3669157674846
5643,56,3,43,454.0057951560447
5644,56,3,44,417.04089750062906
5645,56,3,45,434.67956511990855
5646,56,3,46,444.2942206407922
5647,56,3,47,406.75970031826245
5648,56,3,48,430.9660046219134
5649,56,3,49,396.67103779980164
5650,56,3,50,488.4613362806687
5651,56,3,51,395.2158838193273
5652,56,3,52,445.64385297317534
5653,56,3,53,462.8758010399661
5654,56,3,54,460.9142819260427
5655,56,3,55,484.6938945927757
5656,56,3,56,466.11075727871884
5657,56,3,57,451.36133220237207
5658,56,3,58,455.7388658834269
5659,56,3,59,490.09225686291194
5660,56,3,60,474.3200935194098
5661,56,3,61,459.04867841156465
5662,56,3,62,471.6454833822183
5663,56,3,63,424.37590410845655
5664,56,3,64,401.1738709476589
5665,56,3,65,495.5632329232525
5666,56,3,66,447.1676504081069
5667,56,3,67,487.10810820225646
5668,56,3,68,406.16114079337
5669,56,3,69,488.2673457436264
5670,56,3,70,472.91874263763924
5671,56,3,71,453.606110544625
5672,56,3,72,501.3113128699461
5673,56,3,73,414.20733512774746
5674,56,3,74,421.9430821086046
5675,56,3,75,480.0795667597482
5676,56,3,76,489.3159527926308
5677,56,3,77,442.85144575592005
5678,56,3,78,432.58445441250706
5679,56,3,79,447.780190737246
5680,56,3,80,424.0092250527211
5681,56,3,81,473.5842338320697
5682,56,3,82,473.52325723865385
5683,56,3,83,458.4874602846688
5684,56,3,84,466.8132212032088
5685,56,3,85,410.3815925770729
5686,56,3,86,488.12738496757515
5687,56,3,87,494.304656214839
5688,56,3,88,449.2628976740382
5689,56,3,89,430.9434841277753
5690,56,3,90,396.3924620423641
5691,56,3,91,480.1842343500932
5692,56,3,92,453.99453370810016
5693,56,3,93,453.37607714501974
5694,56,3,94,401.7866469989222
5695,56,3,95,449.5666677745984
5696,56,3,96,403.3422005405592
5697,56,3,97,434.87070168642265
5698,56,3,98,454.80276984039676
5699,56,3,99,430.1733643401366
5700,59,1,0,388.33506890385854
5701,59,1,1,63.38386216644687
5702,59,1,2,343.5238822255941
5703,59,1,3,400.3028676733125
5704,59,1,4,278.77102553774944
5705,59,1,5,311.7916986928571
5706,59,1,6,307.7913057060959
5707,59,1,7,296.4197736812592
5708,59,1,8,223.79631787437876
5709,59,1,9,419.46955646322436
5710,59,1,10,63.27461645783353
5711,59,1,11,294.98852516780295
5712,59,1,12,289.9064912948221
5713,59,1,13,292.10711527012734
5714,59,1,14,77.3746147301348
5715,59,1,15,375.00975945748263
5716,59,1,16,68.41986057255134
5717,59,1,17,351.93675005626056
5718,59,1,18,340.8830319659816
5719,59,1,19,316.93798286301245
5720,59,1,20,66.04605354046372
5721,59,1,21,301.00728611762685
5722,59,1,22,135.11917205390245
5723,59,1,23,306.8397709452955
5724,59,1,24,354.19544045055216
5725,59,1,25,71.40556739662422
5726,59,1,26,66.74258654486007
5727,59,1,27,447.9485854608894
5728,59,1,28,338.0361064250234
5729,59,1,29,369.4703194631017
5730,59,1,30,141.8081329911727
5731,59,1,31,67.61722257904616
5732,59,1,32,443.2253371127618
5733,59,1,33,122.20276176957633
5734,59,1,34,362.1234910242032
5735,59,1,35,124.23566209230626
5736,59,1,36,260.7448009496626
5737,59,1,37,79.72348286833305
5738,59,1,38,326.2117143241039
5739,59,1,39,113.33856500522813
5740,59,1,40,267.0613423575254
5741,59,1,41,69.58731617062236
5742,59,1,42,77.21482751294772
5743,59,1,43,333.46564706088225
5744,59,1,44,300.7359796711235
5745,59,1,45,424.56963832429744
5746,59,1,46,334.19563610360257
5747,59,1,47,292.6096766437166
5748,59,1,48,297.79902421830315
5749,59,1,49,67.30718061941423
5750,59,1,50,112.00179539697425
5751,59,1,51,318.48462141017825
5752,59,1,52,341.62751649272764
5753,59,1,53,320.2478656501153
5754,59,1,54,274.8536626565687
5755,59,1,55,255.98900005721163
5756,59,1,56,86.68273006853009
5757,59,1,57,70.77659007407921
5758,59,1,58,312.8068821578711
5759,59,1,59,70.19812494513845
5760,59,1,60,78.59309450936529
5761,59,1,61,132.811556104771
5762,59,1,62,450.1470209788304
5763,59,1,63,323.0690250067618
5764,59,1,64,247.09002622804132
5765,59,1,65,80.59802701077578
5766,59,1,66,409.55926820238636
5767,59,1,67,231.55821610471133
5768,59,1,68,421.80005893170824
5769,59,1,69,78.82028240976419
5770,59,1,70,72.20948297179659
5771,59,1,71,125.77912885142565
5772,59,1,72,472.0984262410864
5773,59,1,73,272.796394193389
5774,59,1,74,72.79348029977231
5775,59,1,75,322.74526524017983
5776,59,1,76,307.974816788982
5777,59,1,77,488.676211588374
5778,59,1,78,278.30132699156746
5779,59,1,79,314.57065702551944
5780,59,1,80,277.77273665919023
5781,59,1,81,73.32234720750954
5782,59,1,82,378.40336681318587
5783,59,1,83,271.97969362942933
5784,59,1,84,334.1914145510578
5785,59,1,85,153.35786700369275
5786,59,1,86,368.2825971939019
5787,59,1,87,360.75079311245037
5788,59,1,88,284.4342539131652
5789,59,1,89,359.72896245990796
5790,59,1,90,317.1590265289308
5791,59,1,91,364.5151007045871
5792,59,1,92,262.32298370091763
5793,59,1,93,367.74334678889704
5794,59,1,94,122.2315226239367
5795,59,1,95,386.6214656111485
5796,59,1,96,399.13460476295086
5797,59,1,97,293.9455992531613
5798,59,1,98,80.70329713897829
5799,59,1,99,447.46593359453374
5800,59,2,0,259.9721193382167
5801,59,2,1,291.550807004562
5802,59,2,2,338.7793597627059
5803,59,2,3,267.96994316256695
5804,59,2,4,317.8833950073868
5805,59,2,5,262.40211634221856
5806,59,2,6,294.3447880274812
5807,59,2,7,294.40849951636795
5808,59,2,8,290.37952419759637
5809,59,2,9,324.65746360018164
5810,59,2,10,264.98867360971064
5811,59,2,11,288.4011870238031
5812,59,2,12,278.1323300439867
5813,59,2,13,340.14186587938053
5814,59,2,14,291.4812001554712
5815,59,2,15,275.12990040425376
5816,59,2,16,334.61216920714935
5817,59,2,17,315.5776905767275
5818,59,2,18,274.07937124308853
5819,59,2,19,275.15925880270004
5820,59,2,20,277.56556389602855
5821,59,2,21,301.2576871645184
5822,59,2,22,335.92100283155094
5823,59,2,23,280.4590416870458
5824,59,2,24,261.88031208738596
5825,59,2,25,309.5721148423294
5826,59,2,26,314.5302653774351
5827,59,2,27,284.3885999709252
5828,59,2,28,352.6740727307652
5829,59,2,29,282.70314539453386
5830,59,2,30,301.1735681665804
5831,59,2,31,303.98787542484575
5832,59,2,32,338.3597079549221
5833,59,2,33,247.6488484845937
5834,59,2,34,296.4498006003551
5835,59,2,35,306.3523567805318
5836,59,2,36,297.7488850655431
5837,59,2,37,331.34133139553927
5838,59,2,38,315.7257996911608
5839,59,2,39,352.4576342993927
5840,59,2,40,323.9039068580904
5841,59,2,41,297.7889084438662
5842,59,2,42,335.06759862745514
5843,59,2,43,335.50689234458275
5844,59,2,44,253.1763422929443
5845,59,2,45,331.8606692950307
5846,59,2,46,338.0735316395246
5847,59,2,47,279.60667432431137
5848,59,2,48,295.6515107015741
5849,59,2,49,306.21210182726156
5850,59,2,50,336.2068103150396
5851,59,2,51,338.8582912683915
5852,59,2,52,335.93163682219176
5853,59,2,53,288.2089133710468
5854,59,2,54,246.36700539226106
5855,59,2,55,289.06493465309046
5856,59,2,56,312.0780817931237
5857,59,2,57,287.7397210134759
5858,59,2,58,308.42780572638424
5859,59,2,59,295.4461767448117
5860,59,2,60,345.8353599769809
5861,59,2,61,314.41800275604936
5862,59,2,62,279.7804808668346
5863,59,2,63,307.21826013318224
5864,59,2,64,281.56572107525585
5865,59,2,65,286.8979712054848
5866,59,2,66,335.5234587297137
5867,59,2,67,303.2464425572781
5868,59,2,68,312.2993743825482
5869,59,2,69,300.0556171587147
5870,59,2,70,261.5081774466863
5871,59,2,71,347.01837891481233
5872,59,2,72,338.3948143192548
5873,59,2,73,289.87057143195335
5874,59,2,74,305.59770897676066
5875,59,2,75,278.0836802220915
5876,59,2,76,317.9687434578123
5877,59,2,77,267.7299617656881
5878,59,2,78,314.2445015317029
5879,59,2,79,260.47573094959756
5880,59,2,80,278.3228612754008
5881,59,2,81,276.45864817994095
5882,59,2,82,265.20123953039234
5883,59,2,83,308.5402117030035
5884,59,2,84,306.97058022050345
5885,59,2,85,246.60621279793054
5886,59,2,86,312.6737253717911
5887,59,2,87,291.2198144794405
5888,59,2,88,321.5699209132937
5889,59,2,89,298.1121825884244
5890,59,2,90,354.1595745541732
5891,59,2,91,324.16662600870643
5892,59,2,92,311.41940831911876
5893,59,2,93,247.77410635172333
5894,59,2,94,274.5090974099724
5895,59,2,95,280.38002194068906
5896,59,2,96,313.2371718755386
5897,59,2,97,308.55598063382905
5898,59,2,98,313.9647354498308
5899,59,2,99,345.8621958102928
5900,59,3,0,331.0906102744581
5901,59,3,1,377.97969861703484
5902,59,3,2,325.7677006672733
5903,59,3,3,363.7772821437938
5904,59,3,4,342.92612383732956
5905,59,3,5,288.9515462517547
5906,59,3,6,320.27712566435855
5907,59,3,7,337.65515460595054
5908,59,3,8,358.7798218644441
5909,59,3,9,367.9905978195708
5910,59,3,10,341.47629651776845
5911,59,3,11,329.2010878086841
5912,59,3,12,348.43959098905447
5913,59,3,13,353.07350892085157
5914,59,3,14,336.1964641595241
5915,59,3,15,271.5112720568482
5916,59,3,16,319.04386947516804
5917,59,3,17,373.80926531056195
5918,59,3,18,340.807074200534
5919,59,3,19,345.76577608525787
5920,59,3,20,323.5185820070502
5921,59,3,21,295.79329281728144
5922,59,3,22,347.5306899921322
5923,59,3,23,347.22173631501477
5924,59,3,24,377.4614488464204
5925,59,3,25,294.1361334496055
5926,59,3,26,260.6426156287684
5927,59,3,27,270.9141618599711
5928,59,3,28,308.51833557945616
5929,59,3,29,319.2035008003733
5930,59,3,30,329.87553246471305
5931,59,3,31,371.9914514262348
5932,59,3,32,351.6631696252582
5933,59,3,33,298.9791651258369
5934,59,3,34,318.3202199015412
5935,59,3,35,372.7818052474118
5936,59,3,36,284.9935123149416
5937,59,3,37,254.1531770917287
5938,59,3,38,322.30123912477774
5939,59,3,39,377.3514634852903
5940,59,3,40,290.3662110232911
5941,59,3,41,294.6375972433409
5942,59,3,42,220.85551234104938
5943,59,3,43,309.0084258631136
5944,59,3,44,306.4249207215829
5945,59,3,45,343.5756297435419
5946,59,3,46,313.68972233600016
5947,59,3,47,309.4998832711741
5948,59,3,48,285.7679663411022
5949,59,3,49,317.0591461543107
5950,59,3,50,381.48265207396656
5951,59,3,51,335.54744606113536
5952,59,3,52,264.61964735206504
5953,59,3,53,275.76360152247884
5954,59,3,54,334.4822831200177
5955,59,3,55,363.85658347652713
5956,59,3,56,310.07826843242145
5957,59,3,57,288.4135411997036
5958,59,3,58,366.22905225114437
5959,59,3,59,276.8312367660155
5960,59,3,60,354.0472710227466
5961,59,3,61,366.0667866445264
5962,59,3,62,269.3179182860792
5963,59,3,63,294.568625743963
5964,59,3,64,345.72829880831335
5965,59,3,65,323.02669411165493
5966,59,3,66,361.4748680137848
5967,59,3,67,327.4557882780099
5968,59,3,68,284.34148330231795
5969,59,3,69,266.50755641460916
5970,59,3,70,338.0376855525608
5971,59,3,71,363.63915330006876
5972,59,3,72,382.9956126043135
5973,59,3,73,309.1657628667086
5974,59,3,74,385.5381241721315
5975,59,3,75,338.6785165369592
5976,59,3,76,298.49415425863185
5977,59,3,77,378.21411997293194
5978,59,3,78,284.81071075351525
5979,59,3,79,367.47721722086516
5980,59,3,80,207.77873678472108
5981,59,3,81,356.7209522489998
5982,59,3,82,337.024063978074
5983,59,3,83,339.70772804202915
5984,59,3,84,310.44874315145233
5985,59,3,85,364.2815581776155
5986,59,3,86,296.05246395365697
5987,59,3,87,342.16497082328596
5988,59,3,88,372.094948133298
5989,59,3,89,304.92230124455324
5990,59,3,90,342.2491035520689
5991,59,3,91,284.3530700221391
5992,59,3,92,294.94944490868073
5993,59,3,93,295.27010455281794
5994,59,3,94,303.0987274481313
5995,59,3,95,320.3986327788748
5996,59,3,96,371.2892164468033
5997,59,3,97,355.1880975125348
5998,59,3,98,219.89799815635462
5999,59,3,99,289.80304366917346
6000,62,1,0,92.49797163398492
6001,62,1,1,163.1389183811803
6002,62,1,2,97.42131016942672
6003,62,1,3,98.2982237156814
6004,62,1,4,110.94813611885841
6005,62,1,5,83.73594140707729
6006,62,1,6,75.2363811604323
6007,62,1,7,111.84670038060119
6008,62,1,8,82.18984453214738
6009,62,1,9,132.71035372244282
6010,62,1,10,92.92896774120155
6011,62,1,11,99.94225558993199
6012,62,1,12,81.45203465021517
6013,62,1,13,174.42504958756712
6014,62,1,14,63.72979067745971
6015,62,1,15,117.31621302099852
6016,62,1,16,153.2860006028539
6017,62,1,17,88.53197593930216
6018,62,1,18,112.5541372992327
6019,62,1,19,110.83936622320763
6020,62,1,20,120.83612877624745
6021,62,1,21,94.47579842998091
6022,62,1,22,133.13893544828045
6023,62,1,23,82.53844954371041
6024,62,1,24,85.7345746503687
6025,62,1,25,123.78023532012298
6026,62,1,26,84.06843308129248
6027,62,1,27,81.34364647885963
6028,62,1,28,107.34693596633198
6029,62,1,29,92.66268684238473
6030,62,1,30,89.04604011553012
6031,62,1,31,124.95744607593893
6032,62,1,32,115.47893118995518
6033,62,1,33,94.93644150487506
6034,62,1,34,111.02632237583356
6035,62,1,35,70.84959270469514
6036,62,1,36,78.79268821706067
6037,62,1,37,68.91041625558213
6038,62,1,38,112.88927074544468
6039,62,1,39,93.46441077885446
6040,62,1,40,87.51097216527803
6041,62,1,41,90.85676544638953
6042,62,1,42,100.23838825369403
6043,62,1,43,75.46740718067608
6044,62,1,44,69.83924453732908
6045,62,1,45,101.29970831997723
6046,62,1,46,74.29242938125607
6047,62,1,47,74.62294916273353
6048,62,1,48,78.76912959416558
6049,62,1,49,98.07895048063277
6050,62,1,50,73.37547400474361
6051,62,1,51,103.74223567102717
6052,62,1,52,120.05002794740746
6053,62,1,53,117.57905250333451
6054,62,1,54,101.0385730559568
6055,62,1,55,94.44864210079031
6056,62,1,56,82.82526887680483
6057,62,1,57,88.91181235148005
6058,62,1,58,88.36328194547977
6059,62,1,59,99.56281883704298
6060,62,1,60,86.29018829957428
6061,62,1,61,98.49885994017133
6062,62,1,62,110.29373921121844
6063,62,1,63,99.01296879606353
6064,62,1,64,121.20023872227772
6065,62,1,65,86.19188596496274
6066,62,1,66,127.72472363390558
6067,62,1,67,111.53215473919441
6068,62,1,68,84.43538987913071
6069,62,1,69,80.46215512040456
6070,62,1,70,83.97925747028216
6071,62,1,71,74.05585847437129
6072,62,1,72,127.40333232852697
6073,62,1,73,156.99649925138584
6074,62,1,74,75.73535221814896
6075,62,1,75,118.31132634746781
6076,62,1,76,92.9973195509204
6077,62,1,77,102.21303917835225
6078,62,1,78,90.45464419642462
6079,62,1,79,84.33176913952545
6080,62,1,80,82.44672476921289
6081,62,1,81,108.44173801092339
6082,62,1,82,112.00839171026384
6083,62,1,83,82.62258285130426
6084,62,1,84,81.95654342598631
6085,62,1,85,84.56941346110919
6086,62,1,86,95.2454856791481
6087,62,1,87,67.51667714674987
6088,62,1,88,102.8995949576406
6089,62,1,89,91.73918096076429
6090,62,1,90,104.10136520479514
6091,62,1,91,109.48165852770528
6092,62,1,92,69.14801018421556
6093,62,1,93,88.09426463093918
6094,62,1,94,75.80334618027837
6095,62,1,95,86.38650990832208
6096,62,1,96,98.21325854320807
6097,62,1,97,84.38807382857168
6098,62,1,98,79.60848880830005
6099,62,1,99,105.8242359719624
6100,62,2,0,209.7808603769713
6101,62,2,1,200.32406590296293
6102,62,2,2,207.13475439143878
6103,62,2,3,414.96863678226345
6104,62,2,4,213.9611346981807
6105,62,2,5,211.897677939855
6106,62,2,6,413.99675172378625
6107,62,2,7,202.90825944227504
6108,62,2,8,188.89039413256305
6109,62,2,9,184.80153673362292
6110,62,2,10,422.79244341654965
6111,62,2,11,165.83820236324587
6112,62,2,12,196.32286272044013
6113,62,2,13,200.15969042516105
6114,62,2,14,201.62074533912266
6115,62,2,15,205.07023181528416
6116,62,2,16,172.3155121663424
6117,62,2,17,209.4745882672685
6118,62,2,18,148.2712279383384
6119,62,2,19,216.15043735710933
6120,62,2,20,215.53988454434335
6121,62,2,21,191.2386998639115
6122,62,2,22,158.28512912950754
6123,62,2,23,156.86626682575883
6124,62,2,24,199.3018641694928
6125,62,2,25,210.1945899402298
6126,62,2,26,204.10576115914492
6127,62,2,27,211.43710685742246
6128,62,2,28,202.04660811899916
6129,62,2,29,185.6563512061123
6130,62,2,30,204.8157473036666
6131,62,2,31,207.36617317115028
6132,62,2,32,201.5559596660535
6133,62,2,33,223.00541108569655
6134,62,2,34,193.46037135540453
6135,62,2,35,463.3087159632655
6136,62,2,36,191.5758955115092
6137,62,2,37,229.08374180570829
6138,62,2,38,179.4866555272019
6139,62,2,39,218.27066579728978
6140,62,2,40,195.04617370795995
6141,62,2,41,206.30298618955922
6142,62,2,42,191.65200102712234
6143,62,2,43,217.02671366458162
6144,62,2,44,429.60232904402045
6145,62,2,45,231.14659532576965
6146,62,2,46,211.2651391562544
6147,62,2,47,406.46052360628994
6148,62,2,48,179.6959746547482
6149,62,2,49,197.2322392905581
6150,62,2,50,190.22960951588246
6151,62,2,51,224.9522583746593
6152,62,2,52,210.74193512387282
6153,62,2,53,199.83625658618305
6154,62,2,54,166.34838436491697
6155,62,2,55,227.2048478798533
6156,62,2,56,203.52460789491266
6157,62,2,57,201.44480766487044
6158,62,2,58,193.04738040856608
6159,62,2,59,204.88583235731443
6160,62,2,60,183.30507696314302
6161,62,2,61,195.72729681874046
6162,62,2,62,195.7752925747122
6163,62,2,63,207.85285981263857
6164,62,2,64,188.35789481369616
6165,62,2,65,199.81714920443585
6166,62,2,66,193.7383275231635
6167,62,2,67,243.58211546908086
6168,62,2,68,419.71432646194046
6169,62,2,69,201.5570813608527
6170,62,2,70,197.21038468347814
6171,62,2,71,197.16444683082423
6172,62,2,72,150.83031909200366
6173,62,2,73,199.71324695485558
6174,62,2,74,234.98168671992943
6175,62,2,75,189.7262157588274
6176,62,2,76,209.6275589913927
6177,62,2,77,207.84868017527825
6178,62,2,78,200.11795237383475
6179,62,2,79,198.08772610926152
6180,62,2,80,206.6209019115428
6181,62,2,81,210.35459749751917
6182,62,2,82,187.37845764217616
6183,62,2,83,207.13950027023952
6184,62,2,84,208.43151925180848
6185,62,2,85,152.78730629593142
6186,62,2,86,207.92056028932882
6187,62,2,87,212.53096922979657
6188,62,2,88,190.40795849713285
6189,62,2,89,182.250015551229
6190,62,2,90,185.58965506845269
6191,62,2,91,186.32003760318204
6192,62,2,92,207.67821822541677
6193,62,2,93,180.22840400798174
6194,62,2,94,145.84600379370028
6195,62,2,95,376.30373256084977
6196,62,2,96,382.87378167448134
6197,62,2,97,197.55792125793786
6198,62,2,98,168.30608671172808
6199,62,2,99,165.0071282141913
6200,62,3,0,368.5629858829512
6201,62,3,1,397.24527700544184
6202,62,3,2,366.307651139542
6203,62,3,3,373.47339701451614
6204,62,3,4,383.0587760964231
6205,62,3,5,367.52523413432425
6206,62,3,6,339.46116714538107
6207,62,3,7,375.5665683573831
6208,62,3,8,369.6988554678824
6209,62,3,9,399.687320696902
6210,62,3,10,343.2863551937555
6211,62,3,11,436.6383161419289
6212,62,3,12,408.6526461981055
6213,62,3,13,367.63637749172915
6214,62,3,14,380.0353162442342
6215,62,3,15,360.7939648585001
6216,62,3,16,375.55634961588476
6217,62,3,17,356.5252684459357
6218,62,3,18,428.53093410080345
6219,62,3,19,384.6335369721049
6220,62,3,20,435.25217655731905
6221,62,3,21,332.6362413889545
6222,62,3,22,351.6475000601517
6223,62,3,23,368.3126667167615
6224,62,3,24,337.7283965781215
6225,62,3,25,376.54310300102907
6226,62,3,26,512.9969041914059
6227,62,3,27,344.7681095331711
6228,62,3,28,394.2799206440787
6229,62,3,29,381.26155609658036
6230,62,3,30,530.9832711007027
6231,62,3,31,334.857590133699
6232,62,3,32,341.8370354258582
6233,62,3,33,421.9448061180781
6234,62,3,34,435.7364463878493
6235,62,3,35,367.2309247848022
6236,62,3,36,349.60940577252205
6237,62,3,37,371.8883973491807
6238,62,3,38,401.67942684987196
6239,62,3,39,380.33928581935623
6240,62,3,40,341.31133546062273
6241,62,3,41,354.66762847711556
6242,62,3,42,407.73524015101566
6243,62,3,43,399.56210356258913
6244,62,3,44,371.35898805644234
6245,62,3,45,344.80993013479633
6246,62,3,46,358.8943889849338
6247,62,3,47,354.1727712140976
6248,62,3,48,424.9488042395175
6249,62,3,49,504.8729343276507
6250,62,3,50,423.6837463871076
6251,62,3,51,335.907140780524
6252,62,3,52,372.23974654877003
6253,62,3,53,512.692126680764
6254,62,3,54,389.853381252724
6255,62,3,55,346.22632042504154
6256,62,3,56,357.8790860306247
6257,62,3,57,429.5207455645095
6258,62,3,58,417.49727546941205
6259,62,3,59,532.1843030974359
6260,62,3,60,532.4079461840482
6261,62,3,61,381.45547989976694
6262,62,3,62,414.1941895731293
6263,62,3,63,403.9945261566272
6264,62,3,64,415.26433634229807
6265,62,3,65,426.7425953019147
6266,62,3,66,388.8493695746482
6267,62,3,67,420.04550820976095
6268,62,3,68,337.02242634366957
6269,62,3,69,346.2578755712696
6270,62,3,70,334.07726360122473
6271,62,3,71,353.5138783245596
6272,62,3,72,364.3825408914083
6273,62,3,73,409.51633782087356
6274,62,3,74,400.42071220777376
6275,62,3,75,363.84450007203196
6276,62,3,76,362.30361929349976
6277,62,3,77,407.9328235020909
6278,62,3,78,382.6697172218954
6279,62,3,79,379.74268413320516
6280,62,3,80,337.67696928502727
6281,62,3,81,371.85863523625835
6282,62,3,82,353.2894277246562
6283,62,3,83,360.9778189661527
6284,62,3,84,382.3963858692564
6285,62,3,85,343.1023544053979
6286,62,3,86,376.9623258335381
6287,62,3,87,414.6927574031323
6288,62,3,88,421.09183852996017
6289,62,3,89,387.7114252017323
6290,62,3,90,375.24080232468833
6291,62,3,91,408.99774442792733
6292,62,3,92,527.9194265727317
6293,62,3,93,381.82018902457287
6294,62,3,94,424.2650830190625
6295,62,3,95,416.3044894645905
6296,62,3,96,358.118251037616
6297,62,3,97,428.0963285291742
6298,62,3,98,348.31252555044404
6299,62,3,99,343.1483677990465
6300,70,1,0,94.05835074173551
6301,70,1,1,213.04201881831665
6302,70,1,2,255.47685708849522
6303,70,1,3,434.53403973801767
6304,70,1,4,457.6012102259951
6305,70,1,5,455.722327407361
6306,70,1,6,417.3121416780643
6307,70,1,7,263.2898774579077
6308,70,1,8,425.7398698473673
6309,70,1,9,462.22881932291995
6310,70,1,10,86.91969491553999
6311,70,1,11,382.7673224331996
6312,70,1,12,464.55046281855294
6313,70,1,13,493.3944679331
6314,70,1,14,420.1434054073981
6315,70,1,15,96.207317334615
6316,70,1,16,257.30263367750723
6317,70,1,17,484.1312209823747
6318,70,1,18,116.85242044846471
6319,70,1,19,451.84904782445733
6320,70,1,20,530.3168438432515
6321,70,1,21,518.0466938159476
6322,70,1,22,488.80748251194143
6323,70,1,23,117.94799735971147
6324,70,1,24,248.0118747489834
6325,70,1,25,400.3755062541375
6326,70,1,26,502.69276540092676
6327,70,1,27,448.97361416417664
6328,70,1,28,424.82812184871494
6329,70,1,29,437.35846721245156
6330,70,1,30,530.5242291683036
6331,70,1,31,262.26198698937446
6332,70,1,32,514.7539862130784
6333,70,1,33,518.9930178644195
6334,70,1,34,484.69293145510517
6335,70,1,35,108.84829470395194
6336,70,1,36,69.36758542369222
6337,70,1,37,464.59129814553046
6338,70,1,38,423.04846006171016
6339,70,1,39,461.26460928465605
6340,70,1,40,264.25323934768346
6341,70,1,41,192.3989449467734
6342,70,1,42,419.7302822410319
6343,70,1,43,523.5689943323433
6344,70,1,44,371.9449222598455
6345,70,1,45,441.44326389157504
6346,70,1,46,63.37530190975974
6347,70,1,47,519.5086130237081
6348,70,1,48,249.74294997605884
6349,70,1,49,397.6966048199448
6350,70,1,50,473.55184383952826
6351,70,1,51,531.8760273152674
6352,70,1,52,522.1839053945338
6353,70,1,53,212.68252288545844
6354,70,1,54,217.00619769548078
6355,70,1,55,417.68167028991184
6356,70,1,56,474.29987694126316
6357,70,1,57,230.43130149769516
6358,70,1,58,271.97458630323064
6359,70,1,59,512.0038232528786
6360,70,1,60,248.37219507803223
6361,70,1,61,474.1710948611044
6362,70,1,62,471.32144930160956
6363,70,1,63,112.77757964373636
6364,70,1,64,485.1274758744335
6365,70,1,65,224.9088221259601
6366,70,1,66,249.63369613260542
6367,70,1,67,505.54000639107437
6368,70,1,68,429.8856978533383
6369,70,1,69,240.95627996075245
6370,70,1,70,106.0797715651866
6371,70,1,71,522.404894196768
6372,70,1,72,240.58167087279594
6373,70,1,73,408.3130402283132
6374,70,1,74,257.3595905015977
6375,70,1,75,381.1880358836972
6376,70,1,76,409.42356952072055
6377,70,1,77,524.4505984091414
6378,70,1,78,479.5235402376514
6379,70,1,79,431.51158772419495
6380,70,1,80,422.8151546407534
6381,70,1,81,440.9482834161294
6382,70,1,82,228.48269559004902
6383,70,1,83,380.39412205246964
6384,70,1,84,197.14229358815814
6385,70,1,85,414.98755127709694
6386,70,1,86,486.9776651436397
6387,70,1,87,452.4080641354504
6388,70,1,88,469.7564589449943
6389,70,1,89,468.45601503560675
6390,70,1,90,262.1516345800432
6391,70,1,91,245.1301272255055
6392,70,1,92,515.3123543751979
6393,70,1,93,108.35199555610176
6394,70,1,94,450.1626592655641
6395,70,1,95,248.33837562647906
6396,70,1,96,102.01904416778675
6397,70,1,97,444.96755269675543
6398,70,1,98,217.21670046661407
6399,70,1,99,530.7163525470202
6400,70,2,0,430.8826557265524
6401,70,2,1,373.00746054650915
6402,70,2,2,375.458866977975
6403,70,2,3,382.9569273099715
6404,70,2,4,186.8691194276215
6405,70,2,5,399.87304886663503
6406,70,2,6,383.16169051892615
6407,70,2,7,456.8016739864667
6408,70,2,8,375.38139347775933
6409,70,2,9,412.6458531845294
6410,70,2,10,376.14263902581297
6411,70,2,11,416.6526830750371
6412,70,2,12,414.4672783193441
6413,70,2,13,388.7544928991301
6414,70,2,14,452.78051507180146
6415,70,2,15,435.53318009479096
6416,70,2,16,424.046877616218
6417,70,2,17,232.03747113543832
6418,70,2,18,183.6521726857192
6419,70,2,19,405.9266523923235
6420,70,2,20,420.41386568096533
6421,70,2,21,471.6412889455161
6422,70,2,22,406.1150738878718
6423,70,2,23,470.5372253331093
6424,70,2,24,228.98132327606115
6425,70,2,25,184.02300511839505
6426,70,2,26,421.49086516648015
6427,70,2,27,467.04407245064124
6428,70,2,28,418.66190922673945
6429,70,2,29,440.71725041868774
6430,70,2,30,444.7917601576032
6431,70,2,31,437.5455509164954
6432,70,2,32,408.5520740048975
6433,70,2,33,480.13853267865426
6434,70,2,34,492.79208677553413
6435,70,2,35,458.50245572915867
6436,70,2,36,454.82413665067287
6437,70,2,37,411.4920562530863
6438,70,2,38,383.06649346770433
6439,70,2,39,421.60523335506497
6440,70,2,40,381.86059443749394
6441,70,2,41,187.34080477767944
6442,70,2,42,452.0909760634498
6443,70,2,43,402.9247626095522
6444,70,2,44,435.1546147877514
6445,70,2,45,440.38872849647737
6446,70,2,46,447.0827023206657
6447,70,2,47,399.5035030184522
6448,70,2,48,416.44418671506133
6449,70,2,49,390.75275191737677
6450,70,2,50,468.8752585833025
6451,70,2,51,410.7804363863017
6452,70,2,52,171.47866533047105
6453,70,2,53,397.0655273129671
6454,70,2,54,453.89843824815745
6455,70,2,55,445.5009234723267
6456,70,2,56,109.77957468825248
6457,70,2,57,452.88259052829875
6458,70,2,58,417.98418347592786
6459,70,2,59,389.9240863037716
6460,70,2,60,401.20656055550694
6461,70,2,61,440.1344707382532
6462,70,2,62,479.19968160027094
6463,70,2,63,425.89739683098003
6464,70,2,64,398.85951631697026
6465,70,2,65,444.2408464910075
6466,70,2,66,419.40096810734775
6467,70,2,67,416.06935694842997
6468,70,2,68,387.57811338771756
6469,70,2,69,406.21394938111337
6470,70,2,70,469.1270735809625
6471,70,2,71,440.3236815899136
6472,70,2,72,415.24320847904136
6473,70,2,73,201.0028079258471
6474,70,2,74,158.05162470770156
6475,70,2,75,440.10479161657565
6476,70,2,76,426.89962606551313
6477,70,2,77,398.7741300812129
6478,70,2,78,395.0522671897216
6479,70,2,79,440.37448588719974
6480,70,2,80,484.3752643954647
6481,70,2,81,375.41484187364927
6482,70,2,82,433.5152436654806
6483,70,2,83,141.18221730127408
6484,70,2,84,401.4784255128658
6485,70,2,85,405.9571821748853
6486,70,2,86,447.2565296069317
6487,70,2,87,466.15287131174983
6488,70,2,88,463.42480049592655
6489,70,2,89,187.8957462779275
6490,70,2,90,186.76859803288843
6491,70,2,91,438.35807585277007
6492,70,2,92,464.6890835976459
6493,70,2,93,439.2445439299817
6494,70,2,94,427.4853906440097
6495,70,2,95,236.88912317250333
6496,70,2,96,397.0789536189925
6497,70,2,97,401.8715714794193
6498,70,2,98,402.9140138873164
6499,70,2,99,411.09976284651873
6500,70,3,0,456.65312178059673
6501,70,3,1,453.12885717775305
6502,70,3,2,435.1729349992426
6503,70,3,3,446.7253950795575
6504,70,3,4,416.59748199188635
6505,70,3,5,425.8476368454699
6506,70,3,6,408.8220179861265
6507,70,3,7,449.05666833542506
6508,70,3,8,415.4230562148334
6509,70,3,9,427.6280993437482
6510,70,3,10,453.3747245614049
6511,70,3,11,451.0295943358434
6512,70,3,12,416.6844685331467
6513,70,3,13,442.9779124322892
6514,70,3,14,413.050265484818
6515,70,3,15,408.8051598898977
6516,70,3,16,432.94751852362845
6517,70,3,17,428.1661221805446
6518,70,3,18,432.21302101971537
6519,70,3,19,448.80286906867116
6520,70,3,20,410.0010046507477
6521,70,3,21,462.74700436815124
6522,70,3,22,396.6172992727548
6523,70,3,23,425.6416226553015
6524,70,3,24,415.7278149807792
6525,70,3,25,436.46600235520475
6526,70,3,26,487.33901530440926
6527,70,3,27,488.5370308008249
6528,70,3,28,432.397101583339
6529,70,3,29,401.98898292613944
6530,70,3,30,430.06138914997445
6531,70,3,31,452.5018187548314
6532,70,3,32,464.86106135989047
6533,70,3,33,455.497072088494
6534,70,3,34,460.2356702160412
6535,70,3,35,483.2766857301387
6536,70,3,36,424.85118574929766
6537,70,3,37,471.7221559065822
6538,70,3,38,413.33434502625437
6539,70,3,39,435.99239263814087
6540,70,3,40,488.63737678003673
6541,70,3,41,417.1022214061691
6542,70,3,42,395.4750310135136
6543,70,3,43,435.47948877725173
6544,70,3,44,487.37992329355507
6545,70,3,45,473.1920631897478
6546,70,3,46,409.7475612925106
6547,70,3,47,501.382022071042
6548,70,3,48,440.17467184759937
6549,70,3,49,484.9403265312915
6550,70,3,50,409.60488257798477
6551,70,3,51,452.97302799202606
6552,70,3,52,480.6722687432753
6553,70,3,53,501.376122346952
6554,70,3,54,463.60256554209275
6555,70,3,55,472.5544831529995
6556,70,3,56,413.39784454202413
6557,70,3,57,488.33508383217855
6558,70,3,58,457.5486121862954
6559,70,3,59,482.5709039190942
6560,70,3,60,394.84405147904596
6561,70,3,61,501.30130073590385
6562,70,3,62,425.12227654072916
6563,70,3,63,425.4270050015528
6564,70,3,64,443.14103537412495
6565,70,3,65,431.8843750042085
6566,70,3,66,439.48950170965475
6567,70,3,67,445.2226324454296
6568,70,3,68,448.77163197444617
6569,70,3,69,425.7751435584137
6570,70,3,70,462.75882021635886
6571,70,3,71,446.8980941448336
6572,70,3,72,410.2860621215227
6573,70,3,73,454.07180722047354
6574,70,3,74,442.7726627082467
6575,70,3,75,470.90409506666055
6576,70,3,76,454.7983043672807
6577,70,3,77,425.94154332898387
6578,70,3,78,416.83721871356096
6579,70,3,79,484.2032688247798
6580,70,3,80,480.655555315338
6581,70,3,81,490.2901481852008
6582,70,3,82,454.7871264026376
6583,70,3,83,456.04468473656175
6584,70,3,84,409.9980290938814
6585,70,3,85,468.7548253096089
6586,70,3,86,450.57295336837615
6587,70,3,87,442.97087759260194
6588,70,3,88,442.97187277766807
6589,70,3,89,396.5210146774915
6590,70,3,90,473.45549561400014
6591,70,3,91,480.5641780707797
6592,70,3,92,466.30746745722564
6593,70,3,93,417.1135112554306
6594,70,3,94,496.22515037338417
6595,70,3,95,411.7993843476126
6596,70,3,96,430.5118097594569
6597,70,3,97,447.43006296331953
6598,70,3,98,487.1333678739655
6599,70,3,99,501.0948407453298
6600,74,1,0,125.90171183703342
6601,74,1,1,187.59981357509074
6602,74,1,2,146.11242954506002
6603,74,1,3,148.47754249585267
6604,74,1,4,176.06295505406172
6605,74,1,5,105.67833895249721
6606,74,1,6,112.06096178824903
6607,74,1,7,162.1530873241564
6608,74,1,8,146.23645427209533
6609,74,1,9,149.48951342864927
6610,74,1,10,124.8469571102181
6611,74,1,11,158.34635101504628
6612,74,1,12,128.50567647232728
6613,74,1,13,118.9693811244163
6614,74,1,14,150.98421180318869
6615,74,1,15,205.21304450683834
6616,74,1,16,175.5297478927093
6617,74,1,17,162.4651827558219
6618,74,1,18,156.40137054017595
6619,74,1,19,119.19600354368922
6620,74,1,20,164.91994779193274
6621,74,1,21,142.36126683303544
6622,74,1,22,128.39188652441857
6623,74,1,23,190.90052737737446
6624,74,1,24,182.51994574642885
6625,74,1,25,147.94431152746674
6626,74,1,26,204.04029462675777
6627,74,1,27,126.61297544003894
6628,74,1,28,186.55743216711977
6629,74,1,29,196.58392823972306
6630,74,1,30,133.19137816760585
6631,74,1,31,204.99104371396646
6632,74,1,32,152.66003755785687
6633,74,1,33,104.4495023987666
6634,74,1,34,112.71516408171792
6635,74,1,35,205.06832303248282
6636,74,1,36,188.97525822245075
6637,74,1,37,159.77718835461786
6638,74,1,38,131.51329352514864
6639,74,1,39,137.3293388212188
6640,74,1,40,204.52389796082934
6641,74,1,41,134.9691252206201
6642,74,1,42,115.16861167333161
6643,74,1,43,115.57863735334874
6644,74,1,44,148.95625318175234
6645,74,1,45,119.20705156298776
6646,74,1,46,196.90540270430873
6647,74,1,47,108.78883240651957
6648,74,1,48,157.49951740958008
6649,74,1,49,161.28684264768472
6650,74,1,50,113.50930322696013
6651,74,1,51,131.63498552629213
6652,74,1,52,193.10668700790944
6653,74,1,53,151.79038629246122
6654,74,1,54,111.67102343478018
6655,74,1,55,175.57234501630006
6656,74,1,56,165.06492536703783
6657,74,1,57,98.32471273805137
6658,74,1,58,97.98581813272207
6659,74,1,59,105.87052791509387
6660,74,1,60,132.16767493079578
6661,74,1,61,135.4837297942309
6662,74,1,62,204.6170086428291
6663,74,1,63,98.97678476784564
6664,74,1,64,111.39756714662576
6665,74,1,65,139.2739604030442
6666,74,1,66,138.3077965755385
6667,74,1,67,115.40533217084088
6668,74,1,68,167.72709495710666
6669,74,1,69,170.91401321365765
6670,74,1,70,117.21538566935074
6671,74,1,71,157.15214338526903
6672,74,1,72,139.20615907391536
6673,74,1,73,147.49027418547158
6674,74,1,74,146.18432636004147
6675,74,1,75,171.66900166088018
6676,74,1,76,164.84547823834492
6677,74,1,77,189.1900920426679
6678,74,1,78,151.25626694169145
6679,74,1,79,151.54774446678903
6680,74,1,80,156.2648935139641
6681,74,1,81,185.3503348935646
6682,74,1,82,117.98416248985816
6683,74,1,83,150.42319536308082
6684,74,1,84,171.02752598378314
6685,74,1,85,137.77744696069539
6686,74,1,86,160.77456116992715
6687,74,1,87,110.89836986059271
6688,74,1,88,170.8923015342327
6689,74,1,89,193.3093479606264
6690,74,1,90,157.5635684708777
6691,74,1,91,143.35175757110215
6692,74,1,92,173.7151289554951
6693,74,1,93,117.31885540416029
6694,74,1,94,155.19267363727772
6695,74,1,95,125.39543662218176
6696,74,1,96,155.758911643796
6697,74,1,97,147.74515727149617
6698,74,1,98,104.26121500186106
6699,74,1,99,197.69317242330285
6700,74,2,0,343.4922182394712
6701,74,2,1,400.6405443946416
6702,74,2,2,139.3952613998941
6703,74,2,3,71.39290347668438
6704,74,2,4,137.46735117830667
6705,74,2,5,173.4131930395304
6706,74,2,6,203.15766222499326
6707,74,2,7,201.88092098021943
6708,74,2,8,173.00279676839762
6709,74,2,9,359.5791102605696
6710,74,2,10,164.76518204302687
6711,74,2,11,154.70441951225465
6712,74,2,12,173.72291307648143
6713,74,2,13,182.8955038723665
6714,74,2,14,391.0258634390252
6715,74,2,15,379.068246278236
6716,74,2,16,139.98467902109232
6717,74,2,17,390.1725977585986
6718,74,2,18,212.01440911301773
6719,74,2,19,137.54426687264754
6720,74,2,20,173.25260751764765
6721,74,2,21,172.335129660376
6722,74,2,22,141.71896426673024
6723,74,2,23,154.91639667884624
6724,74,2,24,109.55644114352154
6725,74,2,25,111.59936203478871
6726,74,2,26,348.83991545913216
6727,74,2,27,145.1770937864511
6728,74,2,28,137.61877358613836
6729,74,2,29,154.33370441544437
6730,74,2,30,118.62478844927476
6731,74,2,31,390.56569431544426
6732,74,2,32,199.48705795331657
6733,74,2,33,147.345560396424
6734,74,2,34,173.23344198774512
6735,74,2,35,146.88993106299387
6736,74,2,36,159.52768348387465
6737,74,2,37,197.73301579180443
6738,74,2,38,400.25689633211397
6739,74,2,39,134.05080901821475
6740,74,2,40,111.66628237275245
6741,74,2,41,390.73427688778094
6742,74,2,42,378.99540954703133
6743,74,2,43,367.08848159671504
6744,74,2,44,199.22363832288653
6745,74,2,45,118.33213143957117
6746,74,2,46,231.99217456913416
6747,74,2,47,390.73055222247655
6748,74,2,48,109.94244547817735
6749,74,2,49,386.70906483812115
6750,74,2,50,389.2105916449771
6751,74,2,51,162.8351439116699
6752,74,2,52,111.02938292943098
6753,74,2,53,390.9652095847497
6754,74,2,54,212.70131122170977
6755,74,2,55,77.18780815794943
6756,74,2,56,381.1953051659877
6757,74,2,57,382.9749953286728
6758,74,2,58,108.70395492435404
6759,74,2,59,220.39871789300187
6760,74,2,60,390.5174164947721
6761,74,2,61,218.90438371463662
6762,74,2,62,165.62016313647666
6763,74,2,63,354.56137542741516
6764,74,2,64,361.71218815775296
6765,74,2,65,156.6859060498234
6766,74,2,66,352.7728357016032
6767,74,2,67,170.5227061306556
6768,74,2,68,401.8712590989582
6769,74,2,69,389.92393644651605
6770,74,2,70,113.75039679096561
6771,74,2,71,394.1290511683727
6772,74,2,72,144.28720637932653
6773,74,2,73,128.71977968877803
6774,74,2,74,130.0349048995067
6775,74,2,75,133.80464346994987
6776,74,2,76,142.99957710376657
6777,74,2,77,124.87974866304145
6778,74,2,78,134.3022513171308
6779,74,2,79,395.3485785976084
6780,74,2,80,155.36917214105657
6781,74,2,81,390.0164368957549
6782,74,2,82,157.07810730835183
6783,74,2,83,390.85279485033334
6784,74,2,84,107.027829891451
6785,74,2,85,384.12972099441816
6786,74,2,86,399.91741322775204
6787,74,2,87,174.92432724603188
6788,74,2,88,152.6492567334975
6789,74,2,89,139.6258185060979
6790,74,2,90,146.6220980651916
6791,74,2,91,172.33096678849128
6792,74,2,92,187.41882713388125
6793,74,2,93,162.05401386043297
6794,74,2,94,390.9169047837595
6795,74,2,95,133.56328955997532
6796,74,2,96,197.87801551184486
6797,74,2,97,391.69845758326994
6798,74,2,98,131.21996177350167
6799,74,2,99,116.44821743365384
6800,74,3,0,534.4557691068632
6801,74,3,1,523.6549297218297
6802,74,3,2,532.6284202378127
6803,74,3,3,336.85553188879334
6804,74,3,4,355.47102297810153
6805,74,3,5,293.39070505065456
6806,74,3,6,512.0154350894899
6807,74,3,7,366.0708407139124
6808,74,3,8,343.2801478796042
6809,74,3,9,519.1417569926239
6810,74,3,10,516.3482937131528
6811,74,3,11,513.4471180102751
6812,74,3,12,521.5041924790131
6813,74,3,13,516.6408358488934
6814,74,3,14,522.3172794932234
6815,74,3,15,312.8860360335131
6816,74,3,16,524.7785138685565
6817,74,3,17,534.4238791770425
6818,74,3,18,273.5126449380443
6819,74,3,19,531.4646411580344
6820,74,3,20,535.9228619228336
6821,74,3,21,510.05420825588226
6822,74,3,22,513.611074213365
6823,74,3,23,537.0739236928734
6824,74,3,24,519.395111237722
6825,74,3,25,530.7640844314333
6826,74,3,26,512.0709144793628
6827,74,3,27,533.1915240694653
6828,74,3,28,521.6137466707388
6829,74,3,29,344.48837175607395
6830,74,3,30,536.2390405015284
6831,74,3,31,534.9784320758481
6832,74,3,32,524.2947824062321
6833,74,3,33,530.7228104222977
6834,74,3,34,535.0159196622545
6835,74,3,35,522.3342901902466
6836,74,3,36,525.8809682222433
6837,74,3,37,528.1226216285193
6838,74,3,38,327.82759101396937
6839,74,3,39,525.3982366179723
6840,74,3,40,532.8689102045946
6841,74,3,41,515.1109476201401
6842,74,3,42,517.6158332611056
6843,74,3,43,519.9269612168245
6844,74,3,44,510.4421633493564
6845,74,3,45,374.15700611835615
6846,74,3,46,531.4188295753535
6847,74,3,47,531.7266927440617
6848,74,3,48,529.0587271908062
6849,74,3,49,526.4847801982091
6850,74,3,50,526.432264673078
6851,74,3,51,527.9535429299515
6852,74,3,52,519.7251640799223
6853,74,3,53,534.4628098917798
6854,74,3,54,519.3955291232282
6855,74,3,55,523.7266742744545
6856,74,3,56,536.1018887139456
6857,74,3,57,376.87997596536536
6858,74,3,58,517.0368469115965
6859,74,3,59,527.5717207016063
6860,74,3,60,353.14770417706217
6861,74,3,61,535.8903742456275
6862,74,3,62,520.554964946079
6863,74,3,63,536.909867041854
6864,74,3,64,523.6627565740437
6865,74,3,65,526.3429632032012
6866,74,3,66,342.07051456721587
6867,74,3,67,529.2280012773153
6868,74,3,68,532.0897510451408
6869,74,3,69,536.9886340964105
6870,74,3,70,521.3131301531422
6871,74,3,71,524.7790851327214
6872,74,3,72,515.3757907003445
6873,74,3,73,376.0374057359494
6874,74,3,74,511.41880684622737
6875,74,3,75,530.2829549638383
6876,74,3,76,326.24401139143606
6877,74,3,77,512.9396995008012
6878,74,3,78,358.38331948791335
6879,74,3,79,533.1431008634484
6880,74,3,80,526.0722657699029
6881,74,3,81,531.3225125258036
6882,74,3,82,531.149465984735
6883,74,3,83,531.0029828851052
6884,74,3,84,536.7629423276135
6885,74,3,85,518.0977228065241
6886,74,3,86,370.57379086258135
6887,74,3,87,523.9636702716115
6888,74,3,88,531.3911526745629
6889,74,3,89,525.2281238073934
6890,74,3,90,532.0736872592722
6891,74,3,91,512.7397482937166
6892,74,3,92,356.70243256406474
6893,74,3,93,521.2781818235411
6894,74,3,94,512.5446907475168
6895,74,3,95,522.9839633149562
6896,74,3,96,518.8339745256342
6897,74,3,97,520.958079706511
6898,74,3,98,535.1499018592772
6899,74,3,99,532.9116554534139
6900,80,1,0,113.17696448068278
6901,80,1,1,88.66918779334327
6902,80,1,2,242.8059303078467
6903,80,1,3,89.55261092066866
6904,80,1,4,135.90914571347517
6905,80,1,5,67.39647936214685
6906,80,1,6,105.32773206492749
6907,80,1,7,109.86274123858928
6908,80,1,8,337.5605366084275
6909,80,1,9,76.15341909042985
6910,80,1,10,109.19431566342865
6911,80,1,11,92.59300681728764
6912,80,1,12,87.48915772011492
6913,80,1,13,130.96925219503345
6914,80,1,14,99.41429741435795
6915,80,1,15,113.66790394350566
6916,80,1,16,67.72801913637105
6917,80,1,17,122.32374629473011
6918,80,1,18,68.17129910483473
6919,80,1,19,93.6708840022768
6920,80,1,20,106.95588107105469
6921,80,1,21,70.10185255766874
6922,80,1,22,81.09249999587215
6923,80,1,23,85.47155866316362
6924,80,1,24,74.92451675572721
6925,80,1,25,250.0746646792414
6926,80,1,26,89.9167408853457
6927,80,1,27,322.42850125770923
6928,80,1,28,77.93942849983551
6929,80,1,29,93.8928014693225
6930,80,1,30,96.98574364757393
6931,80,1,31,69.66261495760601
6932,80,1,32,278.53219685786365
6933,80,1,33,89.83493887759776
6934,80,1,34,104.94050852181256
6935,80,1,35,99.61442132906822
6936,80,1,36,286.8098018174458
6937,80,1,37,65.33173009172032
6938,80,1,38,283.2431133147234
6939,80,1,39,114.91405162242013
6940,80,1,40,107.62884464296492
6941,80,1,41,108.0572646984844
6942,80,1,42,90.12439593862048
6943,80,1,43,132.5674498002581
6944,80,1,44,124.60412991044326
6945,80,1,45,76.27855594074505
6946,80,1,46,231.14739294589904
6947,80,1,47,110.66962727849088
6948,80,1,48,112.48263099613119
6949,80,1,49,109.00599873942119
6950,80,1,50,87.17239635809779
6951,80,1,51,113.85658150691114
6952,80,1,52,100.90077272268289
6953,80,1,53,309.53151085041253
6954,80,1,54,338.58199997905456
6955,80,1,55,95.11210980968518
6956,80,1,56,274.821440813885
6957,80,1,57,80.98663308475706
6958,80,1,58,100.47877831230882
6959,80,1,59,93.6971258251697
6960,80,1,60,310.7704544029925
6961,80,1,61,104.19359469766815
6962,80,1,62,111.73630767015705
6963,80,1,63,96.66632645727744
6964,80,1,64,95.17541191060967
6965,80,1,65,284.39054992921973
6966,80,1,66,121.77037144635742
6967,80,1,67,77.07233257795512
6968,80,1,68,95.36147601123545
6969,80,1,69,91.89195460094417
6970,80,1,70,102.03599259841262
6971,80,1,71,288.170110314198
6972,80,1,72,107.77193796377554
6973,80,1,73,80.17028939345194
6974,80,1,74,122.64998091043432
6975,80,1,75,83.83570181075267
6976,80,1,76,114.26231843745802
6977,80,1,77,273.01336593481284
6978,80,1,78,106.37666284114472
6979,80,1,79,70.68899929623156
6980,80,1,80,68.84079231168568
6981,80,1,81,65.6870169829365
6982,80,1,82,118.0309955022791
6983,80,1,83,76.10940586566042
6984,80,1,84,92.66723871736757
6985,80,1,85,108.941224246181
6986,80,1,86,100.18222217189725
6987,80,1,87,295.061777079385
6988,80,1,88,278.1318852901855
6989,80,1,89,96.71101946710941
6990,80,1,90,78.74967408615603
6991,80,1,91,67.06749024447747
6992,80,1,92,106.68496183921837
6993,80,1,93,92.55352448276031
6994,80,1,94,95.98521885030743
6995,80,1,95,298.48369576505394
6996,80,1,96,84.28003253790891
6997,80,1,97,248.86375939864308
6998,80,1,98,100.57320555426361
6999,80,1,99,67.1548919305272
7000,80,2,0,332.06413439208114
7001,80,2,1,346.78351127055674
7002,80,2,2,536.2226524976177
7003,80,2,3,340.8825143492163
7004,80,2,4,332.196665495076
7005,80,2,5,351.25747084032236
7006,80,2,6,354.38336408112343
7007,80,2,7,322.84439355665467
7008,80,2,8,330.32671336007775
7009,80,2,9,534.5576544152798
7010,80,2,10,360.46589477350585
7011,80,2,11,499.9542985423106
7012,80,2,12,335.9712141101548
7013,80,2,13,324.04853096366764
7014,80,2,14,325.5058563488348
7015,80,2,15,337.90903727921267
7016,80,2,16,319.6020846640766
7017,80,2,17,515.3634567123199
7018,80,2,18,331.73607972488975
7019,80,2,19,360.45137774103654
7020,80,2,20,359.34530681522625
7021,80,2,21,364.3285214950591
7022,80,2,22,342.17036152943945
7023,80,2,23,321.87219518186595
7024,80,2,24,334.0814144430833
7025,80,2,25,342.52173496108065
7026,80,2,26,335.1057017984968
7027,80,2,27,365.4729172150794
7028,80,2,28,351.5999220254014
7029,80,2,29,334.24469985091235
7030,80,2,30,371.65009602728134
7031,80,2,31,324.8379099700486
7032,80,2,32,346.5715094540138
7033,80,2,33,316.444588704676
7034,80,2,34,322.474037609684
7035,80,2,35,478.48909757102626
7036,80,2,36,329.7409927849109
7037,80,2,37,349.5734024322193
7038,80,2,38,330.3934781202447
7039,80,2,39,338.42873244970775
7040,80,2,40,372.2491675805743
7041,80,2,41,349.23926233767935
7042,80,2,42,346.90136919465067
7043,80,2,43,338.42233013537293
7044,80,2,44,324.9748602022865
7045,80,2,45,345.0474050023558
7046,80,2,46,324.8384822574745
7047,80,2,47,349.35204673614044
7048,80,2,48,364.53134997928566
7049,80,2,49,348.60811848047945
7050,80,2,50,350.44608649670096
7051,80,2,51,361.1694356572068
7052,80,2,52,327.9041016238301
7053,80,2,53,366.2945708583863
7054,80,2,54,343.31080332501097
7055,80,2,55,390.0258808461911
7056,80,2,56,333.0150052491062
7057,80,2,57,344.58207780541545
7058,80,2,58,363.8288133116739
7059,80,2,59,329.26421471754935
7060,80,2,60,325.60165266629156
7061,80,2,61,361.8171404733396
7062,80,2,62,446.1806662421478
7063,80,2,63,344.8734974117901
7064,80,2,64,346.97779126341584
7065,80,2,65,365.46867502850495
7066,80,2,66,390.4105054544865
7067,80,2,67,340.53603882832425
7068,80,2,68,529.7154011141005
7069,80,2,69,317.6102559375531
7070,80,2,70,328.26936697825397
7071,80,2,71,349.30878367986696
7072,80,2,72,327.6639273204055
7073,80,2,73,318.28152493735166
7074,80,2,74,331.703903585019
7075,80,2,75,341.4135598218857
7076,80,2,76,352.31902668886136
7077,80,2,77,349.9195779290775
7078,80,2,78,358.2327934392964
7079,80,2,79,335.34417540104766
7080,80,2,80,314.5507556494907
7081,80,2,81,354.52655463067543
7082,80,2,82,321.1805850118618
7083,80,2,83,317.8037383114805
7084,80,2,84,367.93949745280014
7085,80,2,85,335.0757223218154
7086,80,2,86,381.25252923236854
7087,80,2,87,345.0250923576606
7088,80,2,88,368.2569334653907
7089,80,2,89,371.2014196059591
7090,80,2,90,327.2578008461521
7091,80,2,91,524.8402955675253
7092,80,2,92,327.39120698666426
7093,80,2,93,325.4457060040567
7094,80,2,94,352.93601229033624
7095,80,2,95,348.05285078648893
7096,80,2,96,356.9164024241783
7097,80,2,97,341.2032767718797
7098,80,2,98,355.97202207171665
7099,80,2,99,376.2075652345199
7100,80,3,0,301.5071530903705
7101,80,3,1,513.5803821188246
7102,80,3,2,495.74751131040637
7103,80,3,3,504.31159487175825
7104,80,3,4,276.08560330337536
7105,80,3,5,240.48459993140068
7106,80,3,6,532.9925589304539
7107,80,3,7,267.9143606055015
7108,80,3,8,527.2279465117116
7109,80,3,9,496.15405583951434
7110,80,3,10,323.2888744462752
7111,80,3,11,511.3767085683103
7112,80,3,12,331.8169238574635
7113,80,3,13,493.997882511498
7114,80,3,14,519.5298593371876
7115,80,3,15,493.5807767727553
7116,80,3,16,486.2604256280304
7117,80,3,17,524.6628148300583
7118,80,3,18,499.48150765024894
7119,80,3,19,489.1747970980633
7120,80,3,20,497.5797989571444
7121,80,3,21,502.10917483264103
7122,80,3,22,506.80533988079395
7123,80,3,23,291.4227761435112
7124,80,3,24,501.18372857706703
7125,80,3,25,500.50091275295125
7126,80,3,26,514.7811686867589
7127,80,3,27,517.0636494542024
7128,80,3,28,260.9223037052065
7129,80,3,29,486.51132196249034
7130,80,3,30,512.0516706235063
7131,80,3,31,349.12374202353146
7132,80,3,32,508.7238698281299
7133,80,3,33,496.96386604568
7134,80,3,34,304.8363797898719
7135,80,3,35,350.4949383301204
7136,80,3,36,529.6665418239343
7137,80,3,37,306.873910200505
7138,80,3,38,518.3972658074604
7139,80,3,39,499.25274831218667
7140,80,3,40,528.4154905483753
7141,80,3,41,523.7955298725569
7142,80,3,42,483.19394388139006
7143,80,3,43,504.28866829490016
7144,80,3,44,532.1881134098252
7145,80,3,45,333.38914552544514
7146,80,3,46,531.0738044090756
7147,80,3,47,526.0259809652844
7148,80,3,48,494.6262767762035
7149,80,3,49,317.92749097633293
7150,80,3,50,501.8172756189003
7151,80,3,51,492.9543267148947
7152,80,3,52,517.0892997962638
7153,80,3,53,333.802315791907
7154,80,3,54,338.84617002558184
7155,80,3,55,484.59758881628045
7156,80,3,56,532.8904355729236
7157,80,3,57,494.63216211223545
7158,80,3,58,503.33556553292635
7159,80,3,59,527.5492314701523
7160,80,3,60,502.6414315943915
7161,80,3,61,500.3087092812512
7162,80,3,62,509.31448630843374
7163,80,3,63,507.1410986576507
7164,80,3,64,332.8065609688088
7165,80,3,65,518.9623792072417
7166,80,3,66,494.11289139205195
7167,80,3,67,226.6930655685776
7168,80,3,68,491.76713381704195
7169,80,3,69,299.4164311881923
7170,80,3,70,371.61385143535074
7171,80,3,71,528.8342166728373
7172,80,3,72,495.0859499071214
7173,80,3,73,227.77847903831494
7174,80,3,74,488.65624963201554
7175,80,3,75,489.68360935084854
7176,80,3,76,373.22084382075434
7177,80,3,77,503.6715028669008
7178,80,3,78,488.4062098029295
7179,80,3,79,508.2900224441451
7180,80,3,80,509.95688900929383
7181,80,3,81,495.5855079645092
7182,80,3,82,229.25656602188025
7183,80,3,83,491.0857259413709
7184,80,3,84,519.0292614431445
7185,80,3,85,481.52459618489456
7186,80,3,86,333.38956616839954
7187,80,3,87,512.6710888909599
7188,80,3,88,488.03285560709514
7189,80,3,89,536.3304846924715
7190,80,3,90,200.74229701136971
7191,80,3,91,484.335364223879
7192,80,3,92,484.74486894455316
7193,80,3,93,504.30723487993316
7194,80,3,94,518.749463055289
7195,80,3,95,498.16865712279747
7196,80,3,96,492.6025050886529
7197,80,3,97,535.3336172004218
7198,80,3,98,332.08230116572656
7199,80,3,99,507.0660526170669
7200,82,1,0,78.76708454680968
7201,82,1,1,93.12081631275213
7202,82,1,2,82.22578239038798
7203,82,1,3,67.52911533819841
7204,82,1,4,87.26999636433784
7205,82,1,5,104.45565330167834
7206,82,1,6,84.87602007470166
7207,82,1,7,73.0478591230423
7208,82,1,8,70.25244253289577
7209,82,1,9,63.5750904364723
7210,82,1,10,96.16037258185574
7211,82,1,11,94.48020088121947
7212,82,1,12,68.2088561382913
7213,82,1,13,75.71771968749196
7214,82,1,14,71.65605231549984
7215,82,1,15,264.61594468634433
7216,82,1,16,76.61748427102634
7217,82,1,17,99.8740489742241
7218,82,1,18,63.375624081621
7219,82,1,19,76.28632719956047
7220,82,1,20,63.90891125531132
7221,82,1,21,82.73006803882686
7222,82,1,22,96.60126870597942
7223,82,1,23,78.49545613373017
7224,82,1,24,79.24695458375498
7225,82,1,25,84.14390849444332
7226,82,1,26,103.30521912261247
7227,82,1,27,74.6369538506693
7228,82,1,28,75.1259874605307
7229,82,1,29,88.87965945278697
7230,82,1,30,79.79486908132213
7231,82,1,31,89.07643244053287
7232,82,1,32,79.01965656297337
7233,82,1,33,87.94389571218035
7234,82,1,34,65.39009024820727
7235,82,1,35,89.57608492574157
7236,82,1,36,71.41610636862451
7237,82,1,37,65.44618794828446
7238,82,1,38,74.42496719445978
7239,82,1,39,78.29423472765022
7240,82,1,40,95.41995373822444
7241,82,1,41,66.33177245763525
7242,82,1,42,93.77870843105414
7243,82,1,43,92.76694482251348
7244,82,1,44,95.72974942551069
7245,82,1,45,106.22148715001799
7246,82,1,46,83.09819203894294
7247,82,1,47,78.80439862240809
7248,82,1,48,65.06090665520381
7249,82,1,49,64.92148289188717
7250,82,1,50,68.83499747960336
7251,82,1,51,84.67374864970601
7252,82,1,52,90.469100785585
7253,82,1,53,63.98089725388494
7254,82,1,54,74.1946385209145
7255,82,1,55,222.33636491761996
7256,82,1,56,85.58053126804619
7257,82,1,57,82.869886181629
7258,82,1,58,80.08947936345993
7259,82,1,59,63.22832795977822
7260,82,1,60,86.46759274900143
7261,82,1,61,82.18933808297345
7262,82,1,62,107.9036735985356
7263,82,1,63,84.56354090529086
7264,82,1,64,70.81354384574283
7265,82,1,65,81.59017195587438
7266,82,1,66,96.8643943623481
7267,82,1,67,242.4752043413682
7268,82,1,68,97.72288061602424
7269,82,1,69,76.00489157050684
7270,82,1,70,237.8450829222685
7271,82,1,71,75.79760134674699
7272,82,1,72,98.30834518168243
7273,82,1,73,85.39084295352598
7274,82,1,74,73.47594598587177
7275,82,1,75,248.3161102338373
7276,82,1,76,84.87879110253068
7277,82,1,77,93.93125856116976
7278,82,1,78,66.4182284917752
7279,82,1,79,68.04815069123002
7280,82,1,80,79.12987322864493
7281,82,1,81,69.77335674510452
7282,82,1,82,85.56286638564421
7283,82,1,83,100.0081828766711
7284,82,1,84,74.70533931948854
7285,82,1,85,69.99664754105896
7286,82,1,86,72.73947602291064
7287,82,1,87,84.1452129278887
7288,82,1,88,72.49860837872988
7289,82,1,89,83.5729440393949
7290,82,1,90,89.4454596919736
7291,82,1,91,86.52736326459205
7292,82,1,92,90.88688852843488
7293,82,1,93,81.43986875801002
7294,82,1,94,83.2564974420687
7295,82,1,95,91.09195761225325
7296,82,1,96,81.46660393031365
7297,82,1,97,79.44484975352061
7298,82,1,98,95.02483745137506
7299,82,1,99,65.38262236863314
7300,82,2,0,190.20899181557775
7301,82,2,1,208.63325877740266
7302,82,2,2,397.21810142281606
7303,82,2,3,187.65142387243375
7304,82,2,4,202.55751606118784
7305,82,2,5,230.91236660935417
7306,82,2,6,222.60633848719038
7307,82,2,7,189.74389080354283
7308,82,2,8,183.8357898791201
7309,82,2,9,198.2255155531816
7310,82,2,10,176.03811236111778
7311,82,2,11,397.5006070858094
7312,82,2,12,204.94098610547078
7313,82,2,13,194.70789625677853
7314,82,2,14,189.11823461885635
7315,82,2,15,202.3643116596295
7316,82,2,16,167.85544955840138
7317,82,2,17,190.11838158077927
7318,82,2,18,383.7354374365412
7319,82,2,19,179.09418610415443
7320,82,2,20,406.97562636856827
7321,82,2,21,214.03181627163664
7322,82,2,22,206.33107151666243
7323,82,2,23,398.96527505550137
7324,82,2,24,192.67415371398286
7325,82,2,25,213.7568174395104
7326,82,2,26,218.0048972704045
7327,82,2,27,365.63642863474166
7328,82,2,28,222.57437537183299
7329,82,2,29,193.22202571382903
7330,82,2,30,199.0480224881247
7331,82,2,31,383.50906548026416
7332,82,2,32,193.98285633867886
7333,82,2,33,194.60602535000083
7334,82,2,34,233.13847348312876
7335,82,2,35,411.3024082731954
7336,82,2,36,205.62791044545733
7337,82,2,37,407.68455919039343
7338,82,2,38,207.34097498156402
7339,82,2,39,198.373091778326
7340,82,2,40,232.66803378350502
7341,82,2,41,201.74530597887536
7342,82,2,42,203.6619660412899
7343,82,2,43,190.92369473285828
7344,82,2,44,402.20592694582274
7345,82,2,45,207.53522005227356
7346,82,2,46,227.52174788485698
7347,82,2,47,197.07094499031794
7348,82,2,48,307.5589355417752
7349,82,2,49,393.55227211185496
7350,82,2,50,196.90553734168827
7351,82,2,51,199.66552043934496
7352,82,2,52,339.72147159003634
7353,82,2,53,196.67094453606865
7354,82,2,54,228.55165354575647
7355,82,2,55,194.40477658147802
7356,82,2,56,192.48374468990474
7357,82,2,57,396.64143057291926
7358,82,2,58,390.3529528301277
7359,82,2,59,373.64184525682424
7360,82,2,60,359.45798711927506
7361,82,2,61,195.7749034062056
7362,82,2,62,204.88590156037614
7363,82,2,63,371.0002988525134
7364,82,2,64,221.96073770695932
7365,82,2,65,198.7326675593598
7366,82,2,66,206.28026960657232
7367,82,2,67,204.66405922796633
7368,82,2,68,204.47684428670817
7369,82,2,69,221.0589183701724
7370,82,2,70,200.93566877640947
7371,82,2,71,203.93462724778652
7372,82,2,72,183.80117522334444
7373,82,2,73,201.1817777074731
7374,82,2,74,195.01411383842103
7375,82,2,75,205.6776143704559
7376,82,2,76,201.51784491571723
7377,82,2,77,204.53367683031715
7378,82,2,78,229.06498893312963
7379,82,2,79,206.29658252589843
7380,82,2,80,189.11851934953293
7381,82,2,81,198.6950125348214
7382,82,2,82,191.25556738344082
7383,82,2,83,196.93940220738483
7384,82,2,84,187.58046707592257
7385,82,2,85,191.62225609717316
7386,82,2,86,343.05392611956273
7387,82,2,87,187.92855347547018
7388,82,2,88,382.9026345618693
7389,82,2,89,215.1397631729233
7390,82,2,90,313.31623475165327
7391,82,2,91,197.36160870821095
7392,82,2,92,204.31319575312855
7393,82,2,93,196.3086093288324
7394,82,2,94,385.5332187689409
7395,82,2,95,197.03699346570076
7396,82,2,96,389.03757379452435
7397,82,2,97,208.81172486387572
7398,82,2,98,210.22116053510146
7399,82,2,99,195.83274929572676
7400,82,3,0,335.2525473650621
7401,82,3,1,305.61133070928486
7402,82,3,2,314.1062978728759
7403,82,3,3,358.3565681801204
7404,82,3,4,296.9232301810765
7405,82,3,5,502.2514051695264
7406,82,3,6,354.89940007495653
7407,82,3,7,326.4174901892893
7408,82,3,8,306.4278465091846
7409,82,3,9,285.0875777216059
7410,82,3,10,351.8751930683282
7411,82,3,11,358.20888619435516
7412,82,3,12,303.0182117305103
7413,82,3,13,357.794248182273
7414,82,3,14,527.0614321230746
7415,82,3,15,518.479058473744
7416,82,3,16,347.6837966166384
7417,82,3,17,333.6208814289944
7418,82,3,18,320.326586061038
7419,82,3,19,530.8784213740894
7420,82,3,20,285.62575413309673
7421,82,3,21,319.27830847519357
7422,82,3,22,534.4507881039074
7423,82,3,23,303.100798948405
7424,82,3,24,499.24375738691856
7425,82,3,25,289.18105236054345
7426,82,3,26,350.3067474475411
7427,82,3,27,297.27815624996526
7428,82,3,28,528.5912212145035
7429,82,3,29,292.7941396982152
7430,82,3,30,387.6399032963396
7431,82,3,31,303.61582280715726
7432,82,3,32,514.401357170965
7433,82,3,33,299.9384244624311
7434,82,3,34,525.9086744490006
7435,82,3,35,312.9240664066498
7436,82,3,36,325.9595480292553
7437,82,3,37,285.11462729064766
7438,82,3,38,317.4601617959372
7439,82,3,39,271.8899428423787
7440,82,3,40,280.756753788856
7441,82,3,41,296.567513853373
7442,82,3,42,326.41596184768656
7443,82,3,43,487.2826605369113
7444,82,3,44,293.64059441666194
7445,82,3,45,326.75876225972377
7446,82,3,46,511.4145582984271
7447,82,3,47,278.01720591020546
7448,82,3,48,391.2206748592602
7449,82,3,49,283.3621840666904
7450,82,3,50,344.59946700658287
7451,82,3,51,503.00173246267735
7452,82,3,52,294.573699229632
7453,82,3,53,326.0159391906158
7454,82,3,54,304.894448454827
7455,82,3,55,342.07747959061976
7456,82,3,56,307.72573998928755
7457,82,3,57,300.86933411120225
7458,82,3,58,320.0458309793234
7459,82,3,59,331.692825387007
7460,82,3,60,280.00897845517835
7461,82,3,61,283.19132907879003
7462,82,3,62,300.54422838501245
7463,82,3,63,328.8510876610201
7464,82,3,64,322.5291805518591
7465,82,3,65,352.48225068615227
7466,82,3,66,376.7556779568788
7467,82,3,67,281.4963345565633
7468,82,3,68,285.5630725653511
7469,82,3,69,329.00492896314495
7470,82,3,70,302.135401342517
7471,82,3,71,351.6220434344796
7472,82,3,72,320.6191289857625
7473,82,3,73,315.1473839639187
7474,82,3,74,354.3013649803121
7475,82,3,75,368.10468696551504
7476,82,3,76,316.1655809111909
7477,82,3,77,320.0241016761419
7478,82,3,78,283.3007488340886
7479,82,3,79,287.6992181222391
7480,82,3,80,290.5028678728106
7481,82,3,81,312.8192568181282
7482,82,3,82,293.11742229637827
7483,82,3,83,325.5700788505304
7484,82,3,84,363.2120973686168
7485,82,3,85,303.95436410120243
7486,82,3,86,511.7094431755935
7487,82,3,87,363.1383186675326
7488,82,3,88,283.0434537512431
7489,82,3,89,312.99335259487367
7490,82,3,90,300.6732694545131
7491,82,3,91,327.1525612403847
7492,82,3,92,529.7583614653996
7493,82,3,93,372.5555654002306
7494,82,3,94,283.8002139279168
7495,82,3,95,276.2334962861327
7496,82,3,96,360.8209399831992
7497,82,3,97,340.0084545053009
7498,82,3,98,317.4047021562921
7499,82,3,99,319.9273876647342
7500,84,1,0,252.64476363469305
7501,84,1,1,233.27419223953464
7502,84,1,2,265.4897547834498
7503,84,1,3,271.9908000286309
7504,84,1,4,66.28273709209077
7505,84,1,5,237.09681036872604
7506,84,1,6,103.32247217860774
7507,84,1,7,235.3279483230311
7508,84,1,8,269.99994867104385
7509,84,1,9,234.01346327009983
7510,84,1,10,245.9897701014215
7511,84,1,11,241.27675687887745
7512,84,1,12,245.91177264319614
7513,84,1,13,229.96003011804592
7514,84,1,14,243.34790031191497
7515,84,1,15,232.19107888115988
7516,84,1,16,267.2199929904686
7517,84,1,17,234.87614361225775
7518,84,1,18,225.28716933847272
7519,84,1,19,228.03535398798272
7520,84,1,20,236.71762142473233
7521,84,1,21,228.1644289751929
7522,84,1,22,273.863898659972
7523,84,1,23,276.6163335741996
7524,84,1,24,239.95546661388107
7525,84,1,25,229.56861378654907
7526,84,1,26,272.64779236806487
7527,84,1,27,265.5704299884507
7528,84,1,28,266.5670212383563
7529,84,1,29,121.00585573853333
7530,84,1,30,235.39710484169802
7531,84,1,31,227.18741755484203
7532,84,1,32,252.6616834916752
7533,84,1,33,233.43402043729137
7534,84,1,34,235.66362832850106
7535,84,1,35,123.6797616031538
7536,84,1,36,228.49076904065953
7537,84,1,37,109.33292163473283
7538,84,1,38,229.99707478908692
7539,84,1,39,250.8494202808643
7540,84,1,40,256.8380721389547
7541,84,1,41,236.42293954849148
7542,84,1,42,224.49775266784022
7543,84,1,43,222.7123997902026
7544,84,1,44,75.86371111934517
7545,84,1,45,229.11473333884314
7546,84,1,46,231.11880564017875
7547,84,1,47,228.014257305649
7548,84,1,48,246.32647598345307
7549,84,1,49,223.5463188594391
7550,84,1,50,250.44099346281172
7551,84,1,51,248.79385426998155
7552,84,1,52,232.0589062889338
7553,84,1,53,229.79193741615452
7554,84,1,54,240.4076314998454
7555,84,1,55,250.9956611720097
7556,84,1,56,250.5655567290245
7557,84,1,57,104.00699380898301
7558,84,1,58,229.750776385414
7559,84,1,59,239.40176987713068
7560,84,1,60,221.80287793956242
7561,84,1,61,270.2259857585282
7562,84,1,62,236.1850803491704
7563,84,1,63,218.8721607101395
7564,84,1,64,231.39693029210233
7565,84,1,65,224.17181788510118
7566,84,1,66,275.73652477093617
7567,84,1,67,235.86323160522855
7568,84,1,68,126.19726629911223
7569,84,1,69,246.24701972866913
7570,84,1,70,226.96909810217036
7571,84,1,71,255.10846095435667
7572,84,1,72,228.2151359438975
7573,84,1,73,89.92962610847408
7574,84,1,74,263.78938875764834
7575,84,1,75,115.07778563645083
7576,84,1,76,223.29188347544232
7577,84,1,77,75.20467602700364
7578,84,1,78,238.0604533032053
7579,84,1,79,226.72771186645312
7580,84,1,80,233.98259711094275
7581,84,1,81,232.36226504330273
7582,84,1,82,263.32182228141426
7583,84,1,83,241.50773005722064
7584,84,1,84,237.97503210753524
7585,84,1,85,234.00002853447893
7586,84,1,86,234.22712338354677
7587,84,1,87,230.70362910261287
7588,84,1,88,261.92098111484074
7589,84,1,89,257.17629808475556
7590,84,1,90,250.80351489109998
7591,84,1,91,232.9752478559249
7592,84,1,92,232.99103189914845
7593,84,1,93,223.32985208081035
7594,84,1,94,237.58324402210164
7595,84,1,95,70.07136584545644
7596,84,1,96,129.65789866925104
7597,84,1,97,251.33448076417466
7598,84,1,98,263.78706658029085
7599,84,1,99,228.36304829654478
7600,84,2,0,394.53502568644865
7601,84,2,1,198.58726594925042
7602,84,2,2,184.24019103889773
7603,84,2,3,373.14250643953477
7604,84,2,4,376.4610127347755
7605,84,2,5,377.18014879946224
7606,84,2,6,393.13563293636395
7607,84,2,7,173.36155336591267
7608,84,2,8,171.7734576013425
7609,84,2,9,382.2727262901964
7610,84,2,10,373.3211289249186
7611,84,2,11,208.5719499348105
7612,84,2,12,373.54826644481557
7613,84,2,13,215.0666656324121
7614,84,2,14,379.86678006886115
7615,84,2,15,385.25023816687025
7616,84,2,16,195.88726122366865
7617,84,2,17,378.3181142261729
7618,84,2,18,205.42399199339602
7619,84,2,19,381.23826372984314
7620,84,2,20,369.6263986344475
7621,84,2,21,196.9655785237533
7622,84,2,22,379.00383646109685
7623,84,2,23,192.64319096036058
7624,84,2,24,193.5415157363842
7625,84,2,25,384.1936500368919
7626,84,2,26,210.60278586365231
7627,84,2,27,372.41102277410283
7628,84,2,28,375.0920609289836
7629,84,2,29,374.8939675967599
7630,84,2,30,153.57989629569695
7631,84,2,31,199.558740478698
7632,84,2,32,228.77898150878937
7633,84,2,33,373.8396179155153
7634,84,2,34,373.8240898423172
7635,84,2,35,373.7488723611194
7636,84,2,36,375.63887882551256
7637,84,2,37,375.34070268079086
7638,84,2,38,370.9008646191819
7639,84,2,39,379.7306399225597
7640,84,2,40,372.52486346047937
7641,84,2,41,387.6871740421358
7642,84,2,42,386.06997071204603
7643,84,2,43,374.4253933905403
7644,84,2,44,385.90692631764927
7645,84,2,45,172.01789276873856
7646,84,2,46,177.2970300441053
7647,84,2,47,194.17873689156596
7648,84,2,48,374.2980946122038
7649,84,2,49,221.94840509211474
7650,84,2,50,384.0744023769929
7651,84,2,51,372.8037451004454
7652,84,2,52,392.51168254380474
7653,84,2,53,379.3134989595186
7654,84,2,54,373.111667117177
7655,84,2,55,373.2696698596601
7656,84,2,56,373.1569715824778
7657,84,2,57,192.34330959793684
7658,84,2,58,376.9514761886545
7659,84,2,59,212.79233695610134
7660,84,2,60,378.236519307481
7661,84,2,61,392.5090100105319
7662,84,2,62,373.4061796473142
7663,84,2,63,181.95180951816639
7664,84,2,64,373.12579675754733
7665,84,2,65,197.7491151642012
7666,84,2,66,372.36282901827195
7667,84,2,67,378.9476069754865
7668,84,2,68,189.73413492309282
7669,84,2,69,380.6958305478148
7670,84,2,70,372.9207054627736
7671,84,2,71,371.7399778567511
7672,84,2,72,376.9122190750229
7673,84,2,73,374.1147884865436
7674,84,2,74,377.859113350146
7675,84,2,75,205.6232027134482
7676,84,2,76,374.2007183141352
7677,84,2,77,381.3007630745964
7678,84,2,78,203.2700802061787
7679,84,2,79,370.25309485330513
7680,84,2,80,381.53757037921036
7681,84,2,81,378.17072384469805
7682,84,2,82,390.7893659073887
7683,84,2,83,215.39138927690988
7684,84,2,84,376.63180907013503
7685,84,2,85,163.19778621752553
7686,84,2,86,374.2521038331378
7687,84,2,87,372.4017173685919
7688,84,2,88,374.5285436372565
7689,84,2,89,375.73386330318823
7690,84,2,90,387.1619072931268
7691,84,2,91,219.55351060542077
7692,84,2,92,373.3386039661271
7693,84,2,93,371.8430075670029
7694,84,2,94,381.2534041604229
7695,84,2,95,374.9240055939274
7696,84,2,96,374.9886161338247
7697,84,2,97,385.7359208329623
7698,84,2,98,373.72582092698497
7699,84,2,99,380.3960213788452
7700,84,3,0,512.5638457146762
7701,84,3,1,514.1436382659758
7702,84,3,2,534.039787497857
7703,84,3,3,524.9732447095937
7704,84,3,4,521.7244805767103
7705,84,3,5,503.58489645529676
7706,84,3,6,534.2423748973192
7707,84,3,7,525.5372812558088
7708,84,3,8,512.8688682996335
7709,84,3,9,508.2207471518481
7710,84,3,10,506.55529154005455
7711,84,3,11,525.3688906557082
7712,84,3,12,522.820315304687
7713,84,3,13,530.9826401075445
7714,84,3,14,511.5877461653967
7715,84,3,15,493.12083547594585
7716,84,3,16,374.1130576842885
7717,84,3,17,516.8131348629843
7718,84,3,18,523.452345581992
7719,84,3,19,521.633422845566
7720,84,3,20,525.41692829
7721,84,3,21,512.7709540974021
7722,84,3,22,359.11196021632566
7723,84,3,23,509.52510323687824
7724,84,3,24,497.53487383670904
7725,84,3,25,499.98524452282254
7726,84,3,26,515.3345890621817
7727,84,3,27,536.024828770213
7728,84,3,28,527.1689777464057
7729,84,3,29,508.53930999770563
7730,84,3,30,529.0621938141107
7731,84,3,31,530.0995147875649
7732,84,3,32,505.3170040487978
7733,84,3,33,519.5071418316372
7734,84,3,34,519.0709073437613
7735,84,3,35,530.2527429385127
7736,84,3,36,535.4044219438665
7737,84,3,37,528.5868024330925
7738,84,3,38,525.93023532219
7739,84,3,39,512.4388568424662
7740,84,3,40,535.2344119960914
7741,84,3,41,521.7573882301505
7742,84,3,42,513.0193051819078
7743,84,3,43,527.4786035034442
7744,84,3,44,491.6695751269551
7745,84,3,45,530.633706769179
7746,84,3,46,512.5143896125575
7747,84,3,47,503.01207877412065
7748,84,3,48,520.322629854029
7749,84,3,49,536.3306264074184
7750,84,3,50,523.1590591335643
7751,84,3,51,517.7524528929574
7752,84,3,52,508.0035820472239
7753,84,3,53,526.1722908211505
7754,84,3,54,509.74332773299926
7755,84,3,55,510.91964709552155
7756,84,3,56,504.992899665163
7757,84,3,57,513.3432755162048
7758,84,3,58,524.0153858390851
7759,84,3,59,522.1831277902561
7760,84,3,60,503.5038708753421
7761,84,3,61,533.3409926952233
7762,84,3,62,524.1421874260893
7763,84,3,63,502.60754484280994
7764,84,3,64,519.0314954866953
7765,84,3,65,373.93317382863364
7766,84,3,66,480.74247099980363
7767,84,3,67,525.5822759462169
7768,84,3,68,354.9078885693246
7769,84,3,69,508.43694400116175
7770,84,3,70,534.2781699596316
7771,84,3,71,517.2865281618607
7772,84,3,72,516.0375503022346
7773,84,3,73,535.9262167656967
7774,84,3,74,534.5493631145565
7775,84,3,75,374.48730245532596
7776,84,3,76,513.3120584549932
7777,84,3,77,528.729560490321
7778,84,3,78,483.2526959627404
7779,84,3,79,373.12336293802
7780,84,3,80,514.4074594470065
7781,84,3,81,530.2870985773778
7782,84,3,82,522.2996456689912
7783,84,3,83,517.2882288260824
7784,84,3,84,519.8124142314148
7785,84,3,85,495.81654872403954
7786,84,3,86,524.1671674164489
7787,84,3,87,494.5088253048145
7788,84,3,88,531.691570636687
7789,84,3,89,518.0867892853812
7790,84,3,90,536.6434540389599
7791,84,3,91,510.0034723401865
7792,84,3,92,506.7579320834483
7793,84,3,93,528.8283729417427
7794,84,3,94,533.4022728099985
7795,84,3,95,509.24683062633306
7796,84,3,96,484.2812304310245
7797,84,3,97,518.1806657013027
7798,84,3,98,510.92786746461513
7799,84,3,99,504.1581586880218
7800,86,1,0,95.09642077178853
7801,86,1,1,84.03634688692156
7802,86,1,2,87.94465397770276
7803,86,1,3,109.68506367987315
7804,86,1,4,132.34266503157258
7805,86,1,5,125.54448675602221
7806,86,1,6,269.86536529472295
7807,86,1,7,101.12867304277522
7808,86,1,8,134.1081563207782
7809,86,1,9,83.31212129136038
7810,86,1,10,139.63512654747296
7811,86,1,11,80.93942882992684
7812,86,1,12,110.71558213242596
7813,86,1,13,74.29240070883054
7814,86,1,14,84.167437482589
7815,86,1,15,89.6429074410151
7816,86,1,16,72.71790071693717
7817,86,1,17,84.76135153234486
7818,86,1,18,65.43943177202202
7819,86,1,19,148.85208235007323
7820,86,1,20,337.00915313719855
7821,86,1,21,86.08646195522216
7822,86,1,22,110.88383093411171
7823,86,1,23,238.5834347220516
7824,86,1,24,86.24758170943703
7825,86,1,25,133.01957158399753
7826,86,1,26,116.47082206525933
7827,86,1,27,82.44588954212207
7828,86,1,28,91.60170910718728
7829,86,1,29,224.4151396401638
7830,86,1,30,263.2315236153209
7831,86,1,31,132.312992257423
7832,86,1,32,112.50097944109456
7833,86,1,33,95.4506032807005
7834,86,1,34,87.74425337370441
7835,86,1,35,72.25254693720804
7836,86,1,36,142.49835442736017
7837,86,1,37,125.23359521040675
7838,86,1,38,126.787865995771
7839,86,1,39,233.19793796529717
7840,86,1,40,98.3547903548383
7841,86,1,41,249.62210578689562
7842,86,1,42,134.93311051653177
7843,86,1,43,132.1493024913622
7844,86,1,44,135.83243917877007
7845,86,1,45,93.8220659945073
7846,86,1,46,322.3557563466067
7847,86,1,47,79.33927021272945
7848,86,1,48,87.51528762251529
7849,86,1,49,81.35833337114
7850,86,1,50,69.72152908975386
7851,86,1,51,83.12149991643543
7852,86,1,52,74.95446483047024
7853,86,1,53,137.41534306351159
7854,86,1,54,71.5427765823192
7855,86,1,55,279.6937021118564
7856,86,1,56,91.75107392815133
7857,86,1,57,93.33657392960889
7858,86,1,58,86.53507064211306
7859,86,1,59,88.75217839115291
7860,86,1,60,129.91020782895563
7861,86,1,61,78.88502757826541
7862,86,1,62,83.57840281070683
7863,86,1,63,124.5905935752645
7864,86,1,64,338.79751669706457
7865,86,1,65,116.13527074070153
7866,86,1,66,107.72275983639442
7867,86,1,67,94.4558211023491
7868,86,1,68,234.3346036103297
7869,86,1,69,122.41498308546764
7870,86,1,70,106.22984543910248
7871,86,1,71,280.72694565418595
7872,86,1,72,76.43162506621228
7873,86,1,73,107.82248177206174
7874,86,1,74,91.10003493987865
7875,86,1,75,81.21228649178296
7876,86,1,76,301.39000179822335
7877,86,1,77,81.36786735522385
7878,86,1,78,248.21219760032733
7879,86,1,79,87.82763962890327
7880,86,1,80,129.70472387119995
7881,86,1,81,257.8136036934466
7882,86,1,82,343.65933396040504
7883,86,1,83,92.25875974313908
7884,86,1,84,256.77127737787595
7885,86,1,85,87.73608280153717
7886,86,1,86,97.0023737456229
7887,86,1,87,296.85990962867976
7888,86,1,88,83.5336179890231
7889,86,1,89,110.72261879291712
7890,86,1,90,83.75709734672367
7891,86,1,91,103.5203297696297
7892,86,1,92,134.80773694925722
7893,86,1,93,117.28603777581841
7894,86,1,94,83.94811160889283
7895,86,1,95,67.83546745870596
7896,86,1,96,220.31039906391877
7897,86,1,97,108.18670640445944
7898,86,1,98,95.92867314036675
7899,86,1,99,135.78648703991385
7900,86,2,0,341.7595131075722
7901,86,2,1,312.34220290264886
7902,86,2,2,258.35392405787076
7903,86,2,3,264.0308273489235
7904,86,2,4,253.21937149101495
7905,86,2,5,304.5543814284097
7906,86,2,6,288.34340769310217
7907,86,2,7,352.40594015817476
7908,86,2,8,352.66462970617823
7909,86,2,9,293.7401773477359
7910,86,2,10,287.12467867408566
7911,86,2,11,293.40126904789685
7912,86,2,12,254.15508670149615
7913,86,2,13,314.6884266183235
7914,86,2,14,326.2652189889915
7915,86,2,15,295.7763160321062
7916,86,2,16,324.0828210241225
7917,86,2,17,267.8234951341018
7918,86,2,18,311.62233146680614
7919,86,2,19,287.5246583565992
7920,86,2,20,312.23375769728653
7921,86,2,21,262.56711936197723
7922,86,2,22,324.5168755366642
7923,86,2,23,334.2399806486589
7924,86,2,24,311.90806468812116
7925,86,2,25,259.7280080886148
7926,86,2,26,305.55781963931634
7927,86,2,27,287.32657296791564
7928,86,2,28,258.98289163493854
7929,86,2,29,336.63888715428527
7930,86,2,30,326.20900925935734
7931,86,2,31,284.03078579422373
7932,86,2,32,288.36349468015186
7933,86,2,33,295.2066661790565
7934,86,2,34,311.3793393530418
7935,86,2,35,301.98807150755454
7936,86,2,36,293.9995869996239
7937,86,2,37,262.50224736304665
7938,86,2,38,320.8366829897023
7939,86,2,39,309.15345043404045
7940,86,2,40,342.2658960982127
7941,86,2,41,345.95706474274084
7942,86,2,42,352.9800646316898
7943,86,2,43,288.4009769891553
7944,86,2,44,310.84954064292555
7945,86,2,45,316.3861220818031
7946,86,2,46,339.46301173400343
7947,86,2,47,257.2739197899965
7948,86,2,48,259.94300654208985
7949,86,2,49,311.1061589766187
7950,86,2,50,317.4504336941129
7951,86,2,51,246.1125228743248
7952,86,2,52,293.7003923941122
7953,86,2,53,267.6971431485523
7954,86,2,54,288.00520230512905
7955,86,2,55,309.4781009751546
7956,86,2,56,301.1882831385679
7957,86,2,57,302.310214591614
7958,86,2,58,262.5650479063739
7959,86,2,59,291.8478664529442
7960,86,2,60,260.4001290681522
7961,86,2,61,331.79629864252956
7962,86,2,62,263.75321350440277
7963,86,2,63,295.5603679511556
7964,86,2,64,270.34752880305507
7965,86,2,65,267.9056510962168
7966,86,2,66,262.05767759395985
7967,86,2,67,293.3775393404184
7968,86,2,68,315.65793718444127
7969,86,2,69,314.63484103776835
7970,86,2,70,261.9469790622552
7971,86,2,71,321.7665100050908
7972,86,2,72,303.593066525896
7973,86,2,73,288.69512910805196
7974,86,2,74,259.88448450044194
7975,86,2,75,245.7134446912902
7976,86,2,76,338.07981374969825
7977,86,2,77,264.51678372750627
7978,86,2,78,291.4982761303097
7979,86,2,79,341.8648119923854
7980,86,2,80,334.1539916496945
7981,86,2,81,305.29158060609296
7982,86,2,82,275.3201426225252
7983,86,2,83,297.4104698057315
7984,86,2,84,339.62441395528543
7985,86,2,85,274.61670043582336
7986,86,2,86,343.2349416744073
7987,86,2,87,293.9233026774588
7988,86,2,88,309.23480634837443
7989,86,2,89,275.2475875487679
7990,86,2,90,293.67761413160906
7991,86,2,91,296.4174175411732
7992,86,2,92,347.16506966691503
7993,86,2,93,317.7413823402363
7994,86,2,94,302.5828966473603
7995,86,2,95,313.67405694163676
7996,86,2,96,301.50114013099426
7997,86,2,97,283.9190157194596
7998,86,2,98,334.62793920797134
7999,86,2,99,324.99089609661957
8000,86,3,0,517.4411332103681
8001,86,3,1,526.5420967418337
8002,86,3,2,233.86448586225183
8003,86,3,3,254.39091069327228
8004,86,3,4,516.526568248756
8005,86,3,5,280.33502334326727
8006,86,3,6,338.44868790217885
8007,86,3,7,366.61586473872364
8008,86,3,8,271.42193108416296
8009,86,3,9,244.53797824290132
8010,86,3,10,278.52146502245665
8011,86,3,11,322.9367812299229
8012,86,3,12,271.06213962681454
8013,86,3,13,198.3081833939063
8014,86,3,14,280.95151182808587
8015,86,3,15,533.1271412213911
8016,86,3,16,265.0226856875085
8017,86,3,17,302.63225977818433
8018,86,3,18,227.7337056545639
8019,86,3,19,240.78446831636637
8020,86,3,20,324.0237304458943
8021,86,3,21,256.64812333570313
8022,86,3,22,279.9065494593276
8023,86,3,23,290.4929061481583
8024,86,3,24,269.7827832221587
8025,86,3,25,228.04956988800288
8026,86,3,26,252.4521676315285
8027,86,3,27,516.6312673794478
8028,86,3,28,274.63307326477525
8029,86,3,29,306.72458771375204
8030,86,3,30,286.5046192206427
8031,86,3,31,249.7629287483545
8032,86,3,32,319.73607574752634
8033,86,3,33,299.37825985532265
8034,86,3,34,526.0473366614925
8035,86,3,35,212.14383818174878
8036,86,3,36,243.80132146108522
8037,86,3,37,288.2889114755372
8038,86,3,38,536.4459515863081
8039,86,3,39,530.5062473381388
8040,86,3,40,344.90752144627095
8041,86,3,41,287.8109448714653
8042,86,3,42,535.4805068707547
8043,86,3,43,351.2214408777393
8044,86,3,44,351.2341989196458
8045,86,3,45,297.2927208249775
8046,86,3,46,535.4948670895195
8047,86,3,47,317.2277873197212
8048,86,3,48,504.61560357689785
8049,86,3,49,367.0438795715298
8050,86,3,50,216.70787628265953
8051,86,3,51,227.29527247792672
8052,86,3,52,340.8166572027794
8053,86,3,53,512.7582748172572
8054,86,3,54,300.9000636741817
8055,86,3,55,343.91388614636196
8056,86,3,56,277.34866639370176
8057,86,3,57,311.954220420125
8058,86,3,58,533.7752221414547
8059,86,3,59,231.52192496890967
8060,86,3,60,364.38718967304106
8061,86,3,61,195.20804483391012
8062,86,3,62,505.8858377300961
8063,86,3,63,308.9988379032843
8064,86,3,64,243.76944956112783
8065,86,3,65,532.7670402046632
8066,86,3,66,527.2796006723346
8067,86,3,67,275.02466023533356
8068,86,3,68,533.027792641638
8069,86,3,69,216.67217112580076
8070,86,3,70,330.1018639122133
8071,86,3,71,232.8811513625698
8072,86,3,72,256.8103128244421
8073,86,3,73,228.83248234945052
8074,86,3,74,246.20492431518554
8075,86,3,75,272.6355201720804
8076,86,3,76,308.5957498118334
8077,86,3,77,519.4214891214311
8078,86,3,78,260.50385946648186
8079,86,3,79,249.4979185267145
8080,86,3,80,288.6935116880295
8081,86,3,81,246.21041438511253
8082,86,3,82,355.0539366779001
8083,86,3,83,202.80749474259704
8084,86,3,84,328.4802471236741
8085,86,3,85,288.37609600929903
8086,86,3,86,518.4441159122923
8087,86,3,87,256.5100101679331
8088,86,3,88,281.4892811912828
8089,86,3,89,355.0324971159526
8090,86,3,90,202.76056005344884
8091,86,3,91,531.9900844359928
8092,86,3,92,282.3171123321357
8093,86,3,93,277.43284480680785
8094,86,3,94,342.1631787743462
8095,86,3,95,283.74579999650626
8096,86,3,96,315.5854343830159
8097,86,3,97,227.8297646532106
8098,86,3,98,363.9768822413585
8099,86,3,99,264.51555216980137
8100,90,1,0,121.32580158802868
8101,90,1,1,100.70611153611596
8102,90,1,2,71.98642346377675
8103,90,1,3,111.97810260923319
8104,90,1,4,81.94532226921741
8105,90,1,5,266.9263705865526
8106,90,1,6,106.77935443587964
8107,90,1,7,272.0957243868691
8108,90,1,8,338.4167846113132
8109,90,1,9,355.1333095207453
8110,90,1,10,321.16853968655005
8111,90,1,11,314.4249366136786
8112,90,1,12,72.63746614960975
8113,90,1,13,330.26422059741344
8114,90,1,14,274.6748717538627
8115,90,1,15,100.50059664684542
8116,90,1,16,273.45196958335634
8117,90,1,17,94.54961085816733
8118,90,1,18,119.91416804634466
8119,90,1,19,305.79213750279524
8120,90,1,20,254.98586073514656
8121,90,1,21,281.17238409950244
8122,90,1,22,354.8774602268003
8123,90,1,23,111.69601137280209
8124,90,1,24,93.4408555786006
8125,90,1,25,102.10784641160626
8126,90,1,26,358.18504489408195
8127,90,1,27,68.15660824742012
8128,90,1,28,121.4141839953918
8129,90,1,29,335.76187987429614
8130,90,1,30,320.82132209163206
8131,90,1,31,120.2976944186953
8132,90,1,32,96.64756005106275
8133,90,1,33,258.38704099387735
8134,90,1,34,373.3906745937617
8135,90,1,35,64.46074387248251
8136,90,1,36,310.50907713666413
8137,90,1,37,62.897855257763794
8138,90,1,38,111.86551520043722
8139,90,1,39,387.32015222661454
8140,90,1,40,70.53996657572212
8141,90,1,41,106.16773495565577
8142,90,1,42,84.12436176108172
8143,90,1,43,353.90408645651036
8144,90,1,44,111.83186349354068
8145,90,1,45,90.13549504212992
8146,90,1,46,323.56137574784026
8147,90,1,47,98.87685979175467
8148,90,1,48,304.9841323504004
8149,90,1,49,111.39956821687797
8150,90,1,50,244.85038593014897
8151,90,1,51,345.7447449552154
8152,90,1,52,71.7271388315829
8153,90,1,53,369.49961962624866
8154,90,1,54,78.46296086286723
8155,90,1,55,122.41019171286949
8156,90,1,56,116.48226887452802
8157,90,1,57,329.88161343612796
8158,90,1,58,103.78349714637042
8159,90,1,59,106.04285788961407
8160,90,1,60,136.03582801873262
8161,90,1,61,101.71213235935828
8162,90,1,62,324.271591230308
8163,90,1,63,110.30191934031642
8164,90,1,64,84.95637515035573
8165,90,1,65,76.67073589018351
8166,90,1,66,106.11445713191355
8167,90,1,67,267.22010130141257
8168,90,1,68,77.5349832716321
8169,90,1,69,119.28791232672114
8170,90,1,70,103.89546239889906
8171,90,1,71,91.36240382369836
8172,90,1,72,106.29183441479802
8173,90,1,73,95.08062142340012
8174,90,1,74,64.40172529755263
8175,90,1,75,117.91678101075985
8176,90,1,76,99.00757476227244
8177,90,1,77,260.6784142054727
8178,90,1,78,96.77102472385283
8179,90,1,79,110.46950123155491
8180,90,1,80,81.30638808541289
8181,90,1,81,107.00631916597753
8182,90,1,82,304.9295612152701
8183,90,1,83,124.32254898922295
8184,90,1,84,94.85627914722699
8185,90,1,85,128.73403836038392
8186,90,1,86,133.35329481091213
8187,90,1,87,100.81839049022146
8188,90,1,88,310.41236959100564
8189,90,1,89,79.64334899029097
8190,90,1,90,240.54300073810236
8191,90,1,91,87.3610251394109
8192,90,1,92,334.6256396223418
8193,90,1,93,310.44481677822915
8194,90,1,94,67.4389604831091
8195,90,1,95,127.46869025520724
8196,90,1,96,66.44690339796662
8197,90,1,97,121.13645175330761
8198,90,1,98,129.75600352367442
8199,90,1,99,98.05587086468879
8200,90,2,0,128.69116280591868
8201,90,2,1,162.14270623632302
8202,90,2,2,387.88301924050313
8203,90,2,3,217.35979080526943
8204,90,2,4,101.77990695360873
8205,90,2,5,214.35037761927023
8206,90,2,6,220.63329990547643
8207,90,2,7,94.27845625720651
8208,90,2,8,126.40809836544801
8209,90,2,9,209.88129313815213
8210,90,2,10,74.44085513835209
8211,90,2,11,112.72665421015873
8212,90,2,12,200.5038868017562
8213,90,2,13,91.7227199808733
8214,90,2,14,140.38923212300048
8215,90,2,15,152.23467119841152
8216,90,2,16,210.21306269479882
8217,90,2,17,386.36036896348446
8218,90,2,18,151.88643447684947
8219,90,2,19,530.7077935229686
8220,90,2,20,87.6744287883912
8221,90,2,21,358.5364025231814
8222,90,2,22,133.8644518556308
8223,90,2,23,404.2316436025471
8224,90,2,24,86.80905356752164
8225,90,2,25,201.17107020188186
8226,90,2,26,92.29363546456189
8227,90,2,27,64.53032431911176
8228,90,2,28,126.99940741115235
8229,90,2,29,390.3367132079266
8230,90,2,30,208.8354721514722
8231,90,2,31,221.92321120637834
8232,90,2,32,219.92262434479437
8233,90,2,33,123.68305627929051
8234,90,2,34,140.09516478882102
8235,90,2,35,111.70205823429133
8236,90,2,36,172.7050888633642
8237,90,2,37,149.62978099945892
8238,90,2,38,156.25755694498181
8239,90,2,39,86.07333765583223
8240,90,2,40,62.14256044457108
8241,90,2,41,104.50219978088046
8242,90,2,42,118.60982718879238
8243,90,2,43,112.80437707050702
8244,90,2,44,112.19688315960286
8245,90,2,45,103.31551293115386
8246,90,2,46,106.69964786663357
8247,90,2,47,120.2899119982838
8248,90,2,48,140.70084504219955
8249,90,2,49,118.36807474445047
8250,90,2,50,138.7134774827842
8251,90,2,51,184.01830371943444
8252,90,2,52,390.12638916789376
8253,90,2,53,195.15277470635044
8254,90,2,54,137.13647151223304
8255,90,2,55,360.2643152735958
8256,90,2,56,70.79484659681268
8257,90,2,57,150.86635195265296
8258,90,2,58,149.9353096511849
8259,90,2,59,195.25981687704632
8260,90,2,60,200.80339006811997
8261,90,2,61,112.02359285791297
8262,90,2,62,187.94562560717605
8263,90,2,63,118.89054356358794
8264,90,2,64,123.84710728214753
8265,90,2,65,400.0459289611595
8266,90,2,66,142.31557632010708
8267,90,2,67,231.0574827736522
8268,90,2,68,142.6168036525598
8269,90,2,69,172.81940270478378
8270,90,2,70,152.8903276493289
8271,90,2,71,85.39088049103927
8272,90,2,72,144.9588807899488
8273,90,2,73,347.50091852242196
8274,90,2,74,133.89888902763144
8275,90,2,75,365.5669585289068
8276,90,2,76,119.90340698532228
8277,90,2,77,87.46070729931664
8278,90,2,78,115.5286902736271
8279,90,2,79,105.65546528503755
8280,90,2,80,377.7888253303278
8281,90,2,81,218.73543144976188
8282,90,2,82,171.3819753278196
8283,90,2,83,161.96112476867168
8284,90,2,84,192.0105441906912
8285,90,2,85,224.8212377963663
8286,90,2,86,81.58135326342372
8287,90,2,87,164.07165545991407
8288,90,2,88,113.25160562579843
8289,90,2,89,377.35900453135434
8290,90,2,90,99.52932793027067
8291,90,2,91,156.03142972185398
8292,90,2,92,167.20273219096111
8293,90,2,93,134.4243517496118
8294,90,2,94,110.75504896164077
8295,90,2,95,77.54165708572003
8296,90,2,96,156.09919224658404
8297,90,2,97,143.0164543192397
8298,90,2,98,106.67629981457792
8299,90,2,99,131.0258309562067
8300,90,3,0,350.97769633696237
8301,90,3,1,512.7404712821674
8302,90,3,2,333.7629249217397
8303,90,3,3,512.5419674931474
8304,90,3,4,532.5802622493044
8305,90,3,5,528.1729623184183
8306,90,3,6,370.3873042741967
8307,90,3,7,501.2237950837015
8308,90,3,8,364.98983232885075
8309,90,3,9,524.7615733441158
8310,90,3,10,337.52271449921335
8311,90,3,11,342.10332918093536
8312,90,3,12,526.4880053737297
8313,90,3,13,510.85016296781436
8314,90,3,14,523.868811686884
8315,90,3,15,524.1240493752185
8316,90,3,16,284.5538693465209
8317,90,3,17,519.211469540876
8318,90,3,18,517.6021037744762
8319,90,3,19,347.99416581461617
8320,90,3,20,342.8310890725288
8321,90,3,21,531.0163350990855
8322,90,3,22,536.8947371826432
8323,90,3,23,341.21264704754645
8324,90,3,24,530.8504203010466
8325,90,3,25,338.75501885917384
8326,90,3,26,353.05389256347803
8327,90,3,27,341.72952423383606
8328,90,3,28,353.94883901033154
8329,90,3,29,516.798850215459
8330,90,3,30,351.4366560809852
8331,90,3,31,342.7369037283213
8332,90,3,32,509.05390987843964
8333,90,3,33,345.6837048773811
8334,90,3,34,356.63762902012843
8335,90,3,35,356.8308153884559
8336,90,3,36,517.6493844364607
8337,90,3,37,517.2756584934098
8338,90,3,38,521.8340414968803
8339,90,3,39,336.8922538141657
8340,90,3,40,533.3683183998351
8341,90,3,41,344.30091242612644
8342,90,3,42,517.4890318851369
8343,90,3,43,370.7505133119204
8344,90,3,44,322.7502402493834
8345,90,3,45,512.420963887678
8346,90,3,46,527.3450373444539
8347,90,3,47,523.5984319145272
8348,90,3,48,342.24818389981715
8349,90,3,49,359.5014850874567
8350,90,3,50,515.3504672610912
8351,90,3,51,507.68350118202983
8352,90,3,52,515.3860471400891
8353,90,3,53,337.93454911024213
8354,90,3,54,519.4387184232634
8355,90,3,55,346.9413026364756
8356,90,3,56,517.1524226959631
8357,90,3,57,517.9755777327157
8358,90,3,58,358.1458408795666
8359,90,3,59,534.6041860528289
8360,90,3,60,511.9651081947837
8361,90,3,61,340.1580604752563
8362,90,3,62,361.7642378717525
8363,90,3,63,515.6065249593416
8364,90,3,64,365.9702882839439
8365,90,3,65,517.1249860297623
8366,90,3,66,347.84549048418074
8367,90,3,67,338.64066596302325
8368,90,3,68,359.840769982363
8369,90,3,69,355.2407679283755
8370,90,3,70,521.1899952050217
8371,90,3,71,344.1765485815002
8372,90,3,72,511.9988443414821
8373,90,3,73,343.7761492680466
8374,90,3,74,372.6009198813684
8375,90,3,75,354.9698283371211
8376,90,3,76,335.31082256611404
8377,90,3,77,339.8910788872186
8378,90,3,78,517.1602387450218
8379,90,3,79,535.9969443795786
8380,90,3,80,526.248700117978
8381,90,3,81,515.083239350868
8382,90,3,82,387.3570040260112
8383,90,3,83,346.08381060840975
8384,90,3,84,332.254164981467
8385,90,3,85,534.1037580028543
8386,90,3,86,511.80357521884935
8387,90,3,87,524.4885158313658
8388,90,3,88,517.064394224429
8389,90,3,89,517.3703628943432
8390,90,3,90,523.0276202520506
8391,90,3,91,510.10223112874473
8392,90,3,92,517.0337062682454
8393,90,3,93,350.6709119021112
8394,90,3,94,529.7232196302833
8395,90,3,95,526.2659260165409
8396,90,3,96,338.2189191196026
8397,90,3,97,505.32844313389285
8398,90,3,98,259.0359602159494
8399,90,3,99,343.3525429323153
8400,91,1,0,162.17376068098798
8401,91,1,1,397.9753655958163
8402,91,1,2,192.81572611604747
8403,91,1,3,86.12246736172591
8404,91,1,4,222.4456388949581
8405,91,1,5,214.75943212163352
8406,91,1,6,443.8001709939437
8407,91,1,7,196.28935906376321
8408,91,1,8,79.41957622345213
8409,91,1,9,177.7098669623433
8410,91,1,10,478.8934816748942
8411,91,1,11,462.1748515514265
8412,91,1,12,483.5558088284478
8413,91,1,13,462.5996694842171
8414,91,1,14,438.89503831226955
8415,91,1,15,188.67467166578535
8416,91,1,16,220.7887415167246
8417,91,1,17,390.59275507629286
8418,91,1,18,175.20107702086258
8419,91,1,19,533.9550439622304
8420,91,1,20,467.02927679859584
8421,91,1,21,503.17855850759156
8422,91,1,22,212.998005562894
8423,91,1,23,212.42013697844936
8424,91,1,24,179.8625192071222
8425,91,1,25,194.74508612172116
8426,91,1,26,174.28768049603244
8427,91,1,27,190.1744426740273
8428,91,1,28,495.87960618951297
8429,91,1,29,230.5759755659886
8430,91,1,30,484.5444366658036
8431,91,1,31,425.21685037256435
8432,91,1,32,114.77548989985523
8433,91,1,33,469.22665450996635
8434,91,1,34,181.58874876454166
8435,91,1,35,204.3496193095804
8436,91,1,36,183.12179662601062
8437,91,1,37,185.93208129289513
8438,91,1,38,177.49827233277048
8439,91,1,39,468.7019625078435
8440,91,1,40,195.5364144613354
8441,91,1,41,221.8309842363592
8442,91,1,42,162.69893568112266
8443,91,1,43,446.2631498074858
8444,91,1,44,445.097384555124
8445,91,1,45,391.68283400122897
8446,91,1,46,224.64821241673116
8447,91,1,47,183.7992752093775
8448,91,1,48,432.5892966455112
8449,91,1,49,455.4968890096494
8450,91,1,50,196.80878366586742
8451,91,1,51,204.51888018500685
8452,91,1,52,176.56763627024188
8453,91,1,53,473.26433960300596
8454,91,1,54,466.681132406145
8455,91,1,55,509.82840086093563
8456,91,1,56,445.6325589046847
8457,91,1,57,392.3487993186154
8458,91,1,58,165.46492269214488
8459,91,1,59,223.49777596885664
8460,91,1,60,161.39208646218083
8461,91,1,61,170.32617297672525
8462,91,1,62,386.94439393525664
8463,91,1,63,509.6650365678778
8464,91,1,64,472.8094720601533
8465,91,1,65,208.81469097009102
8466,91,1,66,220.85628043771914
8467,91,1,67,219.16078282131957
8468,91,1,68,370.61064073194024
8469,91,1,69,205.87907450905112
8470,91,1,70,225.5767078807506
8471,91,1,71,176.19488601715986
8472,91,1,72,70.13176850257908
8473,91,1,73,507.9054684316419
8474,91,1,74,76.46721074330127
8475,91,1,75,226.33553790216857
8476,91,1,76,99.08493556226406
8477,91,1,77,122.64259326288341
8478,91,1,78,507.67794286689764
8479,91,1,79,191.79255908082212
8480,91,1,80,167.87081771597983
8481,91,1,81,184.82824474472173
8482,91,1,82,198.52195711355805
8483,91,1,83,64.375765352231
8484,91,1,84,180.85970013411065
8485,91,1,85,182.08579636286828
8486,91,1,86,67.57936826434673
8487,91,1,87,198.65786170194818
8488,91,1,88,183.94783498379067
8489,91,1,89,158.1941377933362
8490,91,1,90,178.98158489614832
8491,91,1,91,231.68399376239782
8492,91,1,92,214.6900840085486
8493,91,1,93,401.93396048697576
8494,91,1,94,215.9974917490873
8495,91,1,95,194.51487313389944
8496,91,1,96,195.97235055574754
8497,91,1,97,108.46320895947726
8498,91,1,98,401.81297332020114
8499,91,1,99,222.70136479550567
8500,91,2,0,462.31998473035986
8501,91,2,1,499.1230171746647
8502,91,2,2,471.1821712062284
8503,91,2,3,154.35028307943313
8504,91,2,4,158.24623682899326
8505,91,2,5,440.9882595656242
8506,91,2,6,159.35268957429497
8507,91,2,7,155.5450144479975
8508,91,2,8,145.203410330424
8509,91,2,9,218.95775009268712
8510,91,2,10,403.7549197235678
8511,91,2,11,173.1495821943448
8512,91,2,12,164.91853797144228
8513,91,2,13,384.087810891896
8514,91,2,14,136.75294136507287
8515,91,2,15,477.4254294113065
8516,91,2,16,193.8026930417643
8517,91,2,17,458.6656619666299
8518,91,2,18,405.9433017103257
8519,91,2,19,146.64457832809052
8520,91,2,20,194.86173481854001
8521,91,2,21,412.2599742143562
8522,91,2,22,156.1754945835348
8523,91,2,23,160.0170154156247
8524,91,2,24,147.96398471918866
8525,91,2,25,437.04645416232876
8526,91,2,26,369.7462685060582
8527,91,2,27,483.1797578870218
8528,91,2,28,391.63396595088903
8529,91,2,29,185.09754621215862
8530,91,2,30,411.21594292564487
8531,91,2,31,146.04549323662783
8532,91,2,32,458.76785991912647
8533,91,2,33,146.64892273330233
8534,91,2,34,451.944896398411
8535,91,2,35,439.07669428247107
8536,91,2,36,160.24689029510452
8537,91,2,37,368.3282968510703
8538,91,2,38,189.9132897551201
8539,91,2,39,168.55291223496627
8540,91,2,40,439.6049856083751
8541,91,2,41,156.7232987708017
8542,91,2,42,173.107327219971
8543,91,2,43,193.89673202209593
8544,91,2,44,492.77135080606104
8545,91,2,45,162.12885029343346
8546,91,2,46,444.7418281053784
8547,91,2,47,462.9065252838488
8548,91,2,48,432.4022121769751
8549,91,2,49,455.55175141105457
8550,91,2,50,373.82577537032444
8551,91,2,51,465.22828634918955
8552,91,2,52,214.76309129655826
8553,91,2,53,478.96532363149976
8554,91,2,54,433.2878157028558
8555,91,2,55,159.52493053204526
8556,91,2,56,147.73820674574057
8557,91,2,57,428.9105631866347
8558,91,2,58,376.5466109053387
8559,91,2,59,396.4649563059817
8560,91,2,60,178.66343566548244
8561,91,2,61,155.79994729607506
8562,91,2,62,419.37639384189407
8563,91,2,63,198.2863126214982
8564,91,2,64,486.6250791695211
8565,91,2,65,443.13655033084217
8566,91,2,66,439.23775310159834
8567,91,2,67,203.7447832399995
8568,91,2,68,408.6003946598587
8569,91,2,69,437.5368993364813
8570,91,2,70,464.86212309913975
8571,91,2,71,494.2959256395027
8572,91,2,72,448.24973660605036
8573,91,2,73,166.87318712562248
8574,91,2,74,423.5860121121165
8575,91,2,75,195.26199816724528
8576,91,2,76,229.23871652057758
8577,91,2,77,412.9299587131494
8578,91,2,78,449.3834787863277
8579,91,2,79,436.84284299138244
8580,91,2,80,440.7386534974067
8581,91,2,81,471.71463861074267
8582,91,2,82,451.46889361052735
8583,91,2,83,155.1191683914803
8584,91,2,84,173.27442546421912
8585,91,2,85,485.1330184165031
8586,91,2,86,473.34941878028474
8587,91,2,87,468.9422310754755
8588,91,2,88,428.40691988918707
8589,91,2,89,156.75793851630942
8590,91,2,90,395.29880462762054
8591,91,2,91,450.7464816978095
8592,91,2,92,423.3563052782778
8593,91,2,93,428.58228946402255
8594,91,2,94,159.67542276339432
8595,91,2,95,150.65360560227845
8596,91,2,96,138.33239293235755
8597,91,2,97,422.3520975737257
8598,91,2,98,420.088105375817
8599,91,2,99,474.0403054089235
8600,91,3,0,532.0653870685759
8601,91,3,1,378.0443990417479
8602,91,3,2,399.56668068120456
8603,91,3,3,380.58272774380276
8604,91,3,4,442.80659276736094
8605,91,3,5,446.572477183568
8606,91,3,6,420.67649554224175
8607,91,3,7,378.61031475635394
8608,91,3,8,410.59065338500625
8609,91,3,9,181.904939098105
8610,91,3,10,364.7411645802948
8611,91,3,11,534.5769409660019
8612,91,3,12,214.38859715584334
8613,91,3,13,384.8249637603368
8614,91,3,14,362.919254117348
8615,91,3,15,528.2755415729473
8616,91,3,16,357.56025060322344
8617,91,3,17,427.57003256466754
8618,91,3,18,382.6974530164201
8619,91,3,19,532.3217734777539
8620,91,3,20,402.26792068406985
8621,91,3,21,389.37793783153893
8622,91,3,22,534.3232222082136
8623,91,3,23,195.97740922350658
8624,91,3,24,365.8374123219168
8625,91,3,25,402.3684802981388
8626,91,3,26,436.2411768204185
8627,91,3,27,351.47322773602474
8628,91,3,28,516.9278595041444
8629,91,3,29,513.7871877485312
8630,91,3,30,441.79544271466887
8631,91,3,31,486.5510038549063
8632,91,3,32,394.47817013016845
8633,91,3,33,364.8434752787675
8634,91,3,34,410.56374083887835
8635,91,3,35,385.3889630710221
8636,91,3,36,522.451763572006
8637,91,3,37,532.4315330891789
8638,91,3,38,377.7203708936338
8639,91,3,39,489.20777948687305
8640,91,3,40,426.3468049015931
8641,91,3,41,442.39193919284486
8642,91,3,42,149.55487986520512
8643,91,3,43,387.74412581557846
8644,91,3,44,375.6827556068498
8645,91,3,45,162.42174605250526
8646,91,3,46,387.01151872825176
8647,91,3,47,401.30470945720924
8648,91,3,48,414.3982196390567
8649,91,3,49,410.38038768544453
8650,91,3,50,382.6531845920034
8651,91,3,51,385.6110704367536
8652,91,3,52,380.5074231332088
8653,91,3,53,378.07950961782734
8654,91,3,54,370.45718713741553
8655,91,3,55,426.0432894757101
8656,91,3,56,413.34210933032176
8657,91,3,57,388.3127414070061
8658,91,3,58,409.1676231210529
8659,91,3,59,396.2622747776303
8660,91,3,60,385.61193469679387
8661,91,3,61,364.55084345833745
8662,91,3,62,124.4964363000512
8663,91,3,63,151.07556759386281
8664,91,3,64,420.7271205610949
8665,91,3,65,380.07801426759136
8666,91,3,66,375.9729566188029
8667,91,3,67,414.76349336876257
8668,91,3,68,365.39116703896315
8669,91,3,69,414.9510374608902
8670,91,3,70,416.76093369761065
8671,91,3,71,489.74735952215923
8672,91,3,72,499.3523120257177
8673,91,3,73,428.2674760709756
8674,91,3,74,415.206697146084
8675,91,3,75,423.22656751632474
8676,91,3,76,437.5683690274517
8677,91,3,77,354.46465708792346
8678,91,3,78,517.7836031636931
8679,91,3,79,409.8382208465724
8680,91,3,80,387.8026352636743
8681,91,3,81,363.6910855628619
8682,91,3,82,503.3963014174139
8683,91,3,83,421.777040504011
8684,91,3,84,384.2986824949963
8685,91,3,85,411.64753238306895
8686,91,3,86,383.30495413428656
8687,91,3,87,427.9589557777836
8688,91,3,88,378.5696919617856
8689,91,3,89,380.1671947487335
8690,91,3,90,524.2375076953144
8691,91,3,91,353.1891591453838
8692,91,3,92,367.4374941861961
8693,91,3,93,172.72413375031675
8694,91,3,94,372.55904465447907
8695,91,3,95,356.9414051092662
8696,91,3,96,495.1111550972963
8697,91,3,97,382.65763749498086
8698,91,3,98,533.6990090064621
8699,91,3,99,530.2149536264892
8700,92,1,0,87.67817886980532
8701,92,1,1,284.9861163497929
8702,92,1,2,326.10787685439345
8703,92,1,3,84.25699081461514
8704,92,1,4,83.60833057618866
8705,92,1,5,285.8005424354531
8706,92,1,6,222.3773660510198
8707,92,1,7,310.73087431936983
8708,92,1,8,352.14729893057887
8709,92,1,9,294.36035677058834
8710,92,1,10,74.27413082927492
8711,92,1,11,307.1266308848123
8712,92,1,12,310.84146134463333
8713,92,1,13,235.64996129358988
8714,92,1,14,232.84413858345192
8715,92,1,15,300.1393950942827
8716,92,1,16,85.9934265320646
8717,92,1,17,337.5457806946198
8718,92,1,18,271.78209861457157
8719,92,1,19,95.04774712934906
8720,92,1,20,66.83387398247528
8721,92,1,21,273.338696022569
8722,92,1,22,257.1776798867944
8723,92,1,23,280.51970215550244
8724,92,1,24,295.14702668320336
8725,92,1,25,220.04092039348788
8726,92,1,26,295.677709218882
8727,92,1,27,316.872545784903
8728,92,1,28,81.21215360252422
8729,92,1,29,331.531787723865
8730,92,1,30,308.5950024397722
8731,92,1,31,82.91462936797733
8732,92,1,32,227.21576814774315
8733,92,1,33,286.5605313648371
8734,92,1,34,303.37313977186074
8735,92,1,35,358.016463548201
8736,92,1,36,298.43066949603207
8737,92,1,37,294.61765068236275
8738,92,1,38,340.36379574389446
8739,92,1,39,270.1037427588058
8740,92,1,40,331.97579691323693
8741,92,1,41,375.21788213089724
8742,92,1,42,269.11093312641077
8743,92,1,43,270.0736691111089
8744,92,1,44,72.97216327857502
8745,92,1,45,268.0949325993501
8746,92,1,46,338.2818200742392
8747,92,1,47,287.9847324714037
8748,92,1,48,290.01345409214315
8749,92,1,49,104.67396754678454
8750,92,1,50,280.7885417106865
8751,92,1,51,283.11159288931134
8752,92,1,52,90.38258444055124
8753,92,1,53,319.84650990698583
8754,92,1,54,81.49476851457682
8755,92,1,55,302.2510254758495
8756,92,1,56,295.044210388482
8757,92,1,57,266.0893219161249
8758,92,1,58,85.5946339602738
8759,92,1,59,73.88283861481386
8760,92,1,60,265.98572794582594
8761,92,1,61,235.32446231527518
8762,92,1,62,320.32318369950895
8763,92,1,63,72.28419062004201
8764,92,1,64,230.04169865790354
8765,92,1,65,309.4956508009173
8766,92,1,66,329.49971842374043
8767,92,1,67,95.16202569850138
8768,92,1,68,85.95505987836482
8769,92,1,69,283.2866588464226
8770,92,1,70,323.8253984590918
8771,92,1,71,85.23187986223132
8772,92,1,72,256.7496112474691
8773,92,1,73,340.6104209058486
8774,92,1,74,85.27880768523242
8775,92,1,75,266.9144434186146
8776,92,1,76,248.97835221328268
8777,92,1,77,281.6131042808941
8778,92,1,78,248.1715885785329
8779,92,1,79,263.30400762010476
8780,92,1,80,334.0402691095887
8781,92,1,81,296.7316091195722
8782,92,1,82,231.26854865468638
8783,92,1,83,302.1322216466469
8784,92,1,84,292.6576691389683
8785,92,1,85,78.68695093193377
8786,92,1,86,352.8754075057783
8787,92,1,87,256.3414050863727
8788,92,1,88,364.53381773797724
8789,92,1,89,245.70838268398902
8790,92,1,90,329.2887552279791
8791,92,1,91,298.8131218155176
8792,92,1,92,96.69620229101959
8793,92,1,93,74.20902933597789
8794,92,1,94,80.38455068516417
8795,92,1,95,247.38149403725927
8796,92,1,96,299.3659091084434
8797,92,1,97,222.08182969650463
8798,92,1,98,295.7010127233869
8799,92,1,99,303.3298314131412
8800,92,2,0,504.2634084178584
8801,92,2,1,378.3060805324473
8802,92,2,2,520.8216692970688
8803,92,2,3,519.4537313834545
8804,92,2,4,366.745724902353
8805,92,2,5,484.6428984681445
8806,92,2,6,504.0114071617767
8807,92,2,7,524.6556643537517
8808,92,2,8,501.7378047319158
8809,92,2,9,523.7812239488196
8810,92,2,10,369.92723102959974
8811,92,2,11,313.5804043754656
8812,92,2,12,525.4910538322664
8813,92,2,13,520.2510377591607
8814,92,2,14,306.6257533130504
8815,92,2,15,491.86587041844183
8816,92,2,16,495.0362571960002
8817,92,2,17,307.6412522081662
8818,92,2,18,317.6401973230972
8819,92,2,19,478.7654795521033
8820,92,2,20,314.8414861683952
8821,92,2,21,522.2882797638833
8822,92,2,22,328.5013480530663
8823,92,2,23,488.8143833771329
8824,92,2,24,504.7095961508863
8825,92,2,25,531.1677262194946
8826,92,2,26,305.84334959160344
8827,92,2,27,336.75602041807804
8828,92,2,28,492.7856861927794
8829,92,2,29,324.2325624449567
8830,92,2,30,323.83600988664216
8831,92,2,31,527.0865751561812
8832,92,2,32,484.429588804538
8833,92,2,33,479.324534668858
8834,92,2,34,315.6428353698371
8835,92,2,35,487.5175443410068
8836,92,2,36,516.1001243945965
8837,92,2,37,518.295727925844
8838,92,2,38,508.2573385236211
8839,92,2,39,518.6343347628656
8840,92,2,40,489.03229787211717
8841,92,2,41,487.84838783647484
8842,92,2,42,312.9270377604104
8843,92,2,43,528.8311977361486
8844,92,2,44,494.61283233651034
8845,92,2,45,317.03547180563777
8846,92,2,46,515.1760993822867
8847,92,2,47,489.26815164592233
8848,92,2,48,362.1365326016395
8849,92,2,49,521.3596814624916
8850,92,2,50,492.14584214498456
8851,92,2,51,516.2997814977679
8852,92,2,52,526.9710179496825
8853,92,2,53,495.164888405687
8854,92,2,54,505.96232059914337
8855,92,2,55,475.85704263151996
8856,92,2,56,367.59956240538486
8857,92,2,57,478.83372276342664
8858,92,2,58,325.3034193291169
8859,92,2,59,529.6257151668593
8860,92,2,60,492.20529908940676
8861,92,2,61,496.5807858330494
8862,92,2,62,519.9058338803884
8863,92,2,63,481.3230380797183
8864,92,2,64,377.5029607795238
8865,92,2,65,342.7657724845795
8866,92,2,66,331.7343806932212
8867,92,2,67,503.54579064378225
8868,92,2,68,525.9906722771908
8869,92,2,69,321.2945093817196
8870,92,2,70,514.7212969087611
8871,92,2,71,514.4578538632451
8872,92,2,72,349.42714896759355
8873,92,2,73,523.4094095860972
8874,92,2,74,306.2711055542782
8875,92,2,75,316.39816615673413
8876,92,2,76,318.0902131947565
8877,92,2,77,360.6576752974547
8878,92,2,78,360.74213875165276
8879,92,2,79,512.0218271453575
8880,92,2,80,527.9553946274526
8881,92,2,81,524.8068256540178
8882,92,2,82,484.6928458028852
8883,92,2,83,321.3902874351841
8884,92,2,84,315.36463220891244
8885,92,2,85,484.2136798834226
8886,92,2,86,507.6226826863036
8887,92,2,87,530.279167637964
8888,92,2,88,317.11496155584257
8889,92,2,89,370.99168382497754
8890,92,2,90,370.8814744069122
8891,92,2,91,487.4011260975206
8892,92,2,92,501.3351993524859
8893,92,2,93,502.05656479497304
8894,92,2,94,524.1889058360213
8895,92,2,95,491.97642559577343
8896,92,2,96,306.8867361071455
8897,92,2,97,344.43292114366216
8898,92,2,98,510.0825237776966
8899,92,2,99,315.6934514711573
8900,92,3,0,315.56280278224625
8901,92,3,1,532.680644551687
8902,92,3,2,477.38188194971497
8903,92,3,3,308.03295873181395
8904,92,3,4,516.9701449269628
8905,92,3,5,479.79531986792983
8906,92,3,6,511.10564200946556
8907,92,3,7,517.1581671529269
8908,92,3,8,526.8388539925548
8909,92,3,9,515.097261060169
8910,92,3,10,479.93408787732454
8911,92,3,11,522.5377528171962
8912,92,3,12,496.75925088282787
8913,92,3,13,478.5567568407528
8914,92,3,14,471.1693654030168
8915,92,3,15,507.7972290293632
8916,92,3,16,506.6805566492558
8917,92,3,17,523.0719354985177
8918,92,3,18,505.5749051413842
8919,92,3,19,484.78599316394553
8920,92,3,20,499.90399291573016
8921,92,3,21,324.2812563516953
8922,92,3,22,489.4234551486572
8923,92,3,23,497.22514615662624
8924,92,3,24,522.6448329413477
8925,92,3,25,317.78378496357846
8926,92,3,26,497.8469888920574
8927,92,3,27,496.9427248740412
8928,92,3,28,503.4968850417709
8929,92,3,29,298.67962424954493
8930,92,3,30,518.0608752994673
8931,92,3,31,354.48078091317785
8932,92,3,32,344.73997188763195
8933,92,3,33,336.3841465511061
8934,92,3,34,485.93694877667497
8935,92,3,35,529.6001333116416
8936,92,3,36,516.1981868310418
8937,92,3,37,500.6968684266897
8938,92,3,38,525.5356285281979
8939,92,3,39,333.27793660276393
8940,92,3,40,524.2790906396498
8941,92,3,41,525.2698567130868
8942,92,3,42,375.06122701040516
8943,92,3,43,524.1481780164466
8944,92,3,44,505.60838901257955
8945,92,3,45,498.90053479097224
8946,92,3,46,486.6314541474746
8947,92,3,47,502.765661241853
8948,92,3,48,522.7128495750322
8949,92,3,49,518.2034065505763
8950,92,3,50,315.43818859780635
8951,92,3,51,528.2855948658358
8952,92,3,52,535.448798282834
8953,92,3,53,303.8836147934195
8954,92,3,54,489.168593011586
8955,92,3,55,325.9237663624804
8956,92,3,56,524.1736458214352
8957,92,3,57,502.834676347532
8958,92,3,58,509.2698042201098
8959,92,3,59,484.51601902546616
8960,92,3,60,310.3500870409701
8961,92,3,61,513.4926601060182
8962,92,3,62,477.2942360497712
8963,92,3,63,489.69281066484217
8964,92,3,64,346.3118506910459
8965,92,3,65,526.6303039839034
8966,92,3,66,492.52488243433186
8967,92,3,67,349.72409081586426
8968,92,3,68,314.2780248453803
8969,92,3,69,498.1849391158413
8970,92,3,70,499.32286089446814
8971,92,3,71,480.64401114712615
8972,92,3,72,495.32953539142375
8973,92,3,73,511.24268353224033
8974,92,3,74,532.3828258549262
8975,92,3,75,487.8765559117853
8976,92,3,76,536.4422924272429
8977,92,3,77,514.9073906753243
8978,92,3,78,487.8339085653174
8979,92,3,79,310.40359281762034
8980,92,3,80,513.4115265267129
8981,92,3,81,517.3565901685054
8982,92,3,82,493.7729931887562
8983,92,3,83,345.3668319161627
8984,92,3,84,497.6162752913409
8985,92,3,85,529.9082276571487
8986,92,3,86,238.55546262011245
8987,92,3,87,500.5188418922118
8988,92,3,88,501.567220204327
8989,92,3,89,534.7192653168878
8990,92,3,90,490.5519181690392
8991,92,3,91,482.2071304207257
8992,92,3,92,496.81931581691333
8993,92,3,93,480.6980987669323
8994,92,3,94,480.259658096861
8995,92,3,95,522.9937693802606
8996,92,3,96,515.4679865413086
8997,92,3,97,536.5589984527987
8998,92,3,98,364.30618886405523
8999,92,3,99,506.71934283709925
9000,94,1,0,166.858695208014
9001,94,1,1,176.77214587599138
9002,94,1,2,161.96800035131693
9003,94,1,3,194.21274197040677
9004,94,1,4,189.78773936874688
9005,94,1,5,165.84361290774837
9006,94,1,6,113.0857485288568
9007,94,1,7,164.79861152127086
9008,94,1,8,138.55663558143158
9009,94,1,9,204.0360733287931
9010,94,1,10,204.02566367356272
9011,94,1,11,191.1095455917708
9012,94,1,12,137.12790009536934
9013,94,1,13,161.07034264169147
9014,94,1,14,167.1948847828658
9015,94,1,15,98.23117973142719
9016,94,1,16,168.04632270283562
9017,94,1,17,139.39043469681474
9018,94,1,18,104.59215224088082
9019,94,1,19,154.59221275904676
9020,94,1,20,164.6229649717768
9021,94,1,21,108.64816065244203
9022,94,1,22,108.21452795773855
9023,94,1,23,105.69952500755201
9024,94,1,24,165.9076759307562
9025,94,1,25,175.45039913174418
9026,94,1,26,150.21283558631114
9027,94,1,27,189.69461089467455
9028,94,1,28,126.61210385035045
9029,94,1,29,154.19984618288603
9030,94,1,30,170.49950618881707
9031,94,1,31,162.79746018316501
9032,94,1,32,205.40209417996013
9033,94,1,33,197.28721093437355
9034,94,1,34,156.9242172839784
9035,94,1,35,167.0497146199729
9036,94,1,36,143.04945367872065
9037,94,1,37,113.08324383045249
9038,94,1,38,185.95220903019023
9039,94,1,39,130.09900806169452
9040,94,1,40,164.18301651909601
9041,94,1,41,184.86773499795223
9042,94,1,42,204.5510490520578
9043,94,1,43,111.21410679988398
9044,94,1,44,165.93541466659286
9045,94,1,45,158.80512613791797
9046,94,1,46,205.18573542018717
9047,94,1,47,191.37001967080263
9048,94,1,48,104.81099160958163
9049,94,1,49,143.06816772922193
9050,94,1,50,119.8964847424531
9051,94,1,51,165.04984505718477
9052,94,1,52,175.6834424537876
9053,94,1,53,175.32562176591225
9054,94,1,54,103.98453373796512
9055,94,1,55,140.2938698417317
9056,94,1,56,111.19646261310194
9057,94,1,57,172.8864969003005
9058,94,1,58,166.587925282388
9059,94,1,59,177.48788393752542
9060,94,1,60,140.0571097013685
9061,94,1,61,119.25105419565293
9062,94,1,62,171.47439911053226
9063,94,1,63,111.02383637820242
9064,94,1,64,147.9914230293462
9065,94,1,65,108.82483567645829
9066,94,1,66,187.5782616645403
9067,94,1,67,142.94949219625803
9068,94,1,68,131.25201559832817
9069,94,1,69,112.91966931740991
9070,94,1,70,144.99800215478385
9071,94,1,71,152.28695413367072
9072,94,1,72,127.3514414895421
9073,94,1,73,104.81064200575231
9074,94,1,74,138.90701364218623
9075,94,1,75,197.96073162126558
9076,94,1,76,132.89195604554493
9077,94,1,77,158.58216559360682
9078,94,1,78,147.7219255390907
9079,94,1,79,154.52597397728698
9080,94,1,80,192.10938400323514
9081,94,1,81,184.57998588420332
9082,94,1,82,109.42739717507692
9083,94,1,83,156.6938871809023
9084,94,1,84,140.99470409090816
9085,94,1,85,111.09296072105555
9086,94,1,86,176.3904749699378
9087,94,1,87,190.99923460927235
9088,94,1,88,146.66337456145177
9089,94,1,89,153.68946624523866
9090,94,1,90,172.9495951128965
9091,94,1,91,125.16366055652887
9092,94,1,92,142.1944560765492
9093,94,1,93,98.74290895158613
9094,94,1,94,155.4409658829648
9095,94,1,95,188.08217841168872
9096,94,1,96,128.9358986517178
9097,94,1,97,155.6972729290302
9098,94,1,98,155.81050078685183
9099,94,1,99,203.91104732979645
9100,94,2,0,119.77049655153276
9101,94,2,1,82.26434152484656
9102,94,2,2,173.46070286740755
9103,94,2,3,199.3648325746619
9104,94,2,4,81.70379619648219
9105,94,2,5,75.75290376501995
9106,94,2,6,156.68754367709806
9107,94,2,7,79.1841212364664
9108,94,2,8,81.75709218240745
9109,94,2,9,105.02741181030373
9110,94,2,10,99.67894978220505
9111,94,2,11,146.48848640350354
9112,94,2,12,122.21190687085918
9113,94,2,13,167.94454257250584
9114,94,2,14,68.41523972603699
9115,94,2,15,208.40260656201787
9116,94,2,16,111.50776353148872
9117,94,2,17,68.18257923701412
9118,94,2,18,89.79998146483852
9119,94,2,19,158.07351076851668
9120,94,2,20,190.14209038797628
9121,94,2,21,109.06049684990239
9122,94,2,22,229.31879497967168
9123,94,2,23,205.58865720042513
9124,94,2,24,121.43066243027775
9125,94,2,25,66.79963157536544
9126,94,2,26,205.43024527768785
9127,94,2,27,111.59890430835542
9128,94,2,28,72.61019139834784
9129,94,2,29,106.39594704536293
9130,94,2,30,156.0256354328489
9131,94,2,31,209.85789943220257
9132,94,2,32,204.84186308352474
9133,94,2,33,160.36510092778835
9134,94,2,34,112.96587105219838
9135,94,2,35,142.4305971170638
9136,94,2,36,222.90813322777484
9137,94,2,37,142.62339862101962
9138,94,2,38,159.0175608454254
9139,94,2,39,85.93871438893066
9140,94,2,40,78.76151524668701
9141,94,2,41,221.03909663906452
9142,94,2,42,131.70612370973885
9143,94,2,43,182.6938207772217
9144,94,2,44,203.40286263906532
9145,94,2,45,147.77055366217044
9146,94,2,46,173.72451057798673
9147,94,2,47,224.03744082133827
9148,94,2,48,107.57012871942766
9149,94,2,49,74.3190581880966
9150,94,2,50,164.10411041764922
9151,94,2,51,234.2010667881524
9152,94,2,52,125.90258911364317
9153,94,2,53,135.8810144418424
9154,94,2,54,133.96676779986817
9155,94,2,55,139.4443035628442
9156,94,2,56,79.83513425841579
9157,94,2,57,180.27523737527588
9158,94,2,58,177.04816942145283
9159,94,2,59,90.70693884866841
9160,94,2,60,118.61956123002363
9161,94,2,61,211.94813444481537
9162,94,2,62,174.44345367236127
9163,94,2,63,80.72209626310747
9164,94,2,64,126.5040636145598
9165,94,2,65,156.8300033392342
9166,94,2,66,79.31460108772657
9167,94,2,67,215.6339227010157
9168,94,2,68,99.31289736907095
9169,94,2,69,100.64556898183153
9170,94,2,70,138.66922659869198
9171,94,2,71,91.02087391855359
9172,94,2,72,76.31935857238939
9173,94,2,73,199.34640561799378
9174,94,2,74,153.45833993386333
9175,94,2,75,145.03331129923941
9176,94,2,76,139.54202225848658
9177,94,2,77,140.7447988886919
9178,94,2,78,139.86167351050116
9179,94,2,79,125.99390294752824
9180,94,2,80,180.61730375943995
9181,94,2,81,148.68163402192656
9182,94,2,82,182.46376212566128
9183,94,2,83,132.91281163384866
9184,94,2,84,179.17168409003528
9185,94,2,85,102.56208692669125
9186,94,2,86,234.1366190854112
9187,94,2,87,139.06910630879412
9188,94,2,88,122.47665534067576
9189,94,2,89,122.4831019682517
9190,94,2,90,149.28909666830415
9191,94,2,91,120.51049677675088
9192,94,2,92,98.33825745050257
9193,94,2,93,65.02123470790882
9194,94,2,94,167.68901256612537
9195,94,2,95,144.03726523816457
9196,94,2,96,106.0703387410337
9197,94,2,97,107.39297801618541
9198,94,2,98,179.8489732787838
9199,94,2,99,226.91281575915283
9200,94,3,0,497.5813448171424
9201,94,3,1,320.16441244291104
9202,94,3,2,535.906669253233
9203,94,3,3,319.6822519379965
9204,94,3,4,469.52634662834276
9205,94,3,5,448.57981680106684
9206,94,3,6,441.27329450456506
9207,94,3,7,516.9640159805506
9208,94,3,8,500.2250111020228
9209,94,3,9,314.6904748105072
9210,94,3,10,453.41007866691467
9211,94,3,11,523.763403866402
9212,94,3,12,528.1282601582398
9213,94,3,13,470.15543419725515
9214,94,3,14,481.90173442282224
9215,94,3,15,478.12415656248703
9216,94,3,16,496.2105504977017
9217,94,3,17,328.13505861102203
9218,94,3,18,462.4536279565323
9219,94,3,19,497.75118148500826
9220,94,3,20,503.4761392215254
9221,94,3,21,321.19408731069984
9222,94,3,22,320.4629051150707
9223,94,3,23,290.51113428185914
9224,94,3,24,480.14805686678136
9225,94,3,25,478.5089984727373
9226,94,3,26,453.03285434547513
9227,94,3,27,519.8452546171125
9228,94,3,28,456.216142697299
9229,94,3,29,292.66870481170713
9230,94,3,30,301.3275790822219
9231,94,3,31,502.7310575381318
9232,94,3,32,319.8080011046174
9233,94,3,33,338.65316615725806
9234,94,3,34,327.91572503827024
9235,94,3,35,452.19293603028154
9236,94,3,36,487.09114721483763
9237,94,3,37,464.63743064818203
9238,94,3,38,490.47499583868654
9239,94,3,39,497.5227346274676
9240,94,3,40,313.5582765220905
9241,94,3,41,307.53444167366433
9242,94,3,42,347.0740992760717
9243,94,3,43,521.8408419274853
9244,94,3,44,525.0773667774744
9245,94,3,45,416.570350439107
9246,94,3,46,484.2299809464036
9247,94,3,47,533.1969251481784
9248,94,3,48,475.51021684314685
9249,94,3,49,533.6371197508056
9250,94,3,50,513.6841914476206
9251,94,3,51,307.942457682207
9252,94,3,52,327.7302705150858
9253,94,3,53,313.6296375550642
9254,94,3,54,510.8728724244095
9255,94,3,55,484.1877924493006
9256,94,3,56,499.0844619091281
9257,94,3,57,330.5011449698166
9258,94,3,58,444.7439048998863
9259,94,3,59,326.66033983133485
9260,94,3,60,452.0514457915558
9261,94,3,61,349.7821633831469
9262,94,3,62,470.5564378970876
9263,94,3,63,449.2364251356907
9264,94,3,64,282.05042493371377
9265,94,3,65,267.67301060868016
9266,94,3,66,488.4442451936569
9267,94,3,67,462.1559929874941
9268,94,3,68,536.2235295001685
9269,94,3,69,517.3783302831803
9270,94,3,70,461.7149372049178
9271,94,3,71,473.3457759952771
9272,94,3,72,467.74639650700107
9273,94,3,73,480.8544646148939
9274,94,3,74,456.27398149681375
9275,94,3,75,316.6718106875148
9276,94,3,76,489.28213982061004
9277,94,3,77,480.95948425564615
9278,94,3,78,322.04515606463127
9279,94,3,79,532.705578378066
9280,94,3,80,320.1505966937994
9281,94,3,81,329.24110270908653
9282,94,3,82,532.2693483487985
9283,94,3,83,529.1211962474359
9284,94,3,84,515.031816263704
9285,94,3,85,295.53853067614034
9286,94,3,86,481.02174080078436
9287,94,3,87,346.27537265597266
9288,94,3,88,481.5914004445629
9289,94,3,89,523.8078939566569
9290,94,3,90,351.3680446776091
9291,94,3,91,532.6479869412776
9292,94,3,92,312.0292867261984
9293,94,3,93,501.06739035349955
9294,94,3,94,436.974604476896
9295,94,3,95,300.9732331968072
9296,94,3,96,503.46254621129714
9297,94,3,97,488.66967678620915
9298,94,3,98,515.0993267794933
9299,94,3,99,328.99208461921836
9300,99,1,0,92.93980046260825
9301,99,1,1,227.39846101483386
9302,99,1,2,112.76436546715227
9303,99,1,3,208.99284639871956
9304,99,1,4,236.60327255138213
9305,99,1,5,98.67329451752491
9306,99,1,6,189.79540668958836
9307,99,1,7,236.77315428455032
9308,99,1,8,230.11278266509657
9309,99,1,9,204.6756086587632
9310,99,1,10,235.00852315532268
9311,99,1,11,191.6273071104504
9312,99,1,12,96.13565552567078
9313,99,1,13,82.54876859714481
9314,99,1,14,84.46142157497935
9315,99,1,15,99.55041225072199
9316,99,1,16,72.5920710662106
9317,99,1,17,108.32277394427653
9318,99,1,18,89.66271121454635
9319,99,1,19,109.92152958029693
9320,99,1,20,120.51749674126671
9321,99,1,21,249.33791856447775
9322,99,1,22,213.712151835296
9323,99,1,23,82.7433000024723
9324,99,1,24,197.7521861031276
9325,99,1,25,197.5832720752328
9326,99,1,26,94.28040844949909
9327,99,1,27,88.24430426202687
9328,99,1,28,131.2471755057745
9329,99,1,29,198.60552766555372
9330,99,1,30,85.6731034353098
9331,99,1,31,222.6267405575136
9332,99,1,32,192.97457793289274
9333,99,1,33,100.75974730423425
9334,99,1,34,105.33136951424603
9335,99,1,35,126.18002433146984
9336,99,1,36,208.10101086785937
9337,99,1,37,97.31548816230249
9338,99,1,38,92.95738007835097
9339,99,1,39,199.0947170836461
9340,99,1,40,95.29888382471174
9341,99,1,41,109.23698361082398
9342,99,1,42,209.83543928451286
9343,99,1,43,145.0838273441473
9344,99,1,44,100.38250848008302
9345,99,1,45,195.07118698666446
9346,99,1,46,188.78539287716507
9347,99,1,47,200.3853523162665
9348,99,1,48,205.24286125676886
9349,99,1,49,107.24655038215647
9350,99,1,50,206.24103987512075
9351,99,1,51,200.73960092372545
9352,99,1,52,233.46990134413755
9353,99,1,53,219.8638699119944
9354,99,1,54,238.76654075083692
9355,99,1,55,64.6361223966811
9356,99,1,56,240.60651640895477
9357,99,1,57,119.3095041229107
9358,99,1,58,218.6868094544327
9359,99,1,59,205.032706403389
9360,99,1,60,193.12581004119588
9361,99,1,61,120.9805601023473
9362,99,1,62,194.15309564665603
9363,99,1,63,101.8789464683744
9364,99,1,64,237.33840569495248
9365,99,1,65,64.02369161572982
9366,99,1,66,97.23926283015179
9367,99,1,67,136.62870757068654
9368,99,1,68,209.74071147147802
9369,99,1,69,101.73646506703544
9370,99,1,70,198.0859260090477
9371,99,1,71,208.5120405951271
9372,99,1,72,197.91200435774732
9373,99,1,73,77.90552029265928
9374,99,1,74,192.7060796185653
9375,99,1,75,212.42707088674828
9376,99,1,76,107.83021689685872
9377,99,1,77,218.29904327151505
9378,99,1,78,197.10374885887902
9379,99,1,79,70.52169753438878
9380,99,1,80,90.90850580046431
9381,99,1,81,207.52806075336485
9382,99,1,82,206.73620152390257
9383,99,1,83,82.5205897463854
9384,99,1,84,201.30696376201212
9385,99,1,85,195.53514719063529
9386,99,1,86,115.30805044025338
9387,99,1,87,208.11080615410674
9388,99,1,88,85.30430625799495
9389,99,1,89,71.13400281064037
9390,99,1,90,115.67026485848409
9391,99,1,91,149.01820311577242
9392,99,1,92,198.70773554122727
9393,99,1,93,122.32622231113052
9394,99,1,94,76.10966637353685
9395,99,1,95,84.3540025139565
9396,99,1,96,198.71471841034852
9397,99,1,97,225.55846952970364
9398,99,1,98,197.75503810230416
9399,99,1,99,76.34174197564542
9400,99,2,0,201.64429719857242
9401,99,2,1,216.1028257903909
9402,99,2,2,208.00786263914117
9403,99,2,3,199.5973304571054
9404,99,2,4,225.88922067100384
9405,99,2,5,217.551127148526
9406,99,2,6,207.57779507949272
9407,99,2,7,218.58863814635683
9408,99,2,8,217.335666118305
9409,99,2,9,199.65663158194326
9410,99,2,10,205.74811791640587
9411,99,2,11,205.1326877621853
9412,99,2,12,206.0062305788191
9413,99,2,13,195.39153959596544
9414,99,2,14,218.24475632711145
9415,99,2,15,233.81302859331873
9416,99,2,16,194.30586623488222
9417,99,2,17,200.37577523603082
9418,99,2,18,220.48778243962778
9419,99,2,19,233.05899220576438
9420,99,2,20,199.0910658983931
9421,99,2,21,211.17428599715905
9422,99,2,22,206.69750887289246
9423,99,2,23,190.988300745293
9424,99,2,24,197.7531706501286
9425,99,2,25,210.6701390900757
9426,99,2,26,243.4382153912428
9427,99,2,27,231.6976899843887
9428,99,2,28,218.15631358039371
9429,99,2,29,212.45436739669375
9430,99,2,30,233.13315130910797
9431,99,2,31,199.322303443209
9432,99,2,32,229.50480300327166
9433,99,2,33,195.36948037340207
9434,99,2,34,218.29934662287133
9435,99,2,35,216.7039945177439
9436,99,2,36,215.2818299089735
9437,99,2,37,223.96002395990848
9438,99,2,38,211.32474646430504
9439,99,2,39,207.5130239873812
9440,99,2,40,196.02755087703835
9441,99,2,41,227.9951777394274
9442,99,2,42,213.9127145789184
9443,99,2,43,200.07446027012958
9444,99,2,44,200.73679685587453
9445,99,2,45,197.53358853826794
9446,99,2,46,236.2322576578603
9447,99,2,47,205.22696145929547
9448,99,2,48,214.15323949525055
9449,99,2,49,208.68359421951996
9450,99,2,50,234.75454449748864
9451,99,2,51,200.8853573367269
9452,99,2,52,232.37616004245803
9453,99,2,53,209.99626649627734
9454,99,2,54,198.70846028965374
9455,99,2,55,203.34841413587037
9456,99,2,56,207.32966958570265
9457,99,2,57,214.92718734896496
9458,99,2,58,195.4616732779883
9459,99,2,59,250.11177589675748
9460,99,2,60,193.98606579497093
9461,99,2,61,211.39941809956062
9462,99,2,62,216.67640592201408
9463,99,2,63,210.84377285932777
9464,99,2,64,223.6004547787836
9465,99,2,65,212.21785449901975
9466,99,2,66,233.535862693901
9467,99,2,67,201.36220984834458
9468,99,2,68,189.85457480173585
9469,99,2,69,204.30395121661158
9470,99,2,70,243.495363962833
9471,99,2,71,227.96170688251243
9472,99,2,72,201.47580994642712
9473,99,2,73,236.74183445694442
9474,99,2,74,213.06450659645827
9475,99,2,75,207.94206495932852
9476,99,2,76,236.6350476863828
9477,99,2,77,212.63219759487845
9478,99,2,78,205.09406555405275
9479,99,2,79,225.21054431821048
9480,99,2,80,241.36491279878575
9481,99,2,81,216.99406891821857
9482,99,2,82,190.97212962643994
9483,99,2,83,236.4635536493159
9484,99,2,84,215.36109433294635
9485,99,2,85,204.58109728337402
9486,99,2,86,245.51602002045087
9487,99,2,87,191.9232313242417
9488,99,2,88,230.61040991839056
9489,99,2,89,208.29900417112984
9490,99,2,90,200.13614956385982
9491,99,2,91,205.3405075672875
9492,99,2,92,209.25989997650305
9493,99,2,93,198.57706580767817
9494,99,2,94,196.17406064907357
9495,99,2,95,206.20111967919223
9496,99,2,96,221.41175395900584
9497,99,2,97,233.37345587762417
9498,99,2,98,218.03348321951955
9499,99,2,99,192.12495568238296
9500,99,3,0,501.7369192973659
9501,99,3,1,458.10187956019195
9502,99,3,2,438.47568158265716
9503,99,3,3,473.4649615815034
9504,99,3,4,442.2736911295408
9505,99,3,5,442.5338563130705
9506,99,3,6,491.08860676872024
9507,99,3,7,408.8276792062996
9508,99,3,8,443.97220670355404
9509,99,3,9,488.77801341365654
9510,99,3,10,440.5117841519016
9511,99,3,11,410.62881447690046
9512,99,3,12,439.9672911008799
9513,99,3,13,443.32683722349117
9514,99,3,14,395.1892901654909
9515,99,3,15,441.79854923447925
9516,99,3,16,410.0475700720828
9517,99,3,17,437.77462740520457
9518,99,3,18,409.58497394494066
9519,99,3,19,502.56832785028445
9520,99,3,20,424.6258335683244
9521,99,3,21,442.7573793399365
9522,99,3,22,459.0493562532533
9523,99,3,23,482.10974459168256
9524,99,3,24,462.12654337663525
9525,99,3,25,444.2516839214851
9526,99,3,26,423.22787020438255
9527,99,3,27,406.7772819914773
9528,99,3,28,395.9017912328667
9529,99,3,29,409.1921849754144
9530,99,3,30,433.999299138235
9531,99,3,31,432.8705915574117
9532,99,3,32,451.9842540112486
9533,99,3,33,440.0143452223787
9534,99,3,34,453.65589606691555
9535,99,3,35,494.30015056017385
9536,99,3,36,424.71995172025026
9537,99,3,37,443.8509836365766
9538,99,3,38,436.36469444578546
9539,99,3,39,441.1753343200897
9540,99,3,40,452.9760523635333
9541,99,3,41,488.50160079686714
9542,99,3,42,460.3559887040495
9543,99,3,43,425.76182679834875
9544,99,3,44,401.65914136017847
9545,99,3,45,403.2685474680397
9546,99,3,46,434.99386682283006
9547,99,3,47,467.34013255617447
9548,99,3,48,426.56844379324355
9549,99,3,49,501.79018235631736
9550,99,3,50,502.6063330378631
9551,99,3,51,496.25576539681805
9552,99,3,52,494.29717792588406
9553,99,3,53,441.657204105543
9554,99,3,54,464.4880115914102
9555,99,3,55,434.33698033325703
9556,99,3,56,442.5864495103185
9557,99,3,57,469.6195141719222
9558,99,3,58,458.5001200112099
9559,99,3,59,441.04750325856486
9560,99,3,60,469.8315331215642
9561,99,3,61,412.69333947695725
9562,99,3,62,441.2267771672938
9563,99,3,63,453.2535694986725
9564,99,3,64,455.1912045748783
9565,99,3,65,456.39532217201725
9566,99,3,66,408.95115215786296
9567,99,3,67,409.48443783519326
9568,99,3,68,449.3295055850491
9569,99,3,69,495.2775966124916
9570,99,3,70,449.31619148155966
9571,99,3,71,434.53838845086364
9572,99,3,72,480.71132432061637
9573,99,3,73,446.41859618757746
9574,99,3,74,429.79150492494216
9575,99,3,75,447.4376531516953
9576,99,3,76,441.7733143444623
9577,99,3,77,415.2942331676719
9578,99,3,78,460.43380586183935
9579,99,3,79,405.5815164573082
9580,99,3,80,412.8886041288292
9581,99,3,81,445.8404203838057
9582,99,3,82,441.9766109403452
9583,99,3,83,408.7770630479144
9584,99,3,84,405.73848619571163
9585,99,3,85,451.59781128556847
9586,99,3,86,473.2117978556815
9587,99,3,87,446.1738955561659
9588,99,3,88,430.623104293071
9589,99,3,89,495.8331232532707
9590,99,3,90,407.4414719135931
9591,99,3,91,437.95634589510234
9592,99,3,92,456.56321673333304
9593,99,3,93,459.9627016950204
9594,99,3,94,455.4841738191934
9595,99,3,95,458.03593794862917
9596,99,3,96,438.85126302764894
9597,99,3,97,426.9112160848966
9598,99,3,98,396.4619961842982
9599,99,3,99,444.0057230553938
9600,104,1,0,241.51789459991753
9601,104,1,1,406.41508162517187
9602,104,1,2,201.28189360776793
9603,104,1,3,206.04441012107455
9604,104,1,4,210.08694771440472
9605,104,1,5,214.2540393241728
9606,104,1,6,186.1748188503747
9607,104,1,7,377.78889921384126
9608,104,1,8,246.81608937923966
9609,104,1,9,443.12648361805265
9610,104,1,10,134.36069728979712
9611,104,1,11,377.9324471216777
9612,104,1,12,177.4955047701369
9613,104,1,13,93.68652831239628
9614,104,1,14,164.6622380527266
9615,104,1,15,70.39251900807477
9616,104,1,16,367.7787780097559
9617,104,1,17,226.81364546635513
9618,104,1,18,404.56194200277776
9619,104,1,19,421.7888836592115
9620,104,1,20,375.7223939879445
9621,104,1,21,264.7806185750054
9622,104,1,22,209.88729690562147
9623,104,1,23,243.90487871202063
9624,104,1,24,193.5507199014305
9625,104,1,25,177.07615735324077
9626,104,1,26,233.43847455241448
9627,104,1,27,239.41096040081777
9628,104,1,28,230.31663129412584
9629,104,1,29,274.1225478416464
9630,104,1,30,367.91751075132686
9631,104,1,31,381.13769540844135
9632,104,1,32,355.43131995801684
9633,104,1,33,214.64315095593446
9634,104,1,34,196.10666266649733
9635,104,1,35,230.7706934201975
9636,104,1,36,163.06036228280865
9637,104,1,37,411.4316121896779
9638,104,1,38,168.282835740322
9639,104,1,39,229.0904229334706
9640,104,1,40,202.93096922789178
9641,104,1,41,202.97959541834965
9642,104,1,42,124.52084654340528
9643,104,1,43,170.70771482428506
9644,104,1,44,268.17150365505773
9645,104,1,45,389.8752462663976
9646,104,1,46,233.58056717242334
9647,104,1,47,267.7522739520626
9648,104,1,48,409.2399603302203
9649,104,1,49,179.5721371613369
9650,104,1,50,218.7135717323353
9651,104,1,51,230.44837145122364
9652,104,1,52,401.8222402191097
9653,104,1,53,266.3816733359647
9654,104,1,54,166.4418627134393
9655,104,1,55,191.26277695000852
9656,104,1,56,261.61026411810866
9657,104,1,57,388.753492271793
9658,104,1,58,193.9795186254979
9659,104,1,59,378.0329396661653
9660,104,1,60,234.6959257067085
9661,104,1,61,263.06096903436037
9662,104,1,62,399.30818376775863
9663,104,1,63,195.82822573909556
9664,104,1,64,259.7063134885119
9665,104,1,65,415.48356195447144
9666,104,1,66,189.95293449589258
9667,104,1,67,404.93757596456163
9668,104,1,68,221.04085739054048
9669,104,1,69,188.24747588553373
9670,104,1,70,257.61975329927265
9671,104,1,71,379.3673116804578
9672,104,1,72,190.4694991299022
9673,104,1,73,263.19766878304534
9674,104,1,74,235.14222584388705
9675,104,1,75,197.10028772188886
9676,104,1,76,258.1700457016683
9677,104,1,77,267.04499880748875
9678,104,1,78,220.10369776417292
9679,104,1,79,185.82900058722345
9680,104,1,80,105.8491445976766
9681,104,1,81,71.06067255618078
9682,104,1,82,392.5260873887057
9683,104,1,83,392.3126969101355
9684,104,1,84,181.10315339315116
9685,104,1,85,378.6938439863137
9686,104,1,86,359.46960314917675
9687,104,1,87,214.86458585919337
9688,104,1,88,382.04392179448877
9689,104,1,89,248.30898745252256
9690,104,1,90,223.36159695588472
9691,104,1,91,244.96117203742799
9692,104,1,92,193.37145014791864
9693,104,1,93,168.26618192673212
9694,104,1,94,223.44447138374164
9695,104,1,95,224.9673278304633
9696,104,1,96,183.3459215464178
9697,104,1,97,211.75298841610257
9698,104,1,98,240.96759819087254
9699,104,1,99,207.95171925299763
9700,104,2,0,194.50214522001505
9701,104,2,1,196.19449401344022
9702,104,2,2,143.2391784463616
9703,104,2,3,228.85008298010737
9704,104,2,4,203.3195463165993
9705,104,2,5,186.7396554407287
9706,104,2,6,150.47830150290264
9707,104,2,7,203.09116668747242
9708,104,2,8,120.81772068671174
9709,104,2,9,136.35302737189977
9710,104,2,10,211.53984089639826
9711,104,2,11,195.61775178836447
9712,104,2,12,243.6134676111671
9713,104,2,13,213.80203156850433
9714,104,2,14,168.81778816758694
9715,104,2,15,205.62218958197386
9716,104,2,16,171.22346685166292
9717,104,2,17,227.48783151329033
9718,104,2,18,179.94321460960407
9719,104,2,19,240.58305131918607
9720,104,2,20,187.85418750748806
9721,104,2,21,190.21279999926554
9722,104,2,22,188.5320961893262
9723,104,2,23,170.0338664169082
9724,104,2,24,181.64317035998974
9725,104,2,25,207.30392510266583
9726,104,2,26,185.52315869572863
9727,104,2,27,233.62850741005047
9728,104,2,28,242.72386445172683
9729,104,2,29,203.22372736795558
9730,104,2,30,202.93653989243202
9731,104,2,31,161.32143715511887
9732,104,2,32,180.0726501875014
9733,104,2,33,409.0511898261699
9734,104,2,34,207.85201547227632
9735,104,2,35,195.12591837123048
9736,104,2,36,97.67182370047671
9737,104,2,37,216.76071191743844
9738,104,2,38,200.2748527774841
9739,104,2,39,169.57390514769608
9740,104,2,40,156.36260601733022
9741,104,2,41,176.116064307236
9742,104,2,42,179.29622786653147
9743,104,2,43,198.90784887674872
9744,104,2,44,147.7466267249991
9745,104,2,45,217.99897081818753
9746,104,2,46,172.58590489151126
9747,104,2,47,175.44071952770148
9748,104,2,48,204.2509350104412
9749,104,2,49,204.19756458009005
9750,104,2,50,179.7037228166418
9751,104,2,51,176.3250878741798
9752,104,2,52,152.9225854381481
9753,104,2,53,243.26054413382036
9754,104,2,54,156.89086447514964
9755,104,2,55,147.31263931427208
9756,104,2,56,404.90808959388266
9757,104,2,57,160.31887881690923
9758,104,2,58,151.07616941648703
9759,104,2,59,212.24834259987136
9760,104,2,60,178.41397922863175
9761,104,2,61,176.0226105217272
9762,104,2,62,187.07221526419852
9763,104,2,63,387.0444790811415
9764,104,2,64,188.24868520930266
9765,104,2,65,151.89785095667256
9766,104,2,66,142.31677207980215
9767,104,2,67,182.25128767395537
9768,104,2,68,197.59073122395978
9769,104,2,69,207.12304139475407
9770,104,2,70,155.8269217446886
9771,104,2,71,239.92366586560675
9772,104,2,72,198.07891854442178
9773,104,2,73,243.5941263069068
9774,104,2,74,176.03730497305094
9775,104,2,75,380.7764297243124
9776,104,2,76,233.4764296001333
9777,104,2,77,203.38569859059828
9778,104,2,78,180.39355344979845
9779,104,2,79,215.22708277484702
9780,104,2,80,154.6564431077115
9781,104,2,81,219.78871283236276
9782,104,2,82,170.5053198783304
9783,104,2,83,186.9636445875818
9784,104,2,84,164.4141053397287
9785,104,2,85,159.64662690523608
9786,104,2,86,178.77592561784644
9787,104,2,87,162.2598598662274
9788,104,2,88,144.8430112243549
9789,104,2,89,187.0683335931697
9790,104,2,90,131.3739976864589
9791,104,2,91,199.93140479173064
9792,104,2,92,205.9522104503043
9793,104,2,93,234.98464491810154
9794,104,2,94,177.36700762296888
9795,104,2,95,146.05371385348107
9796,104,2,96,189.23356455976517
9797,104,2,97,103.54451841841535
9798,104,2,98,221.42739971431723
9799,104,2,99,204.2682172153477
9800,104,3,0,373.5253725884194
9801,104,3,1,375.5289466616289
9802,104,3,2,365.9082633449245
9803,104,3,3,531.1435670329237
9804,104,3,4,343.28719328820006
9805,104,3,5,344.8633171750118
9806,104,3,6,344.9875927875049
9807,104,3,7,371.7010070195683
9808,104,3,8,321.7369651804884
9809,104,3,9,358.3788178289126
9810,104,3,10,344.0199918045417
9811,104,3,11,536.1097374491347
9812,104,3,12,351.23961876313336
9813,104,3,13,531.9206558095519
9814,104,3,14,359.35715017643383
9815,104,3,15,337.23017359716374
9816,104,3,16,360.2575762414242
9817,104,3,17,378.17939953477776
9818,104,3,18,360.774871829388
9819,104,3,19,527.9991039987359
9820,104,3,20,353.44979705446053
9821,104,3,21,346.85552758388326
9822,104,3,22,353.73485322432884
9823,104,3,23,346.72039928471327
9824,104,3,24,521.9939910250508
9825,104,3,25,365.03237843176083
9826,104,3,26,334.1336317773954
9827,104,3,27,529.6138193622226
9828,104,3,28,321.2824033673696
9829,104,3,29,353.41593020370726
9830,104,3,30,348.6623384495147
9831,104,3,31,351.37624542253354
9832,104,3,32,348.74865145693
9833,104,3,33,524.9352609680076
9834,104,3,34,526.9037407005743
9835,104,3,35,369.02969775800665
9836,104,3,36,329.48079663781954
9837,104,3,37,522.6333288188248
9838,104,3,38,360.9344669875615
9839,104,3,39,367.52891917211235
9840,104,3,40,525.9779989255437
9841,104,3,41,332.9324651602765
9842,104,3,42,353.35326398917107
9843,104,3,43,350.61809342168294
9844,104,3,44,348.74475018732517
9845,104,3,45,530.9577397859723
9846,104,3,46,535.6613275788933
9847,104,3,47,355.7955883266331
9848,104,3,48,329.2669629439498
9849,104,3,49,368.8087985590556
9850,104,3,50,363.49986450423427
9851,104,3,51,322.4224094021604
9852,104,3,52,361.53348300660764
9853,104,3,53,529.0268175710997
9854,104,3,54,520.9033306826067
9855,104,3,55,355.43728200879264
9856,104,3,56,361.80882571157224
9857,104,3,57,343.1708592961752
9858,104,3,58,356.7799301927186
9859,104,3,59,362.11793271561817
9860,104,3,60,354.85470157181555
9861,104,3,61,521.5515029359901
9862,104,3,62,356.68834386341047
9863,104,3,63,348.9302227674099
9864,104,3,64,359.87648210928495
9865,104,3,65,536.9430933968765
9866,104,3,66,385.2044032392786
9867,104,3,67,360.4353407476494
9868,104,3,68,360.7032533345436
9869,104,3,69,354.6848316784892
9870,104,3,70,358.41614819356727
9871,104,3,71,331.82210566844554
9872,104,3,72,525.3676068479572
9873,104,3,73,528.2567022491736
9874,104,3,74,356.61854815382196
9875,104,3,75,526.2168986899914
9876,104,3,76,520.4800931925153
9877,104,3,77,520.8905752544476
9878,104,3,78,346.03720720434444
9879,104,3,79,341.9879490714813
9880,104,3,80,346.1136578415597
9881,104,3,81,365.1592333827023
9882,104,3,82,366.31537426594105
9883,104,3,83,353.11748887591926
9884,104,3,84,352.2911644565642
9885,104,3,85,344.8546582042597
9886,104,3,86,348.6192792430866
9887,104,3,87,355.49398899142386
9888,104,3,88,360.54140423207093
9889,104,3,89,350.5573309044647
9890,104,3,90,385.4770436986428
9891,104,3,91,353.3020921242468
9892,104,3,92,346.3499061111352
9893,104,3,93,367.1359449502386
9894,104,3,94,353.91463773855025
9895,104,3,95,529.5136342424229
9896,104,3,96,341.6633053996603
9897,104,3,97,527.2705648419383
9898,104,3,98,534.8626996449066
9899,104,3,99,528.8358401546822
9900,105,1,0,228.71143079433853
9901,105,1,1,72.36062247353334
9902,105,1,2,282.24326434884665
9903,105,1,3,275.26742114798645
9904,105,1,4,235.12815402021525
9905,105,1,5,263.1003269060684
9906,105,1,6,65.44508549090574
9907,105,1,7,75.6630375223424
9908,105,1,8,240.3903708467624
9909,105,1,9,212.8198955104176
9910,105,1,10,273.39864111756873
9911,105,1,11,209.87538600785035
9912,105,1,12,216.57571379744172
9913,105,1,13,247.21817906209162
9914,105,1,14,235.71819809449408
9915,105,1,15,251.4513793297526
9916,105,1,16,305.3174171140987
9917,105,1,17,265.50758022996706
9918,105,1,18,241.17235770059585
9919,105,1,19,262.2304964542516
9920,105,1,20,254.7776593349875
9921,105,1,21,90.66274087095057
9922,105,1,22,84.4635886574771
9923,105,1,23,249.0471698878007
9924,105,1,24,254.84253160557932
9925,105,1,25,257.64627120247224
9926,105,1,26,267.0131257343183
9927,105,1,27,90.5487249878454
9928,105,1,28,245.75359217887188
9929,105,1,29,69.3870846133845
9930,105,1,30,90.67283293389744
9931,105,1,31,258.8223754597097
9932,105,1,32,268.0291027228177
9933,105,1,33,94.78027370238291
9934,105,1,34,240.12275650099326
9935,105,1,35,227.62492189799858
9936,105,1,36,269.55067188239167
9937,105,1,37,68.29785684007258
9938,105,1,38,268.71993508813676
9939,105,1,39,257.27913436703676
9940,105,1,40,247.25596373694023
9941,105,1,41,246.80006319796394
9942,105,1,42,213.6139428278859
9943,105,1,43,271.7543228179071
9944,105,1,44,231.25698474753034
9945,105,1,45,93.68085492508956
9946,105,1,46,260.0039156784432
9947,105,1,47,248.42671233197785
9948,105,1,48,74.02233329013711
9949,105,1,49,90.59460873293983
9950,105,1,50,69.81536963311262
9951,105,1,51,265.2911468374442
9952,105,1,52,64.85028042985645
9953,105,1,53,239.17039832351205
9954,105,1,54,82.73019381677058
9955,105,1,55,71.50825198857737
9956,105,1,56,272.6869520747055
9957,105,1,57,70.10849067765763
9958,105,1,58,261.15732126496374
9959,105,1,59,262.54972282157155
9960,105,1,60,220.79495569324197
9961,105,1,61,271.5069533787953
9962,105,1,62,263.73772653838955
9963,105,1,63,274.8457958054949
9964,105,1,64,247.50734969355167
9965,105,1,65,258.7001907861624
9966,105,1,66,219.18451164728873
9967,105,1,67,216.2116235967845
9968,105,1,68,65.37508993312913
9969,105,1,69,230.33169709099684
9970,105,1,70,223.80530019824326
9971,105,1,71,77.07825562027463
9972,105,1,72,268.31500774999233
9973,105,1,73,226.12520969842257
9974,105,1,74,251.19430361397323
9975,105,1,75,238.80544435069234
9976,105,1,76,276.35754758298486
9977,105,1,77,127.01778570896917
9978,105,1,78,249.72807218940923
9979,105,1,79,273.00737313662813
9980,105,1,80,263.0047332414405
9981,105,1,81,108.07268320329264
9982,105,1,82,98.47856960822561
9983,105,1,83,256.81398746879074
9984,105,1,84,213.679872727896
9985,105,1,85,81.72884086677196
9986,105,1,86,239.3880527528941
9987,105,1,87,251.6743818750095
9988,105,1,88,266.51994629101245
9989,105,1,89,222.81099519149225
9990,105,1,90,215.38671942277864
9991,105,1,91,214.18405396353378
9992,105,1,92,239.7386087656667
9993,105,1,93,265.5883878993584
9994,105,1,94,274.49805023626493
9995,105,1,95,237.57727892349877
9996,105,1,96,227.84033511748132
9997,105,1,97,112.09272783786287
9998,105,1,98,76.40909712777089
9999,105,1,99,72.07926570118663
10000,105,2,0,382.5577232946071
10001,105,2,1,367.22329928614647
10002,105,2,2,393.38325180236654
10003,105,2,3,373.55600141927056
10004,105,2,4,376.76078357779437
10005,105,2,5,375.41165338879324
10006,105,2,6,407.89333482991367
10007,105,2,7,464.36459586450644
10008,105,2,8,427.5683577922834
10009,105,2,9,443.07971130006507
10010,105,2,10,386.3324221715267
10011,105,2,11,417.766215150994
10012,105,2,12,461.3344438171904
10013,105,2,13,398.1263146586414
10014,105,2,14,371.85212907591904
10015,105,2,15,402.1722190254221
10016,105,2,16,375.5266552242779
10017,105,2,17,474.7031369089965
10018,105,2,18,382.43910469134556
10019,105,2,19,387.3058451624911
10020,105,2,20,384.72510678271044
10021,105,2,21,397.9531821819394
10022,105,2,22,367.44319230822714
10023,105,2,23,471.57438786612744
10024,105,2,24,411.73079610711886
10025,105,2,25,392.89828086136964
10026,105,2,26,410.4485867486522
10027,105,2,27,440.49768010149313
10028,105,2,28,375.5307788507675
10029,105,2,29,469.5091265511446
10030,105,2,30,357.5309489567007
10031,105,2,31,426.54279739907327
10032,105,2,32,474.23398039267846
10033,105,2,33,474.5498050033721
10034,105,2,34,379.96689199341876
10035,105,2,35,455.32218937448397
10036,105,2,36,392.4566231462464
10037,105,2,37,385.21587649244793
10038,105,2,38,423.7802493631746
10039,105,2,39,400.23724861163623
10040,105,2,40,380.5739422156372
10041,105,2,41,387.1013366297506
10042,105,2,42,374.24414345288864
10043,105,2,43,362.0336066970697
10044,105,2,44,388.4294927061524
10045,105,2,45,419.4766018041695
10046,105,2,46,475.58722410643105
10047,105,2,47,388.04074932916353
10048,105,2,48,371.6969735702239
10049,105,2,49,385.50908981223137
10050,105,2,50,374.11762323714885
10051,105,2,51,424.0986608867365
10052,105,2,52,382.53733995762354
10053,105,2,53,381.627841835308
10054,105,2,54,448.1349615050813
10055,105,2,55,415.21801379642045
10056,105,2,56,468.12539242636626
10057,105,2,57,366.2167195724402
10058,105,2,58,416.1218963612134
10059,105,2,59,464.19358500268544
10060,105,2,60,429.61671324052634
10061,105,2,61,401.2444860713731
10062,105,2,62,386.11249857064314
10063,105,2,63,467.60155173198063
10064,105,2,64,435.5576195644133
10065,105,2,65,399.2424921706966
10066,105,2,66,423.39984089299656
10067,105,2,67,359.4946570449557
10068,105,2,68,363.97909355595255
10069,105,2,69,443.97395603932273
10070,105,2,70,476.1741047045208
10071,105,2,71,388.8823516952325
10072,105,2,72,381.100158643165
10073,105,2,73,378.3181538697204
10074,105,2,74,361.63450298688815
10075,105,2,75,361.2007818008911
10076,105,2,76,427.0159681233923
10077,105,2,77,440.8630766485467
10078,105,2,78,466.38577538034707
10079,105,2,79,400.4464136827772
10080,105,2,80,368.22643348427664
10081,105,2,81,430.4293193462349
10082,105,2,82,372.91132940781984
10083,105,2,83,432.7310894194919
10084,105,2,84,403.85348094467395
10085,105,2,85,418.55867511019613
10086,105,2,86,443.4973672613258
10087,105,2,87,383.31622226082686
10088,105,2,88,381.88577982604943
10089,105,2,89,390.1055473277377
10090,105,2,90,432.8653884001901
10091,105,2,91,379.80308185524507
10092,105,2,92,380.59789256530183
10093,105,2,93,403.76690207041554
10094,105,2,94,457.1013778987273
10095,105,2,95,364.10600767883057
10096,105,2,96,377.3332406339847
10097,105,2,97,379.2114563170366
10098,105,2,98,392.673269073785
10099,105,2,99,469.5936016602106
10100,105,3,0,518.3664186660689
10101,105,3,1,536.5389004970633
10102,105,3,2,525.844989688202
10103,105,3,3,522.9703883116117
10104,105,3,4,533.2254573603385
10105,105,3,5,515.5677703497985
10106,105,3,6,501.4539916651841
10107,105,3,7,521.107922997757
10108,105,3,8,498.06678609142676
10109,105,3,9,536.3662960009179
10110,105,3,10,508.3625871626125
10111,105,3,11,464.7875879894434
10112,105,3,12,503.64223258161826
10113,105,3,13,497.5990989971006
10114,105,3,14,501.5274885311245
10115,105,3,15,501.0461658441882
10116,105,3,16,497.68278954185917
10117,105,3,17,535.6662275975665
10118,105,3,18,469.2027995790579
10119,105,3,19,506.9170685254703
10120,105,3,20,490.34414462854954
10121,105,3,21,463.91151417670125
10122,105,3,22,492.643351655791
10123,105,3,23,494.9233281121745
10124,105,3,24,522.1428400355474
10125,105,3,25,509.43348931077594
10126,105,3,26,322.22118241478796
10127,105,3,27,486.66003024426504
10128,105,3,28,492.55969521550713
10129,105,3,29,464.4546549849324
10130,105,3,30,507.9992205588292
10131,105,3,31,470.5887228824392
10132,105,3,32,348.3266840586632
10133,105,3,33,265.5042240767845
10134,105,3,34,506.74752872266106
10135,105,3,35,518.5466600526838
10136,105,3,36,523.1076549421723
10137,105,3,37,526.5140100735707
10138,105,3,38,488.8003889476585
10139,105,3,39,507.13172449851385
10140,105,3,40,509.1079076432959
10141,105,3,41,503.26322402122224
10142,105,3,42,476.1389008592627
10143,105,3,43,469.2817241595973
10144,105,3,44,499.1343780678786
10145,105,3,45,521.9322938445752
10146,105,3,46,529.0225421098268
10147,105,3,47,472.71985838636766
10148,105,3,48,533.3385466168779
10149,105,3,49,515.5533491457313
10150,105,3,50,475.54796190412117
10151,105,3,51,325.35493518874625
10152,105,3,52,535.2642578811635
10153,105,3,53,507.4223154519179
10154,105,3,54,491.651508431451
10155,105,3,55,519.0826779400171
10156,105,3,56,371.09339144088347
10157,105,3,57,520.6710107018218
10158,105,3,58,511.6671556615184
10159,105,3,59,514.0033235802034
10160,105,3,60,490.67769609707136
10161,105,3,61,487.306340674512
10162,105,3,62,536.6077825791093
10163,105,3,63,504.41101168339475
10164,105,3,64,513.9152409089925
10165,105,3,65,513.6099461467385
10166,105,3,66,470.2185356117188
10167,105,3,67,510.4757880088303
10168,105,3,68,496.69263274987156
10169,105,3,69,502.0509366992168
10170,105,3,70,474.51425780546555
10171,105,3,71,516.9816134880526
10172,105,3,72,524.1424042268618
10173,105,3,73,517.610844370387
10174,105,3,74,457.49561434099047
10175,105,3,75,336.3578388975796
10176,105,3,76,524.8741013893078
10177,105,3,77,504.5255664778813
10178,105,3,78,481.1438118895426
10179,105,3,79,525.5071424569321
10180,105,3,80,516.8729073184151
10181,105,3,81,496.1185538130839
10182,105,3,82,530.5290699907677
10183,105,3,83,480.91761226686936
10184,105,3,84,525.1574408220222
10185,105,3,85,523.6118469133379
10186,105,3,86,510.87468963543785
10187,105,3,87,510.654617511014
10188,105,3,88,510.0885589299603
10189,105,3,89,276.26273007485156
10190,105,3,90,514.1356680990988
10191,105,3,91,458.0514883525385
10192,105,3,92,508.8803245791523
10193,105,3,93,534.0962608546137
10194,105,3,94,522.6344098329894
10195,105,3,95,494.2915293849761
10196,105,3,96,470.5996355275166
10197,105,3,97,523.1833491456875
10198,105,3,98,502.7703072770819
10199,105,3,99,530.7622173041169
10200,109,1,0,132.8162708940842
10201,109,1,1,135.50066295888936
10202,109,1,2,166.00115024717655
10203,109,1,3,157.39955855687234
10204,109,1,4,175.14809764292463
10205,109,1,5,115.23050701505224
10206,109,1,6,162.24384094244502
10207,109,1,7,112.2987136702984
10208,109,1,8,205.1864581326783
10209,109,1,9,96.9147523115523
10210,109,1,10,149.7810544277734
10211,109,1,11,149.42995728106712
10212,109,1,12,189.64224471580124
10213,109,1,13,190.15167665412648
10214,109,1,14,138.95492027547348
10215,109,1,15,113.80095387673919
10216,109,1,16,191.70254338820786
10217,109,1,17,175.33485119294187
10218,109,1,18,190.96753514282872
10219,109,1,19,149.2612514934804
10220,109,1,20,148.80198834429825
10221,109,1,21,189.15541877034912
10222,109,1,22,188.77939434596692
10223,109,1,23,197.7426709174489
10224,109,1,24,145.30502198254428
10225,109,1,25,197.84585843313002
10226,109,1,26,116.20917833070699
10227,109,1,27,109.28629560053491
10228,109,1,28,105.52087716095384
10229,109,1,29,129.7939894514166
10230,109,1,30,204.28124962501238
10231,109,1,31,98.2691940274444
10232,109,1,32,198.6130027439811
10233,109,1,33,134.67158317787465
10234,109,1,34,124.43537554698193
10235,109,1,35,130.5808001678628
10236,109,1,36,187.31948786631017
10237,109,1,37,130.42635064883765
10238,109,1,38,114.27904933006423
10239,109,1,39,147.43578141494274
10240,109,1,40,133.1629414751072
10241,109,1,41,143.4881407582978
10242,109,1,42,197.19469187563556
10243,109,1,43,104.23751608562796
10244,109,1,44,139.10291026061134
10245,109,1,45,104.37438008458456
10246,109,1,46,139.72723487202694
10247,109,1,47,107.96467856581187
10248,109,1,48,163.78542677683865
10249,109,1,49,163.4729526042476
10250,109,1,50,97.70884524632865
10251,109,1,51,152.24576708202414
10252,109,1,52,188.12126921887602
10253,109,1,53,188.2963730353749
10254,109,1,54,132.29845618841765
10255,109,1,55,191.29132089902217
10256,109,1,56,198.05510081905052
10257,109,1,57,192.25853096579766
10258,109,1,58,162.31574752816184
10259,109,1,59,134.10938158968256
10260,109,1,60,132.878877213116
10261,109,1,61,148.19350214131705
10262,109,1,62,144.3541035015532
10263,109,1,63,198.4044422508676
10264,109,1,64,111.3867474573142
10265,109,1,65,160.06816747873822
10266,109,1,66,111.7188997146437
10267,109,1,67,150.23945150900323
10268,109,1,68,146.24877217227822
10269,109,1,69,139.8036936233163
10270,109,1,70,150.7157120158738
10271,109,1,71,197.2139755220325
10272,109,1,72,137.41342702124194
10273,109,1,73,170.4832257625534
10274,109,1,74,134.26829507009163
10275,109,1,75,161.58661640648774
10276,109,1,76,119.38009753182756
10277,109,1,77,104.76757051720162
10278,109,1,78,161.14661746882314
10279,109,1,79,172.83463422316808
10280,109,1,80,127.1692548704756
10281,109,1,81,146.5839974345421
10282,109,1,82,146.63195341126797
10283,109,1,83,140.76344039432217
10284,109,1,84,111.57938229458541
10285,109,1,85,162.78882064591252
10286,109,1,86,184.83014765363293
10287,109,1,87,115.25656400982452
10288,109,1,88,172.28054485140342
10289,109,1,89,133.76602915453034
10290,109,1,90,137.1985879856082
10291,109,1,91,203.9690272132587
10292,109,1,92,119.01387917078947
10293,109,1,93,184.8481193298542
10294,109,1,94,114.35170514323588
10295,109,1,95,110.26832516841367
10296,109,1,96,137.94004471804422
10297,109,1,97,163.1077578303754
10298,109,1,98,190.44754163646743
10299,109,1,99,140.6915279394037
10300,109,2,0,528.56570378548
10301,109,2,1,364.55341359390485
10302,109,2,2,178.02616895347467
10303,109,2,3,365.2259165379309
10304,109,2,4,369.3563647503275
10305,109,2,5,218.93723315363232
10306,109,2,6,511.3857283970914
10307,109,2,7,205.8005486464414
10308,109,2,8,217.74974982649363
10309,109,2,9,377.5411567315712
10310,109,2,10,341.93977648660103
10311,109,2,11,359.57467872039416
10312,109,2,12,192.9096588276482
10313,109,2,13,354.0821619660073
10314,109,2,14,369.0959269260223
10315,109,2,15,199.0219365395514
10316,109,2,16,376.3310880540565
10317,109,2,17,368.89455099829706
10318,109,2,18,232.3011991938282
10319,109,2,19,524.0118484719624
10320,109,2,20,248.46956256858513
10321,109,2,21,119.28767618923844
10322,109,2,22,358.343008126514
10323,109,2,23,367.13788510200027
10324,109,2,24,205.01720802072995
10325,109,2,25,369.47263018123255
10326,109,2,26,112.89813558476213
10327,109,2,27,194.83031772563712
10328,109,2,28,353.9299213188141
10329,109,2,29,526.0082465517789
10330,109,2,30,355.51556562015094
10331,109,2,31,377.63890669029377
10332,109,2,32,214.41106327646511
10333,109,2,33,534.1550122804185
10334,109,2,34,373.6503112981737
10335,109,2,35,527.8294257615303
10336,109,2,36,198.1349205562477
10337,109,2,37,337.50862467047773
10338,109,2,38,128.1488195712887
10339,109,2,39,349.83724247794476
10340,109,2,40,354.4466426140168
10341,109,2,41,359.0275212785542
10342,109,2,42,232.1448292468946
10343,109,2,43,198.6458919593608
10344,109,2,44,527.8594974104013
10345,109,2,45,383.5306444797392
10346,109,2,46,200.30928769058005
10347,109,2,47,503.8368914158636
10348,109,2,48,378.9537298893271
10349,109,2,49,379.13261615955656
10350,109,2,50,362.7678461392774
10351,109,2,51,192.40741810552805
10352,109,2,52,398.58218840039297
10353,109,2,53,342.9547919713017
10354,109,2,54,357.3298150328919
10355,109,2,55,199.3894964009823
10356,109,2,56,169.1142219540843
10357,109,2,57,502.170772635253
10358,109,2,58,383.9262925646076
10359,109,2,59,339.3473303597464
10360,109,2,60,535.5647018159982
10361,109,2,61,392.6197233617841
10362,109,2,62,504.76201548799276
10363,109,2,63,204.11448287738872
10364,109,2,64,385.2672364603989
10365,109,2,65,221.44280453065838
10366,109,2,66,352.09715671803804
10367,109,2,67,529.6763713046566
10368,109,2,68,528.0887294164198
10369,109,2,69,368.2793491146315
10370,109,2,70,166.70868099782007
10371,109,2,71,395.69216923647963
10372,109,2,72,327.1015329477054
10373,109,2,73,191.47605327025298
10374,109,2,74,492.58303032316786
10375,109,2,75,514.8675333610314
10376,109,2,76,518.497798569494
10377,109,2,77,342.81875686812646
10378,109,2,78,209.85362760764818
10379,109,2,79,362.3555816640018
10380,109,2,80,357.8239623334462
10381,109,2,81,166.9417363144073
10382,109,2,82,360.0852212711706
10383,109,2,83,226.79336308250342
10384,109,2,84,193.94771452668164
10385,109,2,85,497.9396930691208
10386,109,2,86,372.914795027447
10387,109,2,87,500.4429512581671
10388,109,2,88,351.12148246328303
10389,109,2,89,377.98030085210064
10390,109,2,90,368.7741959183417
10391,109,2,91,199.20698676169312
10392,109,2,92,510.03107364757534
10393,109,2,93,384.68221418747726
10394,109,2,94,503.036463294459
10395,109,2,95,502.07243927939106
10396,109,2,96,400.11796412679365
10397,109,2,97,369.725416666934
10398,109,2,98,370.5913161624492
10399,109,2,99,369.6576612467518
10400,109,3,0,385.13632631512473
10401,109,3,1,397.4255690513635
10402,109,3,2,374.58594509914553
10403,109,3,3,399.1584664688752
10404,109,3,4,501.341088353016
10405,109,3,5,355.77393411718697
10406,109,3,6,360.6550232058959
10407,109,3,7,350.42206708100645
10408,109,3,8,357.0895692846657
10409,109,3,9,370.41518664523994
10410,109,3,10,395.65394347645463
10411,109,3,11,365.74143048079236
10412,109,3,12,354.13978771128484
10413,109,3,13,381.7462393738999
10414,109,3,14,368.00421782715966
10415,109,3,15,333.5005435948954
10416,109,3,16,376.74041318170055
10417,109,3,17,507.55707938805256
10418,109,3,18,360.42125982852156
10419,109,3,19,360.2725787623023
10420,109,3,20,528.4039904456419
10421,109,3,21,531.5009034081556
10422,109,3,22,348.6312959264488
10423,109,3,23,354.986168049724
10424,109,3,24,360.0692852978077
10425,109,3,25,349.5020367674631
10426,109,3,26,343.22244436521436
10427,109,3,27,382.5461805109989
10428,109,3,28,504.1459292596501
10429,109,3,29,351.0016390920458
10430,109,3,30,511.020899206028
10431,109,3,31,514.0261604817365
10432,109,3,32,502.3989865205633
10433,109,3,33,343.6078170065908
10434,109,3,34,344.58780831840534
10435,109,3,35,382.3915903405336
10436,109,3,36,361.6101737359657
10437,109,3,37,378.8600852766665
10438,109,3,38,387.07256439725035
10439,109,3,39,361.21035762964993
10440,109,3,40,384.6388101872668
10441,109,3,41,357.0335306178225
10442,109,3,42,235.4833838939738
10443,109,3,43,350.3552695456956
10444,109,3,44,360.61844166652946
10445,109,3,45,360.5513382783752
10446,109,3,46,366.57974599276
10447,109,3,47,382.4031198569881
10448,109,3,48,496.46744745996426
10449,109,3,49,372.27082354323795
10450,109,3,50,341.03673551287073
10451,109,3,51,495.3494286297715
10452,109,3,52,352.3827306420977
10453,109,3,53,377.04311960127785
10454,109,3,54,503.285182012632
10455,109,3,55,377.50871322419795
10456,109,3,56,530.8041876825821
10457,109,3,57,132.06153243289043
10458,109,3,58,353.86866400154224
10459,109,3,59,355.14212967472076
10460,109,3,60,350.3017763445407
10461,109,3,61,392.29053714994325
10462,109,3,62,371.01464122283676
10463,109,3,63,341.15351867067494
10464,109,3,64,374.02850005092927
10465,109,3,65,526.4411567161707
10466,109,3,66,365.4991326141266
10467,109,3,67,498.28210280260527
10468,109,3,68,337.5725972957727
10469,109,3,69,364.01232271278184
10470,109,3,70,381.61323162766723
10471,109,3,71,516.1962193444432
10472,109,3,72,383.8499311883611
10473,109,3,73,371.76691914979847
10474,109,3,74,378.68097627107824
10475,109,3,75,369.84791613974267
10476,109,3,76,526.9717023756323
10477,109,3,77,369.3544812359593
10478,109,3,78,370.3918642222637
10479,109,3,79,384.94742190080217
10480,109,3,80,375.7775208987442
10481,109,3,81,367.9316392613905
10482,109,3,82,365.19234996334706
10483,109,3,83,376.71870944056303
10484,109,3,84,495.12084573625674
10485,109,3,85,370.41034778338684
10486,109,3,86,501.2157256918529
10487,109,3,87,341.9896061926479
10488,109,3,88,359.43546210794415
10489,109,3,89,391.01067524902265
10490,109,3,90,365.66409723705
10491,109,3,91,533.1713825575034
10492,109,3,92,493.011928231533
10493,109,3,93,372.5559431769975
10494,109,3,94,138.88280515910824
10495,109,3,95,395.12299198537164
10496,109,3,96,499.770598375187
10497,109,3,97,363.25761496816966
10498,109,3,98,507.1290773835492
10499,109,3,99,503.68758843549074
10500,111,1,0,114.410257397707
10501,111,1,1,194.72353506513542
10502,111,1,2,189.56552383526824
10503,111,1,3,111.15171358361985
10504,111,1,4,132.52629450533405
10505,111,1,5,142.00083113897367
10506,111,1,6,154.94933619176336
10507,111,1,7,188.1102271079847
10508,111,1,8,196.55487609348998
10509,111,1,9,151.36291278017424
10510,111,1,10,147.86951940688067
10511,111,1,11,152.3896209724287
10512,111,1,12,115.8043972221033
10513,111,1,13,198.7572869461605
10514,111,1,14,190.51051649831078
10515,111,1,15,187.29478581697464
10516,111,1,16,143.74803628533104
10517,111,1,17,127.54447679884085
10518,111,1,18,139.1201901335503
10519,111,1,19,135.8280015515071
10520,111,1,20,119.58401952742238
10521,111,1,21,156.22776035263797
10522,111,1,22,114.16029191906128
10523,111,1,23,165.64816900083298
10524,111,1,24,194.30062616567596
10525,111,1,25,159.07906249384675
10526,111,1,26,149.51663821214288
10527,111,1,27,152.36889273965087
10528,111,1,28,160.7307011082271
10529,111,1,29,97.48030105768864
10530,111,1,30,151.57926574979987
10531,111,1,31,191.82528045799805
10532,111,1,32,190.4139339122858
10533,111,1,33,113.66705383986802
10534,111,1,34,151.203410195158
10535,111,1,35,136.9684623545093
10536,111,1,36,159.5696117184558
10537,111,1,37,192.24099343938093
10538,111,1,38,119.48976240070279
10539,111,1,39,187.11458456624155
10540,111,1,40,172.36570238281462
10541,111,1,41,182.9910489417289
10542,111,1,42,130.90407220383335
10543,111,1,43,159.5918750888118
10544,111,1,44,187.26852204779507
10545,111,1,45,99.1504899315995
10546,111,1,46,159.46141394341785
10547,111,1,47,183.37346329775778
10548,111,1,48,145.91246236782501
10549,111,1,49,129.4409647624901
10550,111,1,50,191.10506664803194
10551,111,1,51,197.29259965187362
10552,111,1,52,133.7667792783639
10553,111,1,53,193.66292728571895
10554,111,1,54,187.05420437112932
10555,111,1,55,167.64444942009303
10556,111,1,56,142.51551155534366
10557,111,1,57,171.18955744823995
10558,111,1,58,111.60068446024225
10559,111,1,59,182.91144247040882
10560,111,1,60,149.85789048950815
10561,111,1,61,170.58698084626857
10562,111,1,62,141.72128589194008
10563,111,1,63,142.03183121431417
10564,111,1,64,175.62230972180961
10565,111,1,65,132.63070348382766
10566,111,1,66,153.24250872533446
10567,111,1,67,203.3300576864338
10568,111,1,68,112.10332396894823
10569,111,1,69,149.1999761808601
10570,111,1,70,135.79770619853338
10571,111,1,71,108.2718070543868
10572,111,1,72,198.06708509389452
10573,111,1,73,142.27113525738525
10574,111,1,74,138.59914295167397
10575,111,1,75,203.84661727921716
10576,111,1,76,145.61140672034813
10577,111,1,77,115.35504826430494
10578,111,1,78,138.03703226349043
10579,111,1,79,129.74049779133352
10580,111,1,80,161.63547657648616
10581,111,1,81,193.301810207432
10582,111,1,82,125.2000471930165
10583,111,1,83,138.8664655266947
10584,111,1,84,126.51760214619277
10585,111,1,85,142.75296132542104
10586,111,1,86,168.66959007890514
10587,111,1,87,137.85975708025018
10588,111,1,88,153.85013502254378
10589,111,1,89,130.08817208843482
10590,111,1,90,189.70740483560922
10591,111,1,91,145.3568769769933
10592,111,1,92,144.7906303983597
10593,111,1,93,160.59769162148436
10594,111,1,94,155.71442235770562
10595,111,1,95,111.1293682462894
10596,111,1,96,108.87327282982119
10597,111,1,97,168.7810344173988
10598,111,1,98,152.87121795475807
10599,111,1,99,131.26832348059273
10600,111,2,0,239.5879147340893
10601,111,2,1,407.8561509513308
10602,111,2,2,435.75052735780935
10603,111,2,3,416.72892364350594
10604,111,2,4,398.9397256178057
10605,111,2,5,385.4537157194375
10606,111,2,6,439.822772385356
10607,111,2,7,421.50243704450946
10608,111,2,8,212.74118926910134
10609,111,2,9,383.59177039153724
10610,111,2,10,170.77708954342037
10611,111,2,11,384.14973703883487
10612,111,2,12,448.7351134620862
10613,111,2,13,423.32209795481026
10614,111,2,14,386.9922303131091
10615,111,2,15,398.4135901638988
10616,111,2,16,438.2943492554292
10617,111,2,17,410.24323969862843
10618,111,2,18,380.73237647672966
10619,111,2,19,388.6125780264289
10620,111,2,20,381.08258856025634
10621,111,2,21,381.9931779457164
10622,111,2,22,437.54324055752863
10623,111,2,23,393.7813086628167
10624,111,2,24,181.5487813117145
10625,111,2,25,413.6672449830326
10626,111,2,26,418.2441826442824
10627,111,2,27,399.8565712197727
10628,111,2,28,231.74472880702817
10629,111,2,29,402.7251714224981
10630,111,2,30,403.06184876592033
10631,111,2,31,77.54138384112518
10632,111,2,32,207.6212146230775
10633,111,2,33,148.3833878781306
10634,111,2,34,377.35362890388313
10635,111,2,35,393.737661238589
10636,111,2,36,440.2002398316898
10637,111,2,37,434.1275354881432
10638,111,2,38,419.5936678660561
10639,111,2,39,242.56706364797088
10640,111,2,40,381.2288696790544
10641,111,2,41,239.72108797193727
10642,111,2,42,414.218184755837
10643,111,2,43,212.24904115877106
10644,111,2,44,412.72867503549895
10645,111,2,45,396.28495979331717
10646,111,2,46,413.31129579939096
10647,111,2,47,380.8771982308537
10648,111,2,48,73.54315805392334
10649,111,2,49,421.8553639620554
10650,111,2,50,380.3899675012027
10651,111,2,51,401.35047056534853
10652,111,2,52,386.05057452651533
10653,111,2,53,233.16387267594033
10654,111,2,54,415.76422556910677
10655,111,2,55,401.4828277774084
10656,111,2,56,445.4896783135752
10657,111,2,57,148.40476528542408
10658,111,2,58,65.34893177072057
10659,111,2,59,425.2754418588535
10660,111,2,60,436.25983663861524
10661,111,2,61,219.15753122586136
10662,111,2,62,401.3664561300995
10663,111,2,63,408.3548243472699
10664,111,2,64,233.30687408752348
10665,111,2,65,382.65647702767336
10666,111,2,66,104.11323629392956
10667,111,2,67,403.49535956848877
10668,111,2,68,422.4315105940658
10669,111,2,69,394.3797269051505
10670,111,2,70,398.69451567305714
10671,111,2,71,438.4217810416012
10672,111,2,72,426.7704894459314
10673,111,2,73,436.09468768090886
10674,111,2,74,378.0069126422427
10675,111,2,75,424.46572722844843
10676,111,2,76,433.23245901657367
10677,111,2,77,399.27421014405337
10678,111,2,78,396.6397791132557
10679,111,2,79,379.9170954236459
10680,111,2,80,374.6317024664341
10681,111,2,81,387.6284694216388
10682,111,2,82,394.87132597883
10683,111,2,83,389.18254835305953
10684,111,2,84,403.6172751203906
10685,111,2,85,392.8599303877279
10686,111,2,86,429.2606513954886
10687,111,2,87,409.38630332748113
10688,111,2,88,376.1017042614007
10689,111,2,89,225.82550053226132
10690,111,2,90,389.3094908401657
10691,111,2,91,433.345591574801
10692,111,2,92,378.05039855960365
10693,111,2,93,415.9526612617416
10694,111,2,94,103.59219254344215
10695,111,2,95,439.7725833966812
10696,111,2,96,416.2419869061429
10697,111,2,97,411.5982369048259
10698,111,2,98,394.677925219698
10699,111,2,99,409.419832415923
10700,111,3,0,501.71789329095196
10701,111,3,1,410.9578612283517
10702,111,3,2,409.0303467496175
10703,111,3,3,388.3860889754151
10704,111,3,4,386.5461704708885
10705,111,3,5,536.3484933913309
10706,111,3,6,381.33419245564573
10707,111,3,7,368.7947117549925
10708,111,3,8,365.6244930396748
10709,111,3,9,395.5852498429441
10710,111,3,10,401.4093714040634
10711,111,3,11,392.12721889948494
10712,111,3,12,401.0336634243009
10713,111,3,13,497.5107022794177
10714,111,3,14,392.79666513511637
10715,111,3,15,415.6039077293954
10716,111,3,16,508.6746362722206
10717,111,3,17,404.7564764339533
10718,111,3,18,409.647181326842
10719,111,3,19,379.10419715870955
10720,111,3,20,453.506726875519
10721,111,3,21,408.023546639896
10722,111,3,22,378.67464349106353
10723,111,3,23,426.2045492496816
10724,111,3,24,383.3393009757063
10725,111,3,25,408.52828686927063
10726,111,3,26,407.8463314066256
10727,111,3,27,463.75074348768203
10728,111,3,28,420.7481292854602
10729,111,3,29,514.9554816647487
10730,111,3,30,393.0354580629626
10731,111,3,31,365.8531113688283
10732,111,3,32,414.29851161238906
10733,111,3,33,509.5357430551482
10734,111,3,34,380.8095615495684
10735,111,3,35,383.3293488693363
10736,111,3,36,502.3762366477231
10737,111,3,37,395.8852008195229
10738,111,3,38,410.06087604019626
10739,111,3,39,359.1325356758559
10740,111,3,40,407.7787196100164
10741,111,3,41,529.608886705465
10742,111,3,42,399.5956881307115
10743,111,3,43,407.62445793227033
10744,111,3,44,362.1047701843921
10745,111,3,45,405.90846461650665
10746,111,3,46,386.29227962839786
10747,111,3,47,512.4899946457934
10748,111,3,48,383.13910408021115
10749,111,3,49,413.321218820446
10750,111,3,50,396.4085940399252
10751,111,3,51,386.58710570425893
10752,111,3,52,392.965546709194
10753,111,3,53,411.2950581812396
10754,111,3,54,402.69608464187775
10755,111,3,55,381.5660912005883
10756,111,3,56,381.9105261167636
10757,111,3,57,358.3581541192877
10758,111,3,58,367.0803493589328
10759,111,3,59,405.8678846392657
10760,111,3,60,390.952028222666
10761,111,3,61,419.28442405183466
10762,111,3,62,432.67140399448664
10763,111,3,63,404.861076069312
10764,111,3,64,410.5275298369413
10765,111,3,65,403.33907713099694
10766,111,3,66,389.617406757065
10767,111,3,67,379.3963610795235
10768,111,3,68,506.9400500898528
10769,111,3,69,408.76640384398564
10770,111,3,70,411.47573684383735
10771,111,3,71,409.70858855119945
10772,111,3,72,407.3954595197682
10773,111,3,73,396.0595039647339
10774,111,3,74,409.7222806971021
10775,111,3,75,369.9770634277671
10776,111,3,76,395.9611289670432
10777,111,3,77,385.1420017244724
10778,111,3,78,384.77010005874973
10779,111,3,79,369.7909082544794
10780,111,3,80,524.3025716086686
10781,111,3,81,387.1801453694355
10782,111,3,82,512.3718343871643
10783,111,3,83,412.6539951718674
10784,111,3,84,509.3346397365713
10785,111,3,85,391.08253243519835
10786,111,3,86,420.25817967126085
10787,111,3,87,376.47333564518885
10788,111,3,88,382.2366105630802
10789,111,3,89,360.87457625832155
10790,111,3,90,406.7402891148653
10791,111,3,91,382.2885185592657
10792,111,3,92,404.71900660709184
10793,111,3,93,408.1441882510473
10794,111,3,94,382.69637055030637
10795,111,3,95,372.2529309824012
10796,111,3,96,393.4706756334231
10797,111,3,97,406.1069468212014
10798,111,3,98,372.5644071818801
10799,111,3,99,382.34728989396405
10800,112,1,0,167.00531342418964
10801,112,1,1,126.41810675649813
10802,112,1,2,169.53875669986866
10803,112,1,3,126.78137597366937
10804,112,1,4,139.27365624540656
10805,112,1,5,196.94665624370523
10806,112,1,6,157.512713009945
10807,112,1,7,144.74146367430527
10808,112,1,8,104.64218789003255
10809,112,1,9,142.97192097332777
10810,112,1,10,145.82319531878963
10811,112,1,11,166.64695703574998
10812,112,1,12,167.20304411710393
10813,112,1,13,112.72724013429827
10814,112,1,14,190.24186768294416
10815,112,1,15,204.16223568929308
10816,112,1,16,164.3143480905864
10817,112,1,17,130.2881747670036
10818,112,1,18,139.8650384414264
10819,112,1,19,145.00796350188853
10820,112,1,20,144.04811379071728
10821,112,1,21,126.68404337070089
10822,112,1,22,150.80624421747982
10823,112,1,23,190.16718018165028
10824,112,1,24,98.14284857454719
10825,112,1,25,203.9203566893205
10826,112,1,26,149.68571143580525
10827,112,1,27,160.7174217205892
10828,112,1,28,189.44381901222317
10829,112,1,29,190.23885698772736
10830,112,1,30,163.71347146009538
10831,112,1,31,119.14997159244939
10832,112,1,32,104.13076082368072
10833,112,1,33,98.39391468890416
10834,112,1,34,126.86926875851829
10835,112,1,35,137.7762169972836
10836,112,1,36,128.29290413535918
10837,112,1,37,145.04727095447015
10838,112,1,38,153.36246238623806
10839,112,1,39,97.99180004407236
10840,112,1,40,151.61900943646603
10841,112,1,41,146.0286746214423
10842,112,1,42,126.78610738315056
10843,112,1,43,159.3244530969806
10844,112,1,44,198.3006009022741
10845,112,1,45,175.75313801565693
10846,112,1,46,150.09770382849652
10847,112,1,47,138.5477968210961
10848,112,1,48,204.02234152910182
10849,112,1,49,204.4550699839565
10850,112,1,50,154.31365111887695
10851,112,1,51,153.1511141278154
10852,112,1,52,153.3031271080589
10853,112,1,53,113.45706304959312
10854,112,1,54,156.0197096932199
10855,112,1,55,160.9275150215679
10856,112,1,56,171.91597750535607
10857,112,1,57,143.63121249036507
10858,112,1,58,163.98114216085995
10859,112,1,59,160.09005621977246
10860,112,1,60,149.69372687803804
10861,112,1,61,160.15084458640206
10862,112,1,62,203.8150953379397
10863,112,1,63,140.29100590659488
10864,112,1,64,205.03983639445522
10865,112,1,65,171.43618146657232
10866,112,1,66,165.87860067332358
10867,112,1,67,146.12563275125012
10868,112,1,68,108.17930409261652
10869,112,1,69,135.24492466702978
10870,112,1,70,109.70511815675079
10871,112,1,71,187.7017083912491
10872,112,1,72,139.95819069459304
10873,112,1,73,131.40335835251759
10874,112,1,74,175.86531924923815
10875,112,1,75,117.46599117672278
10876,112,1,76,140.0022123501009
10877,112,1,77,115.6544918478325
10878,112,1,78,113.9587136606072
10879,112,1,79,190.37750418790182
10880,112,1,80,144.40568882671587
10881,112,1,81,191.27500913371287
10882,112,1,82,125.76006699364328
10883,112,1,83,105.49599506273545
10884,112,1,84,205.52878541380687
10885,112,1,85,158.15890905442066
10886,112,1,86,174.05367861574177
10887,112,1,87,183.11950924618247
10888,112,1,88,171.51304208600047
10889,112,1,89,156.73655112249557
10890,112,1,90,110.77093362980766
10891,112,1,91,187.87939487090966
10892,112,1,92,168.03840964283938
10893,112,1,93,171.55314388908155
10894,112,1,94,119.38214664956529
10895,112,1,95,204.39744530430414
10896,112,1,96,146.7879311623992
10897,112,1,97,126.80880800969037
10898,112,1,98,112.79315503619037
10899,112,1,99,119.32402901800434
10900,112,2,0,512.3822556199025
10901,112,2,1,472.95545307729844
10902,112,2,2,373.3637428121139
10903,112,2,3,497.66751912665774
10904,112,2,4,376.42196270165823
10905,112,2,5,465.62949488076646
10906,112,2,6,383.13373868059773
10907,112,2,7,509.97389313873833
10908,112,2,8,415.2249334433929
10909,112,2,9,523.8300110955626
10910,112,2,10,393.98703781834973
10911,112,2,11,499.95855340519995
10912,112,2,12,378.29875654270666
10913,112,2,13,408.28946274163604
10914,112,2,14,499.2586686641778
10915,112,2,15,372.5294274506457
10916,112,2,16,412.12679440083446
10917,112,2,17,381.3818044085304
10918,112,2,18,505.0394078644322
10919,112,2,19,513.9489603244575
10920,112,2,20,478.39594763903835
10921,112,2,21,510.2471875257563
10922,112,2,22,371.0518438621484
10923,112,2,23,379.4952655909066
10924,112,2,24,366.4648029603797
10925,112,2,25,457.19701710895185
10926,112,2,26,404.210972247628
10927,112,2,27,401.93935504075114
10928,112,2,28,365.10600232727586
10929,112,2,29,530.7241165349624
10930,112,2,30,494.79015661713703
10931,112,2,31,382.37566221677974
10932,112,2,32,365.4969499964154
10933,112,2,33,524.3660315978753
10934,112,2,34,413.81071305368107
10935,112,2,35,373.76810463202975
10936,112,2,36,356.0674370765806
10937,112,2,37,482.44564565682924
10938,112,2,38,502.6125365255281
10939,112,2,39,377.3160127373955
10940,112,2,40,502.0229877939768
10941,112,2,41,480.967557335146
10942,112,2,42,467.96869488639874
10943,112,2,43,485.60987180107213
10944,112,2,44,508.3034304124209
10945,112,2,45,356.06918090839895
10946,112,2,46,522.9836827522445
10947,112,2,47,384.7453817051852
10948,112,2,48,491.83605542834863
10949,112,2,49,460.8124709575497
10950,112,2,50,363.43944571300153
10951,112,2,51,450.81522758613323
10952,112,2,52,485.1254024637885
10953,112,2,53,366.29647909691226
10954,112,2,54,508.39099139333
10955,112,2,55,364.6929845179981
10956,112,2,56,519.5900314415495
10957,112,2,57,533.4848048522456
10958,112,2,58,479.8340875198005
10959,112,2,59,400.1305990783945
10960,112,2,60,509.9118005515119
10961,112,2,61,516.0058603174418
10962,112,2,62,532.0812508885997
10963,112,2,63,468.28278847848117
10964,112,2,64,399.3819615751385
10965,112,2,65,514.9757371703273
10966,112,2,66,460.84879159402215
10967,112,2,67,369.65322680822555
10968,112,2,68,509.0902947212276
10969,112,2,69,374.0224633004693
10970,112,2,70,459.3896546454146
10971,112,2,71,370.56938303681983
10972,112,2,72,536.2299648210461
10973,112,2,73,382.06585983950896
10974,112,2,74,445.16674003830747
10975,112,2,75,516.1990127986444
10976,112,2,76,507.03769329363234
10977,112,2,77,496.2929215856536
10978,112,2,78,378.9317938433883
10979,112,2,79,383.02331390972296
10980,112,2,80,423.4054148697243
10981,112,2,81,462.34247801252417
10982,112,2,82,523.3033274542562
10983,112,2,83,378.20321299883466
10984,112,2,84,380.57655868361854
10985,112,2,85,370.189195798323
10986,112,2,86,501.44386955468315
10987,112,2,87,380.3345041314887
10988,112,2,88,376.3531736995251
10989,112,2,89,500.22817350518704
10990,112,2,90,518.1831927572557
10991,112,2,91,509.0948640944245
10992,112,2,92,401.8960927524035
10993,112,2,93,354.8658760752942
10994,112,2,94,361.95539274594546
10995,112,2,95,485.1484154144338
10996,112,2,96,361.71211466691875
10997,112,2,97,381.78093150986956
10998,112,2,98,378.5230335208278
10999,112,2,99,424.2316183582576
11000,112,3,0,528.6430793225211
11001,112,3,1,521.9455134719955
11002,112,3,2,535.9163466166552
11003,112,3,3,523.2716860475107
11004,112,3,4,535.1794452049883
11005,112,3,5,366.6278740072896
11006,112,3,6,512.5366354289488
11007,112,3,7,530.8793575664528
11008,112,3,8,531.0364744124012
11009,112,3,9,530.3127702271279
11010,112,3,10,517.3218219695052
11011,112,3,11,519.6742770824842
11012,112,3,12,522.7610210722304
11013,112,3,13,519.1191061808044
11014,112,3,14,532.0835058132203
11015,112,3,15,377.6404421088849
11016,112,3,16,514.355784641954
11017,112,3,17,535.4099136999772
11018,112,3,18,509.69643194108056
11019,112,3,19,382.095166945054
11020,112,3,20,523.016225606382
11021,112,3,21,530.7409132152238
11022,112,3,22,518.6474329105317
11023,112,3,23,513.5876950946193
11024,112,3,24,529.4434922007462
11025,112,3,25,517.4585959512757
11026,112,3,26,532.8149371237998
11027,112,3,27,525.3435634971454
11028,112,3,28,510.10597487246963
11029,112,3,29,525.2449782560707
11030,112,3,30,533.3994877873487
11031,112,3,31,529.1448261866484
11032,112,3,32,531.7953803300194
11033,112,3,33,382.18067564979566
11034,112,3,34,530.7464587883028
11035,112,3,35,521.8130122807863
11036,112,3,36,528.3462203126209
11037,112,3,37,527.6264321825364
11038,112,3,38,528.2782137125686
11039,112,3,39,523.0351209088041
11040,112,3,40,522.6318635045776
11041,112,3,41,530.6677603869572
11042,112,3,42,534.9717663689726
11043,112,3,43,531.425466898146
11044,112,3,44,530.3308010055811
11045,112,3,45,523.8535885016177
11046,112,3,46,512.1654161787067
11047,112,3,47,517.4387190577601
11048,112,3,48,375.78274901811983
11049,112,3,49,509.0880046633431
11050,112,3,50,520.1176606135083
11051,112,3,51,525.9550083748219
11052,112,3,52,514.8825974270693
11053,112,3,53,533.0371848252652
11054,112,3,54,381.7420759774627
11055,112,3,55,367.37442435519506
11056,112,3,56,535.8616585031721
11057,112,3,57,535.8960618352174
11058,112,3,58,512.692322093847
11059,112,3,59,521.5611104994884
11060,112,3,60,519.7048962822886
11061,112,3,61,510.7867170724458
11062,112,3,62,519.7003081286899
11063,112,3,63,529.9484997905229
11064,112,3,64,521.6157265230138
11065,112,3,65,532.8037239683744
11066,112,3,66,534.4981194291786
11067,112,3,67,509.3649682470452
11068,112,3,68,531.3223812910167
11069,112,3,69,531.661984848451
11070,112,3,70,521.1824071910694
11071,112,3,71,524.8604582594827
11072,112,3,72,512.6780878394616
11073,112,3,73,525.7785015077637
11074,112,3,74,502.18002330626683
11075,112,3,75,525.730485805389
11076,112,3,76,382.4474553471822
11077,112,3,77,525.2091327671408
11078,112,3,78,529.0742329745206
11079,112,3,79,525.3909751360667
11080,112,3,80,358.07860418436417
11081,112,3,81,380.0083349568797
11082,112,3,82,521.2701596126827
11083,112,3,83,528.1846471904596
11084,112,3,84,523.2947917318155
11085,112,3,85,527.566531668175
11086,112,3,86,520.7166080492455
11087,112,3,87,526.199440773814
11088,112,3,88,382.268318585941
11089,112,3,89,521.8293041101136
11090,112,3,90,532.9472693518204
11091,112,3,91,525.5539120192984
11092,112,3,92,527.3465285364483
11093,112,3,93,527.687978141147
11094,112,3,94,522.6344412868613
11095,112,3,95,358.17140773676704
11096,112,3,96,518.5949312027928
11097,112,3,97,524.5329310419424
11098,112,3,98,530.0762788054241
11099,112,3,99,371.73946786757944
11100,113,1,0,174.3239105718309
11101,113,1,1,104.73449852401369
11102,113,1,2,104.3854393634343
11103,113,1,3,160.30284666188788
11104,113,1,4,153.84223375860745
11105,113,1,5,112.6442714246917
11106,113,1,6,98.73884963420623
11107,113,1,7,183.5087944551028
11108,113,1,8,194.0425998405006
11109,113,1,9,104.6008196487131
11110,113,1,10,186.2963069968673
11111,113,1,11,149.02334127670923
11112,113,1,12,111.45631510719247
11113,113,1,13,158.8861907454028
11114,113,1,14,127.09993589058568
11115,113,1,15,152.89013034189628
11116,113,1,16,153.92835763032085
11117,113,1,17,129.31139128226408
11118,113,1,18,189.0041846450444
11119,113,1,19,98.46762073076559
11120,113,1,20,198.7760946384523
11121,113,1,21,135.24880651247497
11122,113,1,22,117.75813944135774
11123,113,1,23,163.1781775493623
11124,113,1,24,134.24738477895312
11125,113,1,25,136.99433363876545
11126,113,1,26,152.51590881895015
11127,113,1,27,137.7766084339756
11128,113,1,28,109.52204201412596
11129,113,1,29,169.74165103757366
11130,113,1,30,140.1392526342708
11131,113,1,31,185.71514331706112
11132,113,1,32,117.44097955219338
11133,113,1,33,169.38346558170488
11134,113,1,34,175.2027271647968
11135,113,1,35,144.00142556291974
11136,113,1,36,188.7387690175476
11137,113,1,37,196.79322460871043
11138,113,1,38,104.18881842331282
11139,113,1,39,140.21678972880366
11140,113,1,40,111.73357204393123
11141,113,1,41,160.78252278069715
11142,113,1,42,189.83727857624612
11143,113,1,43,161.6455412885548
11144,113,1,44,115.37110550332004
11145,113,1,45,145.16027419140954
11146,113,1,46,143.64009503211867
11147,113,1,47,173.37550083014062
11148,113,1,48,97.16075325406318
11149,113,1,49,164.44969484481555
11150,113,1,50,119.11673804326335
11151,113,1,51,112.49902939479146
11152,113,1,52,145.55697034822208
11153,113,1,53,137.23562192351713
11154,113,1,54,135.41611656642402
11155,113,1,55,172.69978370144304
11156,113,1,56,198.47098828434682
11157,113,1,57,153.45433872249419
11158,113,1,58,133.68065905669783
11159,113,1,59,160.31519414793897
11160,113,1,60,167.46792036202638
11161,113,1,61,112.06112727292673
11162,113,1,62,113.30940923875093
11163,113,1,63,167.27684493391408
11164,113,1,64,109.29160481264972
11165,113,1,65,154.5085402927832
11166,113,1,66,155.96271641032322
11167,113,1,67,115.24927878869705
11168,113,1,68,146.63139425260607
11169,113,1,69,152.78957803883668
11170,113,1,70,187.97750649364076
11171,113,1,71,186.89875230749422
11172,113,1,72,150.66819933354958
11173,113,1,73,198.69263809376793
11174,113,1,74,129.63938579537952
11175,113,1,75,141.1413446633997
11176,113,1,76,157.18952674537127
11177,113,1,77,142.90463246339255
11178,113,1,78,143.43439366522728
11179,113,1,79,169.90376638163798
11180,113,1,80,103.7251678754194
11181,113,1,81,148.95924797928743
11182,113,1,82,104.58295162740619
11183,113,1,83,185.5615603900207
11184,113,1,84,165.98497084984524
11185,113,1,85,154.55040462910205
11186,113,1,86,151.74585818807995
11187,113,1,87,111.38117485411159
11188,113,1,88,159.4581652392096
11189,113,1,89,185.69161704878388
11190,113,1,90,184.81460258925082
11191,113,1,91,151.3006939887524
11192,113,1,92,185.26703017135438
11193,113,1,93,104.14645432337188
11194,113,1,94,116.73029870808647
11195,113,1,95,187.32393693161183
11196,113,1,96,98.64432283651158
11197,113,1,97,176.07346216880669
11198,113,1,98,112.58110540980981
11199,113,1,99,137.13047549069006
11200,113,2,0,183.01662405299675
11201,113,2,1,411.8736410280997
11202,113,2,2,172.1710423276724
11203,113,2,3,410.6178580945173
11204,113,2,4,168.29969096632448
11205,113,2,5,390.79663147178957
11206,113,2,6,415.5605534341712
11207,113,2,7,418.07811788074093
11208,113,2,8,230.99344961715374
11209,113,2,9,169.49808946036055
11210,113,2,10,404.34712390494974
11211,113,2,11,411.5868714575823
11212,113,2,12,202.79943502186018
11213,113,2,13,422.20956892692715
11214,113,2,14,197.71534609595955
11215,113,2,15,168.0717285250868
11216,113,2,16,165.1995579903995
11217,113,2,17,171.119387280443
11218,113,2,18,422.52282897585394
11219,113,2,19,412.8747654285322
11220,113,2,20,170.07907459692078
11221,113,2,21,219.8072060657577
11222,113,2,22,157.1656618244373
11223,113,2,23,421.6908275221707
11224,113,2,24,166.67369997091538
11225,113,2,25,426.1786632197282
11226,113,2,26,425.84850176686604
11227,113,2,27,410.5906628689489
11228,113,2,28,211.4879842056132
11229,113,2,29,419.0270387549941
11230,113,2,30,157.40844149402884
11231,113,2,31,174.32697685586317
11232,113,2,32,429.71416792669646
11233,113,2,33,205.20099691628957
11234,113,2,34,164.73464316782608
11235,113,2,35,412.06964720247674
11236,113,2,36,198.93189738996648
11237,113,2,37,389.0464395953872
11238,113,2,38,431.03568109491204
11239,113,2,39,169.03644752924427
11240,113,2,40,167.31335544942434
11241,113,2,41,423.25835639933416
11242,113,2,42,172.50769364332402
11243,113,2,43,191.73350993224153
11244,113,2,44,190.22446371020544
11245,113,2,45,208.61327813758578
11246,113,2,46,414.0954314688437
11247,113,2,47,183.8107821365281
11248,113,2,48,424.06198083351853
11249,113,2,49,191.54345474263178
11250,113,2,50,412.82624324746496
11251,113,2,51,421.72038358971844
11252,113,2,52,195.78105994973868
11253,113,2,53,420.4122929889436
11254,113,2,54,175.80147851364453
11255,113,2,55,386.5484513017571
11256,113,2,56,412.9442852766502
11257,113,2,57,419.8684182652531
11258,113,2,58,425.41054309510673
11259,113,2,59,428.8107828059206
11260,113,2,60,227.94270572873228
11261,113,2,61,193.2357262270617
11262,113,2,62,407.38809780213194
11263,113,2,63,192.8340564364534
11264,113,2,64,145.42773859492993
11265,113,2,65,414.7178399189137
11266,113,2,66,382.3888972324751
11267,113,2,67,413.17077868144884
11268,113,2,68,423.7175757457574
11269,113,2,69,167.1730908442394
11270,113,2,70,398.61584593348505
11271,113,2,71,177.3025097803086
11272,113,2,72,407.11834028003574
11273,113,2,73,165.3797378292073
11274,113,2,74,428.12250040776286
11275,113,2,75,419.24097971284226
11276,113,2,76,204.58343170182832
11277,113,2,77,174.0043624640791
11278,113,2,78,411.0922844467179
11279,113,2,79,411.1082954405341
11280,113,2,80,416.58426914190983
11281,113,2,81,429.63001133842727
11282,113,2,82,174.9727614893515
11283,113,2,83,184.6168760164921
11284,113,2,84,184.60507480236956
11285,113,2,85,411.94320440520244
11286,113,2,86,412.3275838791537
11287,113,2,87,226.34005184520672
11288,113,2,88,428.48045702851994
11289,113,2,89,411.749484512971
11290,113,2,90,410.60024919708343
11291,113,2,91,417.5709307251353
11292,113,2,92,413.78224263830873
11293,113,2,93,396.8115365830801
11294,113,2,94,168.82051237645618
11295,113,2,95,383.78524360252493
11296,113,2,96,211.64259830622964
11297,113,2,97,407.85421245628106
11298,113,2,98,207.13135737505573
11299,113,2,99,413.31142554234617
11300,113,3,0,426.7695394324986
11301,113,3,1,380.8232785824509
11302,113,3,2,148.02461485635132
11303,113,3,3,388.2534161127015
11304,113,3,4,523.1007834515599
11305,113,3,5,512.06251857087
11306,113,3,6,414.52545296899933
11307,113,3,7,416.2420173868584
11308,113,3,8,511.1762750296173
11309,113,3,9,375.07242893738146
11310,113,3,10,517.004963390636
11311,113,3,11,411.86610259889414
11312,113,3,12,395.08635275751834
11313,113,3,13,420.39253026560664
11314,113,3,14,529.1697077955314
11315,113,3,15,196.02600525351644
11316,113,3,16,163.49650855409206
11317,113,3,17,209.29287642446795
11318,113,3,18,521.4439458411197
11319,113,3,19,418.16966773399076
11320,113,3,20,403.3850722317236
11321,113,3,21,423.857642465167
11322,113,3,22,169.53115282396004
11323,113,3,23,165.8515859735283
11324,113,3,24,410.2553165666221
11325,113,3,25,390.93910497114626
11326,113,3,26,388.8778676271863
11327,113,3,27,526.5509580805151
11328,113,3,28,411.26059954788525
11329,113,3,29,188.2799302855337
11330,113,3,30,391.1876538940676
11331,113,3,31,383.10620891232634
11332,113,3,32,393.1309777929017
11333,113,3,33,413.1423798661695
11334,113,3,34,512.9942070664604
11335,113,3,35,189.28311085768019
11336,113,3,36,174.3064072942599
11337,113,3,37,428.0848294382869
11338,113,3,38,506.5078664399453
11339,113,3,39,160.43551469929213
11340,113,3,40,422.2045931862109
11341,113,3,41,428.430053223827
11342,113,3,42,401.1703281735577
11343,113,3,43,127.95804624476034
11344,113,3,44,426.3642932546154
11345,113,3,45,513.652141265764
11346,113,3,46,429.8263136747087
11347,113,3,47,411.50259165829965
11348,113,3,48,501.34148325134714
11349,113,3,49,412.9546722925594
11350,113,3,50,497.91030587229227
11351,113,3,51,196.76876468541994
11352,113,3,52,414.19628645856307
11353,113,3,53,387.23993183628676
11354,113,3,54,519.4882841032389
11355,113,3,55,423.4285270208154
11356,113,3,56,420.25003268366305
11357,113,3,57,204.9292664415765
11358,113,3,58,402.4748000495265
11359,113,3,59,198.54163282740234
11360,113,3,60,412.98193962181125
11361,113,3,61,150.52871114284613
11362,113,3,62,402.85043387548234
11363,113,3,63,415.9631303958879
11364,113,3,64,410.0297349652847
11365,113,3,65,379.87972717222294
11366,113,3,66,523.7255454435982
11367,113,3,67,413.6614447356957
11368,113,3,68,420.2062246240206
11369,113,3,69,419.54297301511804
11370,113,3,70,414.6126588519219
11371,113,3,71,392.8785646770666
11372,113,3,72,425.9517269038753
11373,113,3,73,423.6556374199147
11374,113,3,74,410.860658518613
11375,113,3,75,528.531488182928
11376,113,3,76,505.35922388132695
11377,113,3,77,427.7598107143691
11378,113,3,78,414.9918333693206
11379,113,3,79,66.98551409716616
11380,113,3,80,390.7111381075074
11381,113,3,81,196.8288643392454
11382,113,3,82,130.92832039630562
11383,113,3,83,513.732135240497
11384,113,3,84,508.4394289352403
11385,113,3,85,377.7419539156731
11386,113,3,86,195.66605742257704
11387,113,3,87,394.8020846326793
11388,113,3,88,396.2990986759595
11389,113,3,89,521.0792713965112
11390,113,3,90,426.8136169656759
11391,113,3,91,384.6565595497525
11392,113,3,92,418.5586878394061
11393,113,3,93,524.0344898062592
11394,113,3,94,431.00741671209227
11395,113,3,95,174.04623265760304
11396,113,3,96,403.41440606877563
11397,113,3,97,199.6759940713166
11398,113,3,98,180.30317143431202
11399,113,3,99,172.31330255646265
11400,115,1,0,108.07721032521052
11401,115,1,1,149.68799120875087
11402,115,1,2,163.15621266083096
11403,115,1,3,129.81216741890154
11404,115,1,4,175.73206041166375
11405,115,1,5,136.9758320292896
11406,115,1,6,136.0349612263602
11407,115,1,7,132.0853144088286
11408,115,1,8,186.60828723734178
11409,115,1,9,167.04600929729742
11410,115,1,10,203.81250471287154
11411,115,1,11,109.60240693282877
11412,115,1,12,175.96097328906532
11413,115,1,13,140.49211510788408
11414,115,1,14,157.69917729132476
11415,115,1,15,167.566187630923
11416,115,1,16,175.3780656401102
11417,115,1,17,144.49050894243894
11418,115,1,18,198.4003614364258
11419,115,1,19,158.8733189314421
11420,115,1,20,145.02401330185876
11421,115,1,21,115.56646664533105
11422,115,1,22,105.25072937436573
11423,115,1,23,165.8774641963316
11424,115,1,24,155.74841827047382
11425,115,1,25,205.4677636017058
11426,115,1,26,139.96860631822176
11427,115,1,27,105.49155714328452
11428,115,1,28,143.79342513382997
11429,115,1,29,140.7121578902238
11430,115,1,30,135.52851166166042
11431,115,1,31,155.80726044650268
11432,115,1,32,147.96231110591026
11433,115,1,33,110.94394497566688
11434,115,1,34,137.98583298802984
11435,115,1,35,153.31718448344853
11436,115,1,36,146.44484240230983
11437,115,1,37,154.94855777856085
11438,115,1,38,165.37994463565505
11439,115,1,39,162.44063762473218
11440,115,1,40,139.467018940233
11441,115,1,41,159.32682707496713
11442,115,1,42,204.98914737119068
11443,115,1,43,153.35838484497103
11444,115,1,44,151.1721551212743
11445,115,1,45,169.2542264730976
11446,115,1,46,119.4046594485068
11447,115,1,47,111.66636074226909
11448,115,1,48,148.23322105231108
11449,115,1,49,164.92937670765355
11450,115,1,50,165.50755778901504
11451,115,1,51,115.67026618022578
11452,115,1,52,112.8899560805252
11453,115,1,53,148.5531322736847
11454,115,1,54,104.49914592941396
11455,115,1,55,143.07512027239372
11456,115,1,56,196.73658277439503
11457,115,1,57,127.17283502677626
11458,115,1,58,137.09265099822204
11459,115,1,59,151.66469237809864
11460,115,1,60,141.53603507602136
11461,115,1,61,137.28926302820295
11462,115,1,62,152.18864513933676
11463,115,1,63,175.18974392011913
11464,115,1,64,176.04502270148566
11465,115,1,65,112.30643433031445
11466,115,1,66,184.52290333517357
11467,115,1,67,186.41407455833618
11468,115,1,68,175.86763739289236
11469,115,1,69,176.4384675630149
11470,115,1,70,158.79393317762222
11471,115,1,71,150.8734961363881
11472,115,1,72,149.2675927744289
11473,115,1,73,127.68037375324118
11474,115,1,74,156.18123551950728
11475,115,1,75,147.83482154488266
11476,115,1,76,115.9970512023734
11477,115,1,77,163.99012920388458
11478,115,1,78,135.13552903834713
11479,115,1,79,174.2424143273639
11480,115,1,80,188.67703795217392
11481,115,1,81,198.38743566385716
11482,115,1,82,163.08038001959804
11483,115,1,83,140.68749438307978
11484,115,1,84,126.79961756438455
11485,115,1,85,147.83397232361264
11486,115,1,86,139.531909000253
11487,115,1,87,204.90418440631794
11488,115,1,88,150.61699730232556
11489,115,1,89,128.71853870344276
11490,115,1,90,141.02578808257928
11491,115,1,91,175.74878771684376
11492,115,1,92,191.04642779213464
11493,115,1,93,158.821675805763
11494,115,1,94,176.13904558328178
11495,115,1,95,164.93030333310224
11496,115,1,96,105.64901565793849
11497,115,1,97,126.87753722653675
11498,115,1,98,119.30680897355373
11499,115,1,99,149.3277447565716
11500,115,2,0,69.19680717243666
11501,115,2,1,77.63115367015772
11502,115,2,2,211.5386946234511
11503,115,2,3,125.04832966398745
11504,115,2,4,78.98027966615825
11505,115,2,5,90.27255225640273
11506,115,2,6,91.81252758348703
11507,115,2,7,175.055011597438
11508,115,2,8,124.42189479447538
11509,115,2,9,84.69837100274637
11510,115,2,10,62.74758837378749
11511,115,2,11,100.97961510704026
11512,115,2,12,113.30218367588559
11513,115,2,13,95.06249583979722
11514,115,2,14,382.03485405520775
11515,115,2,15,108.70081918799495
11516,115,2,16,72.45026080895805
11517,115,2,17,82.65501173668471
11518,115,2,18,365.0788700482175
11519,115,2,19,173.7599881048663
11520,115,2,20,179.893861721334
11521,115,2,21,140.26357891571323
11522,115,2,22,132.5176650016359
11523,115,2,23,113.25638504591157
11524,115,2,24,103.37910162430786
11525,115,2,25,98.57152159219781
11526,115,2,26,65.67579041224145
11527,115,2,27,67.51393864396226
11528,115,2,28,97.30492847600561
11529,115,2,29,165.24296757557252
11530,115,2,30,143.37444293442059
11531,115,2,31,105.84553958475804
11532,115,2,32,134.22593998035765
11533,115,2,33,68.24622345425368
11534,115,2,34,108.94686091258411
11535,115,2,35,101.48440950849582
11536,115,2,36,111.45873539650749
11537,115,2,37,70.79450839401834
11538,115,2,38,146.68938791082934
11539,115,2,39,91.1052914177476
11540,115,2,40,83.0184939841355
11541,115,2,41,73.20999917454273
11542,115,2,42,74.73273235863964
11543,115,2,43,166.05923780649212
11544,115,2,44,93.78569985628249
11545,115,2,45,141.22679970996884
11546,115,2,46,168.34017836211657
11547,115,2,47,66.30034934076558
11548,115,2,48,138.1387991224939
11549,115,2,49,176.7614534016293
11550,115,2,50,69.79775806579512
11551,115,2,51,120.11312350772799
11552,115,2,52,176.31026278098722
11553,115,2,53,103.56755891866997
11554,115,2,54,72.09206481632503
11555,115,2,55,167.93600639585833
11556,115,2,56,117.00576604822346
11557,115,2,57,75.3093374940001
11558,115,2,58,162.49464322097546
11559,115,2,59,103.80713950099836
11560,115,2,60,81.27192610484656
11561,115,2,61,89.67391268526826
11562,115,2,62,103.20798942882854
11563,115,2,63,164.8684042408856
11564,115,2,64,134.5399769174135
11565,115,2,65,81.400375257421
11566,115,2,66,110.81859317171336
11567,115,2,67,215.22742782642246
11568,115,2,68,117.07787775110451
11569,115,2,69,164.49835129081663
11570,115,2,70,78.85920244953743
11571,115,2,71,76.85230673844828
11572,115,2,72,98.05943721769687
11573,115,2,73,149.46113691624876
11574,115,2,74,95.59843973307224
11575,115,2,75,110.01572089120954
11576,115,2,76,101.00627726260308
11577,115,2,77,90.38229617811196
11578,115,2,78,102.30692431264991
11579,115,2,79,68.82418634827752
11580,115,2,80,114.13148064207141
11581,115,2,81,111.10988733684032
11582,115,2,82,199.74019758233302
11583,115,2,83,75.9608217871442
11584,115,2,84,137.66286621723498
11585,115,2,85,164.67093406735404
11586,115,2,86,371.6539186440786
11587,115,2,87,146.3087346545849
11588,115,2,88,160.10937987614696
11589,115,2,89,77.60975647045186
11590,115,2,90,109.71603162214565
11591,115,2,91,83.06686168426276
11592,115,2,92,93.56580554714508
11593,115,2,93,68.55731737052749
11594,115,2,94,76.43475724467906
11595,115,2,95,83.34030763678776
11596,115,2,96,381.65998325218715
11597,115,2,97,80.4785016276475
11598,115,2,98,62.15011138317001
11599,115,2,99,63.3614131962161
11600,115,3,0,527.1573108808408
11601,115,3,1,294.3475165066926
11602,115,3,2,316.784824459279
11603,115,3,3,525.0853386527957
11604,115,3,4,525.5808821229165
11605,115,3,5,524.6656937882682
11606,115,3,6,506.3455420527705
11607,115,3,7,521.355302440195
11608,115,3,8,527.7445070255593
11609,115,3,9,529.8753858545527
11610,115,3,10,535.0869764879969
11611,115,3,11,528.9346305100034
11612,115,3,12,382.9886962556512
11613,115,3,13,204.76282877600107
11614,115,3,14,366.78316013582764
11615,115,3,15,361.8996563000145
11616,115,3,16,525.1214978709696
11617,115,3,17,527.6031190365944
11618,115,3,18,529.3847431050743
11619,115,3,19,522.8997357004283
11620,115,3,20,522.1008574881207
11621,115,3,21,494.12326770579716
11622,115,3,22,536.1150813686113
11623,115,3,23,343.1459738754886
11624,115,3,24,534.321341687069
11625,115,3,25,535.3108989306088
11626,115,3,26,528.1180813421395
11627,115,3,27,345.57144494968134
11628,115,3,28,521.4941603453502
11629,115,3,29,536.2531886204349
11630,115,3,30,528.3433973322046
11631,115,3,31,503.79307502596606
11632,115,3,32,534.0972393476453
11633,115,3,33,505.18814062993835
11634,115,3,34,535.7979409421881
11635,115,3,35,360.9048860593679
11636,115,3,36,534.0923988722212
11637,115,3,37,354.32614873674055
11638,115,3,38,523.4624291637211
11639,115,3,39,369.50139219783387
11640,115,3,40,527.159697171595
11641,115,3,41,225.9835928483807
11642,115,3,42,362.38707310413105
11643,115,3,43,533.0257891240595
11644,115,3,44,527.6574873859258
11645,115,3,45,527.9135029576092
11646,115,3,46,529.5147314347286
11647,115,3,47,300.8389246978577
11648,115,3,48,529.5293368569506
11649,115,3,49,525.3900592551598
11650,115,3,50,529.0200525037218
11651,115,3,51,530.0543962634771
11652,115,3,52,515.0730970878872
11653,115,3,53,527.4398079691621
11654,115,3,54,532.0225803373339
11655,115,3,55,524.4509462744462
11656,115,3,56,508.51304243555165
11657,115,3,57,521.5279773834707
11658,115,3,58,523.3921280042244
11659,115,3,59,517.2581420704918
11660,115,3,60,364.3849849000206
11661,115,3,61,527.8622023207334
11662,115,3,62,519.9759114588292
11663,115,3,63,525.1704262702798
11664,115,3,64,530.3695114470147
11665,115,3,65,520.6408662980358
11666,115,3,66,526.0618402220009
11667,115,3,67,525.0001693686714
11668,115,3,68,502.83262892553955
11669,115,3,69,524.7227105540835
11670,115,3,70,527.2464758913834
11671,115,3,71,524.5500188499819
11672,115,3,72,536.8082261609705
11673,115,3,73,345.4913693186485
11674,115,3,74,516.7401964888417
11675,115,3,75,363.9680272347069
11676,115,3,76,529.6137901303912
11677,115,3,77,363.06913765276056
11678,115,3,78,535.090347193132
11679,115,3,79,526.5631882510376
11680,115,3,80,519.0975050188283
11681,115,3,81,526.6586847670906
11682,115,3,82,527.604774736997
11683,115,3,83,521.5306215697761
11684,115,3,84,536.3507817895362
11685,115,3,85,532.0938807663571
11686,115,3,86,536.8189815305639
11687,115,3,87,529.9800208034886
11688,115,3,88,529.2580632194288
11689,115,3,89,532.696585948045
11690,115,3,90,522.8684887287925
11691,115,3,91,529.5740755592367
11692,115,3,92,523.0765383137451
11693,115,3,93,528.9956926071964
11694,115,3,94,535.5506193025969
11695,115,3,95,523.9947296890819
11696,115,3,96,520.850896442542
11697,115,3,97,526.8722494628117
11698,115,3,98,523.1151265511508
11699,115,3,99,342.86159027970984
11700,118,1,0,397.91700720591814
11701,118,1,1,346.60269965068204
11702,118,1,2,289.2488220807307
11703,118,1,3,373.01616605603266
11704,118,1,4,284.1381215831353
11705,118,1,5,385.09231434913147
11706,118,1,6,395.5439773974398
11707,118,1,7,358.8405062749626
11708,118,1,8,445.16760915565914
11709,118,1,9,309.4244519417833
11710,118,1,10,299.861286532408
11711,118,1,11,439.0265853426496
11712,118,1,12,322.1296227326011
11713,118,1,13,314.7151759899805
11714,118,1,14,310.6045092978911
11715,118,1,15,394.84152632152893
11716,118,1,16,346.0238147304124
11717,118,1,17,329.2440453190483
11718,118,1,18,391.71301274346814
11719,118,1,19,263.5467739036867
11720,118,1,20,258.6114687772926
11721,118,1,21,291.3861804530037
11722,118,1,22,303.1096901272601
11723,118,1,23,268.7047003832247
11724,118,1,24,284.63105095725325
11725,118,1,25,430.5110850048426
11726,118,1,26,273.87562088355367
11727,118,1,27,353.2163101090415
11728,118,1,28,390.20172942223127
11729,118,1,29,284.2060184774669
11730,118,1,30,451.7601753580811
11731,118,1,31,347.87365196461496
11732,118,1,32,244.38042067530978
11733,118,1,33,291.3997571231844
11734,118,1,34,345.9090443234119
11735,118,1,35,273.2669359730436
11736,118,1,36,392.3025159545344
11737,118,1,37,277.2600933618141
11738,118,1,38,378.4406366431772
11739,118,1,39,249.94335680184722
11740,118,1,40,311.13380531011427
11741,118,1,41,278.0456042343238
11742,118,1,42,332.2736043482563
11743,118,1,43,366.44305032010067
11744,118,1,44,324.49103982715695
11745,118,1,45,361.19399003022903
11746,118,1,46,373.51294304304344
11747,118,1,47,371.6604012815181
11748,118,1,48,423.6235764497382
11749,118,1,49,296.3093187678384
11750,118,1,50,256.5352405917637
11751,118,1,51,273.49931967012725
11752,118,1,52,307.6859749150176
11753,118,1,53,283.0436510757986
11754,118,1,54,303.7797962842761
11755,118,1,55,323.339613025233
11756,118,1,56,411.51398399593614
11757,118,1,57,366.8062636021799
11758,118,1,58,387.0658187601445
11759,118,1,59,257.34807967339685
11760,118,1,60,262.2854602663352
11761,118,1,61,332.4955478527911
11762,118,1,62,285.98762694067415
11763,118,1,63,327.36343173102154
11764,118,1,64,271.9592917969619
11765,118,1,65,437.68760323790036
11766,118,1,66,439.870466630924
11767,118,1,67,324.03611723886377
11768,118,1,68,273.21933318001714
11769,118,1,69,322.7597979236555
11770,118,1,70,246.16095586196218
11771,118,1,71,349.65749464114486
11772,118,1,72,354.4472040326769
11773,118,1,73,299.75442395034327
11774,118,1,74,320.4410983281095
11775,118,1,75,354.2012109864127
11776,118,1,76,363.6488879112915
11777,118,1,77,331.2777750391429
11778,118,1,78,312.3679293072727
11779,118,1,79,265.0857038892807
11780,118,1,80,269.8608188186956
11781,118,1,81,288.901752989839
11782,118,1,82,310.19644285537566
11783,118,1,83,326.0042285971588
11784,118,1,84,376.78861836800985
11785,118,1,85,437.03247652222547
11786,118,1,86,354.14074010441993
11787,118,1,87,417.61901708631035
11788,118,1,88,254.72836905030957
11789,118,1,89,364.3198786564466
11790,118,1,90,367.89024884202877
11791,118,1,91,248.76552796383183
11792,118,1,92,258.1903801749837
11793,118,1,93,340.5961874189351
11794,118,1,94,282.6181663690383
11795,118,1,95,327.0571147874082
11796,118,1,96,269.50520074500787
11797,118,1,97,315.53479248313425
11798,118,1,98,355.37739483510563
11799,118,1,99,271.25761747054025
11800,118,2,0,278.7352886068365
11801,118,2,1,331.7828541995574
11802,118,2,2,321.4286563138785
11803,118,2,3,260.9557045882019
11804,118,2,4,305.5269799479185
11805,118,2,5,266.6504969631859
11806,118,2,6,289.4474736558083
11807,118,2,7,261.31451817497634
11808,118,2,8,305.4659865873909
11809,118,2,9,267.9219419244727
11810,118,2,10,279.95095798865896
11811,118,2,11,273.9069867434557
11812,118,2,12,316.97833118351855
11813,118,2,13,331.7115446914542
11814,118,2,14,274.1301526763669
11815,118,2,15,314.12028864008806
11816,118,2,16,264.3431967155567
11817,118,2,17,335.138951096003
11818,118,2,18,353.9085858123105
11819,118,2,19,261.0326659570114
11820,118,2,20,263.87533084611374
11821,118,2,21,254.16655717414937
11822,118,2,22,246.7474321866617
11823,118,2,23,289.30076235427026
11824,118,2,24,277.28324910928825
11825,118,2,25,276.853374800141
11826,118,2,26,246.6499259444705
11827,118,2,27,253.4573119004828
11828,118,2,28,261.0607252478463
11829,118,2,29,305.6578238231781
11830,118,2,30,260.24930139757345
11831,118,2,31,264.2922356791272
11832,118,2,32,285.4269740793507
11833,118,2,33,320.3489916264303
11834,118,2,34,353.00817972035276
11835,118,2,35,296.17543595838754
11836,118,2,36,307.79495976672075
11837,118,2,37,347.4238159088049
11838,118,2,38,276.14166627140645
11839,118,2,39,245.6607382394749
11840,118,2,40,291.86708141114184
11841,118,2,41,289.4182139582275
11842,118,2,42,267.8511984808454
11843,118,2,43,353.5581041898037
11844,118,2,44,260.205909998841
11845,118,2,45,332.6448878335156
11846,118,2,46,280.89744004486306
11847,118,2,47,298.21954171616
11848,118,2,48,299.39425078503183
11849,118,2,49,333.38295267866664
11850,118,2,50,286.9829151208167
11851,118,2,51,260.9112160820463
11852,118,2,52,336.22850697636414
11853,118,2,53,264.38244370540957
11854,118,2,54,268.68287899271036
11855,118,2,55,352.0684717534911
11856,118,2,56,281.14523102113486
11857,118,2,57,345.587258284173
11858,118,2,58,253.51481903427307
11859,118,2,59,338.66917507533316
11860,118,2,60,315.7071866721165
11861,118,2,61,277.79873142970933
11862,118,2,62,285.1406670137381
11863,118,2,63,300.84308950597995
11864,118,2,64,338.11247096200583
11865,118,2,65,303.1069813029828
11866,118,2,66,302.57936928700957
11867,118,2,67,268.08708551730314
11868,118,2,68,283.87869219994894
11869,118,2,69,291.90804269256415
11870,118,2,70,339.18339691659185
11871,118,2,71,261.1934159882761
11872,118,2,72,331.7787053759279
11873,118,2,73,287.2544167235012
11874,118,2,74,339.54179656241377
11875,118,2,75,302.3000461547526
11876,118,2,76,246.42648412385665
11877,118,2,77,281.9914469042027
11878,118,2,78,312.350106382675
11879,118,2,79,313.0422028577025
11880,118,2,80,280.0527815629674
11881,118,2,81,287.719243396983
11882,118,2,82,258.48404705934854
11883,118,2,83,275.93057410038364
11884,118,2,84,346.93355826910573
11885,118,2,85,315.5893553943819
11886,118,2,86,256.32735364846565
11887,118,2,87,326.30580713836173
11888,118,2,88,303.43769268086
11889,118,2,89,247.46008853130553
11890,118,2,90,310.2306853786582
11891,118,2,91,337.2514513784485
11892,118,2,92,313.02638617318655
11893,118,2,93,338.97742783119054
11894,118,2,94,314.0252658991348
11895,118,2,95,258.95039783846187
11896,118,2,96,338.98074252087304
11897,118,2,97,331.78287759409403
11898,118,2,98,259.89041364872884
11899,118,2,99,353.17190444321307
11900,118,3,0,424.4553999682572
11901,118,3,1,442.38737934865276
11902,118,3,2,411.7315458046339
11903,118,3,3,473.3007355621538
11904,118,3,4,462.7365547462383
11905,118,3,5,488.85063519876525
11906,118,3,6,443.10045077013206
11907,118,3,7,438.8390520256324
11908,118,3,8,425.8360042368515
11909,118,3,9,434.87350334561427
11910,118,3,10,424.74211668558706
11911,118,3,11,473.3915503907025
11912,118,3,12,440.9366039008494
11913,118,3,13,487.8226754433299
11914,118,3,14,402.0985764130716
11915,118,3,15,455.4279042265042
11916,118,3,16,484.3715912237168
11917,118,3,17,487.0248638729531
11918,118,3,18,403.0940923145165
11919,118,3,19,446.3289208288473
11920,118,3,20,449.70739399778995
11921,118,3,21,480.7320453042533
11922,118,3,22,494.5293383063063
11923,118,3,23,445.17453874978025
11924,118,3,24,427.64402464864867
11925,118,3,25,427.5333982661643
11926,118,3,26,444.15947257324626
11927,118,3,27,453.49687050584635
11928,118,3,28,452.09820484921676
11929,118,3,29,425.108767139813
11930,118,3,30,490.06219579782237
11931,118,3,31,443.76975078037077
11932,118,3,32,451.53348700579363
11933,118,3,33,429.9588790156199
11934,118,3,34,448.1575071469858
11935,118,3,35,409.56423624684277
11936,118,3,36,408.99807692016805
11937,118,3,37,486.29369158039646
11938,118,3,38,458.2365276877928
11939,118,3,39,472.74206322006256
11940,118,3,40,432.2805434986487
11941,118,3,41,488.52676037845026
11942,118,3,42,456.01343578526945
11943,118,3,43,453.93312203560106
11944,118,3,44,473.3481300339259
11945,118,3,45,480.03748447330065
11946,118,3,46,428.3865651320759
11947,118,3,47,455.0592919437099
11948,118,3,48,482.19316823332866
11949,118,3,49,480.6729577541833
11950,118,3,50,395.6163795805871
11951,118,3,51,412.56345341506477
11952,118,3,52,472.4695464107426
11953,118,3,53,455.5402393041075
11954,118,3,54,473.3041672671327
11955,118,3,55,447.9459016593152
11956,118,3,56,408.5169268556409
11957,118,3,57,395.7162701037576
11958,118,3,58,434.34537631081525
11959,118,3,59,480.5739717746522
11960,118,3,60,447.90171149046506
11961,118,3,61,402.1390033897478
11962,118,3,62,458.64182223709497
11963,118,3,63,447.8485178310986
11964,118,3,64,402.01871949079873
11965,118,3,65,427.46373612084847
11966,118,3,66,471.56134399076336
11967,118,3,67,410.1529319431828
11968,118,3,68,424.1591739856063
11969,118,3,69,432.8287041832836
11970,118,3,70,447.2688859110085
11971,118,3,71,501.60606900242334
11972,118,3,72,470.30971730802486
11973,118,3,73,410.0172573039139
11974,118,3,74,432.51062052091646
11975,118,3,75,485.7281935841736
11976,118,3,76,467.65556651934304
11977,118,3,77,462.98819468972175
11978,118,3,78,466.09186958329866
11979,118,3,79,449.07339786611936
11980,118,3,80,451.394456660173
11981,118,3,81,437.6131861211173
11982,118,3,82,437.960661213764
11983,118,3,83,430.61960766990563
11984,118,3,84,441.7728094990684
11985,118,3,85,468.5616150204997
11986,118,3,86,409.161470814566
11987,118,3,87,456.28451394791745
11988,118,3,88,445.5837458029104
11989,118,3,89,415.78367728140637
11990,118,3,90,459.69714654513473
11991,118,3,91,409.88152749110964
11992,118,3,92,482.272911250661
11993,118,3,93,453.2592814822902
11994,118,3,94,466.88377558106646
11995,118,3,95,465.9688776049704
11996,118,3,96,454.8976080212175
11997,118,3,97,407.4688364316163
11998,118,3,98,447.96407274411587
11999,118,3,99,416.97409260783826
